14052.099609
14567.230469
14461.019531
13904.849609
14000.110352
13698.400391
13094.540039
12834.650391
12831.509766
13847.929688
13442.099609
13628.110352
13929.110352
13917.269531
14440.740234
14388.059570
14413.089844
14326.969727
14473.200195
14283.650391
14273.790039
14305.759766
14417.370117
14820.330078
14606.049805
14414.750000
14446.480469
14518.160156
14424.360352
14151.690430
14078.150391
14283.669922
14192.780273
14124.950195
14076.440430
14163.849609
14153.459961
14362.030273
14502.410156
14142.089844
13924.169922
13756.400391
13793.940430
13979.839844
14097.879883
13939.070312
14039.469727
13970.820312
13902.519531
13674.290039
13380.669922
13534.740234
13828.639648
13739.639648
14027.929688
13964.379883
14185.940430
14007.759766
13882.299805
13981.910156
14175.400391
13919.750000
14007.929688
14231.290039
14462.190430
14575.980469
14388.349609
14340.469727
14485.169922
14460.089844
14653.809570
14556.620117
14445.990234
14198.799805
13761.830078
13427.030273
13304.389648
13485.290039
13038.490234
13126.259766
13265.599609
13292.400391
13144.280273
12912.589844
13118.129883
13186.070312
13231.820312
13003.349609
12783.769531
12813.030273
12773.379883
12401.200195
12594.519531
12843.219727
13015.230469
12832.440430
12905.480469
12756.320312
12519.660156
12864.719727
12959.809570
13308.410156
13281.980469
13246.639648
13253.679688
13210.320312
13096.929688
13166.379883
13282.110352
13484.049805
13479.629883
13449.200195
13587.559570
13662.679688
13573.929688
13687.690430
13534.969727
13700.929688
13694.509766
13795.849609
13816.610352
13910.120117
13626.709961
13697.410156
13544.519531
13230.570312
13194.230469
13220.059570
13271.959961
12971.469727
12892.990234
12961.139648
12834.959961
12630.230469
13050.269531
12760.780273
12871.440430
12915.969727
12904.320312
13088.209961
13402.269531
13188.950195
13028.000000
12956.660156
12741.259766
12803.240234
12670.830078
12767.150391
12531.629883
12284.190430
12227.919922
12139.679688
12183.280273
11975.549805
12114.360352
12209.480469
12670.480469
12517.179688
12470.780273
12273.000000
12272.940430
12220.250000
12172.259766
12355.580078
12437.809570
12649.030273
12765.610352
12741.410156
12767.410156
12730.900391
12931.450195
13052.959961
13195.809570
13211.230469
13243.330078
13253.740234
13338.740234
13256.740234
13130.190430
13459.849609
13533.519531
13688.750000
13666.320312
14146.089844
14224.860352
14313.299805
14378.509766
14234.030273
14266.379883
14431.860352
14379.929688
14422.349609
14427.589844
14539.559570
14541.379883
14383.360352
14355.450195
14397.040039
14490.299805
14529.389648
14447.610352
14343.190430
14261.190430
14264.559570
14370.719727
14306.629883
14497.889648
14460.200195
13986.230469
13893.070312
13942.870117
13884.660156
14097.820312
13914.070312
13940.929688
13995.099609
13925.599609
14071.719727
13923.589844
14069.259766
14181.669922
14490.780273
14436.309570
14610.019531
14792.830078
14774.599609
14947.910156
15058.299805
15086.519531
15134.040039
15187.070312
15181.799805
14920.360352
15033.559570
15102.950195
15093.110352
15081.639648
15132.849609
15150.030273
15126.080078
15128.269531
15180.740234
15509.190430
15476.429688
15345.910156
15320.879883
15412.049805
15523.419922
15307.980469
15397.339844
15380.559570
15506.339844
15533.639648
15482.000000
15477.549805
15397.620117
15399.889648
15475.690430
15209.740234
