15259.500000
15173.910000
15165.820000
15151.320000
15129.480000
15069.200000
15065.270000
15136.220000
15107.820000
15265.030000
15320.180000
15319.240000
15345.510000
15349.890000
15349.170000
15346.550000
15368.950000
15296.750000
15463.240000
15383.440000
15441.550000
15435.000000
15433.330000
15438.830000
15469.220000
15483.360000
15491.720000
15630.010000
15660.230000
15660.230000
15667.080000
15626.230000
15624.520000
15613.780000
15654.530000
15651.250000
15562.140000
15521.040000
15566.690000
15505.720000
15533.160000
15522.190000
15525.340000
15549.030000
15529.660000
15699.010000
15672.620000
15665.560000
15629.620000
15589.560000
15594.470000
15563.310000
15596.580000
15590.930000
15542.030000
15469.640000
15469.510000
15403.910000
15387.640000
15413.660000
15372.150000
15346.410000
15281.230000
15357.000000
15394.900000
15396.880000
15407.140000
15401.130000
15390.530000
15374.050000
15342.040000
15378.190000
15434.330000
15413.470000
15392.070000
15340.980000
15319.090000
15323.530000
15308.840000
15291.900000
15266.040000
15041.600000
15139.610000
15132.550000
15143.250000
15160.160000
15239.630000
15206.510000
15147.350000
15141.970000
15061.860000
15112.220000
15117.990000
15152.850000
15160.190000
15125.260000
15156.210000
15172.330000
15048.450000
15055.400000
15018.560000
15085.650000
15110.670000
15089.100000
15109.810000
15108.680000
15090.250000
15177.230000
15040.100000
14920.430000
14891.880000
14848.780000
14853.280000
14921.030000
14946.700000
14961.890000
15016.630000
15162.750000
15150.490000
15140.080000
15149.860000
15166.970000
15179.730000
15171.110000
15207.690000
15247.400000
15242.760000
15212.260000
15210.980000
15215.040000
15231.860000
15235.830000
15241.820000
15227.830000
15215.180000
15115.460000
15156.300000
15180.540000
15188.810000
15130.590000
15127.670000
15144.850000
15183.210000
15183.870000
15025.350000
15093.710000
15119.670000
15154.900000
15165.610000
15139.840000
15144.450000
15132.170000
15124.000000
15130.800000
15192.900000
15257.460000
15254.190000
15255.420000
15263.460000
15235.580000
15267.780000
15242.060000
15350.720000
15329.610000
15355.260000
15380.570000
15382.310000
15391.010000
15429.810000
15435.160000
15450.760000
15481.220000
15474.370000
15492.920000
15516.010000
15497.360000
15519.630000
15562.770000
15587.270000
15573.580000
15518.590000
15517.510000
15511.390000
15504.530000
15490.530000
15488.430000
15440.740000
15460.020000
15472.520000
15510.990000
15470.870000
15472.140000
15481.080000
15499.510000
15498.420000
15496.290000
15503.120000
15516.970000
15473.560000
15515.140000
15544.390000
15530.670000
15537.010000
15511.220000
15472.830000
15473.650000
15515.780000
15408.800000
15507.560000
15495.790000
15519.950000
15509.640000
15513.220000
15512.410000
15498.640000
15498.110000
15507.990000
15535.790000
15563.740000
15567.660000
15593.290000
15608.030000
15584.280000
15598.980000
15581.170000
15580.580000
15560.740000
15567.760000
15579.280000
15575.120000
15589.810000
15596.020000
15587.980000
15596.930000
15652.910000
15732.200000
15759.990000
15742.050000
15750.970000
15743.080000
15760.340000
15758.520000
15766.240000
15725.400000
15727.540000
15686.200000
15703.470000
15694.150000
15695.270000
15705.280000
15718.790000
15707.100000
15681.520000
15692.050000
15681.600000
15696.000000
15689.560000
15662.400000
15644.920000
15658.980000
15669.360000
15579.900000
15608.380000
15566.890000
15565.410000
15562.620000
15585.190000
15601.190000
15632.850000
15648.940000
15764.550000
15832.650000
15829.860000
15818.920000
15806.420000
15790.580000
15781.420000
15796.100000
15814.790000
15825.270000
15866.700000
15876.900000
15887.170000
15893.380000
15913.360000
15957.100000
15925.630000
15935.840000
15957.150000
15942.060000
15947.680000
15949.670000
15966.010000
15943.000000
15940.410000
15952.190000
15949.100000
16035.900000
15999.300000
16023.910000
16048.960000
16035.280000
16037.520000
16050.740000
16045.850000
16039.440000
16011.570000
16019.290000
16054.320000
16058.590000
16073.930000
16073.630000
16040.850000
16036.130000
16018.830000
16042.930000
16057.090000
16026.740000
16064.460000
16084.250000
16079.320000
16089.280000
16080.900000
16082.660000
16034.200000
16054.130000
16053.000000
16019.540000
16039.980000
16020.530000
16010.720000
16025.180000
16028.810000
16059.770000
16063.590000
16067.340000
16050.720000
16092.870000
16085.080000
16084.570000
16078.240000
16097.450000
16076.370000
16076.990000
16100.080000
16099.270000
16096.230000
16113.350000
16114.910000
16101.500000
16101.940000
16086.130000
16089.780000
16109.410000
16098.910000
16119.880000
16123.010000
16113.300000
16130.750000
16129.800000
16119.550000
16122.070000
16174.310000
16159.490000
16194.540000
16193.420000
16231.140000
16221.740000
16226.860000
16254.130000
16236.100000
16248.320000
16278.190000
16266.700000
16265.640000
16266.200000
16264.890000
16264.330000
16260.470000
16267.390000
16262.290000
16281.220000
16243.290000
16255.180000
16259.160000
16252.590000
16243.370000
16231.700000
16217.640000
16269.220000
16264.680000
16201.170000
16231.610000
16167.640000
16136.090000
16137.760000
16196.950000
16145.250000
16188.540000
16175.820000
16163.560000
16177.640000
16149.470000
16136.740000
16113.300000
16145.330000
16163.650000
15987.200000
15915.960000
15940.240000
15967.610000
15999.300000
16017.900000
16000.950000
16034.220000
15921.650000
15942.280000
15947.840000
15874.840000
15813.380000
15844.220000
15816.020000
15765.830000
15804.930000
15871.070000
15928.380000
15944.130000
15929.440000
15905.860000
15907.510000
15893.160000
15877.460000
15913.810000
15917.100000
15383.900000
15483.180000
15458.490000
15459.720000
15458.430000
15437.280000
15428.700000
15395.520000
15358.120000
15418.280000
15306.030000
15300.220000
15364.490000
15351.790000
15369.340000
15381.530000
15374.930000
15270.850000
15117.630000
15092.400000
15084.410000
15069.110000
15081.220000
15118.560000
15219.990000
15218.210000
15149.470000
15233.370000
15269.880000
15338.830000
15320.780000
15351.260000
15388.340000
15405.420000
15383.220000
15433.590000
15300.730000
15319.620000
15344.420000
15312.830000
15267.680000
15232.240000
15200.540000
15291.270000
15285.980000
15422.900000
15323.170000
15286.120000
15238.830000
15306.630000
15308.640000
15308.940000
15197.710000
15142.010000
15323.200000
15288.010000
15191.460000
15187.150000
15246.450000
15246.550000
15291.600000
15319.850000
15401.240000
15546.700000
15659.010000
15683.310000
15708.480000
15705.210000
15702.350000
15698.540000
15760.820000
15811.290000
15781.050000
15807.490000
15775.370000
15698.990000
15778.400000
15735.920000
15726.230000
15711.420000
15692.760000
15705.930000
15687.630000
15682.220000
15653.540000
15644.120000
15639.130000
15625.220000
15638.390000
15641.020000
15572.690000
15593.990000
15590.990000
15605.730000
15669.850000
15637.360000
15674.160000
15641.210000
15631.830000
15653.570000
15751.060000
15779.510000
15760.460000
15784.970000
15769.810000
15743.850000
15667.790000
15635.410000
15680.350000
15658.280000
15608.220000
15609.810000
15615.300000
15617.760000
15535.260000
15535.020000
15458.500000
15503.640000
15512.980000
15503.260000
15503.110000
15496.520000
15502.740000
15509.660000
15470.820000
15488.620000
15708.940000
15736.380000
15717.430000
15741.910000
15766.180000
15730.370000
15689.890000
15646.180000
15671.690000
15599.750000
15570.780000
15542.110000
15521.260000
15522.070000
15465.490000
15501.810000
15468.020000
15541.780000
15152.560000
15126.160000
15146.670000
15240.750000
15281.670000
15230.340000
15229.090000
15257.550000
15232.330000
15379.080000
15349.490000
15306.360000
15366.640000
15409.540000
15411.820000
15432.270000
15420.200000
15426.690000
15474.840000
15459.350000
15451.360000
15482.360000
15480.860000
15459.780000
15456.160000
15500.370000
15539.030000
15660.780000
15663.210000
15655.680000
15677.150000
15695.020000
15689.970000
15694.320000
15742.530000
15753.630000
15705.530000
15785.310000
15785.780000
15780.080000
15775.900000
15799.590000
15819.320000
15808.030000
15841.990000
15839.190000
15945.970000
15948.770000
15942.470000
15934.070000
15962.050000
15938.820000
15958.190000
15954.460000
15952.470000
15943.120000
15933.060000
15914.890000
15905.810000
15878.120000
15863.730000
15841.950000
15847.060000
15837.560000
15859.160000
15869.320000
15841.820000
15867.490000
15872.870000
15884.860000
15884.860000
15884.860000
15947.440000
16014.400000
16001.430000
16031.920000
16030.180000
16059.060000
16045.190000
16009.650000
16033.050000
16069.800000
16055.660000
16078.050000
16122.860000
16143.470000
16166.260000
16186.970000
16191.460000
16131.670000
16177.440000
16183.990000
16236.210000
16249.620000
16264.630000
16269.970000
16272.650000
16233.090000
16259.680000
16076.160000
16105.520000
16100.460000
16127.560000
16085.480000
16081.240000
16097.330000
16023.250000
16049.710000
15999.020000
15956.430000
15993.450000
16021.200000
15981.250000
15986.310000
15934.950000
15966.970000
15895.160000
16006.440000
15889.060000
15916.300000
15922.000000
15920.150000
15844.650000
15871.960000
15804.690000
15748.980000
15918.820000
15925.260000
15961.460000
15948.620000
15943.870000
15942.980000
15923.350000
15924.290000
15917.790000
16054.930000
15979.910000
16037.770000
16010.000000
15970.170000
15995.140000
16007.850000
16045.340000
16008.870000
15959.830000
15984.350000
15998.300000
16009.500000
16003.940000
16026.670000
16069.430000
16039.360000
15980.320000
15929.370000
15907.310000
15939.100000
15927.580000
15927.470000
15852.660000
15856.980000
15946.940000
15895.730000
15948.900000
15934.460000
15941.340000
15937.660000
15949.500000
15955.000000
15938.510000
15949.200000
15944.750000
15839.150000
15769.560000
15712.620000
15753.930000
15773.210000
15780.200000
15795.500000
15787.310000
15809.440000
15639.450000
15754.000000
15803.990000
15818.120000
15839.800000
15843.680000
15881.050000
15890.450000
15810.360000
15837.240000
15793.470000
15796.200000
15808.800000
15832.490000
15829.420000
15840.580000
15874.110000
15901.280000
15694.820000
15695.620000
15690.180000
15697.550000
15635.220000
15572.520000
15558.480000
15521.520000
15557.410000
15499.610000
15435.520000
15427.710000
15329.030000
15313.820000
15274.920000
15166.440000
15064.930000
15062.850000
15139.070000
15081.900000
15161.770000
15091.130000
15100.830000
15106.470000
15083.970000
15020.600000
15107.720000
15273.060000
15381.170000
15443.560000
15452.330000
15497.100000
15479.290000
15511.470000
15510.490000
15423.200000
15229.980000
15319.870000
15399.940000
15342.330000
15399.860000
15426.660000
15523.460000
15563.430000
15528.020000
15411.860000
15341.590000
15301.490000
15240.500000
15236.110000
15153.100000
15231.880000
15217.460000
15288.330000
15506.790000
15546.240000
15496.790000
15410.860000
15376.710000
15406.930000
15380.720000
15465.830000
15482.740000
15620.560000
15662.580000
15570.130000
15606.030000
15635.150000
15658.200000
15653.910000
15640.460000
15610.640000
15689.160000
15651.500000
15730.250000
15681.080000
15682.760000
15674.410000
15650.070000
15631.720000
15643.350000
15565.940000
15579.660000
15521.900000
15535.860000
15563.460000
15566.880000
15450.090000
15414.880000
15427.490000
15410.730000
15260.600000
15241.530000
15192.300000
15108.200000
15172.240000
15089.250000
15108.130000
15087.720000
15220.080000
15164.640000
15112.230000
15091.360000
15125.390000
15148.940000
15168.140000
15217.110000
15247.550000
15221.700000
15293.510000
15284.400000
15226.240000
15191.600000
15184.550000
15191.600000
15193.380000
15214.290000
15356.950000
15442.700000
15465.560000
15480.900000
15469.940000
15480.050000
15495.340000
15496.210000
15504.200000
15597.060000
15522.400000
15507.130000
15518.630000
15532.380000
15565.370000
15471.070000
15515.770000
15528.270000
15353.860000
15341.310000
15355.760000
15427.080000
15430.210000
15435.910000
15463.010000
15445.460000
15438.970000
15065.730000
14874.370000
14883.430000
14956.710000
14935.390000
15095.080000
15087.110000
15069.500000
15059.390000
15077.320000
15269.760000
15323.110000
15334.680000
15381.930000
15389.460000
15356.770000
15366.960000
15404.770000
15431.270000
15472.530000
15439.110000
15427.750000
15409.000000
15399.240000
15375.870000
15344.380000
15361.980000
15404.140000
15367.810000
15366.220000
15396.970000
15379.020000
15393.220000
15272.350000
15218.990000
15238.950000
15278.660000
15297.910000
15271.470000
15242.400000
15237.390000
15248.320000
15131.170000
15128.490000
15053.920000
15186.630000
15113.400000
15047.500000
14994.130000
14962.190000
14840.970000
14751.110000
14750.010000
14792.580000
14365.060000
14611.910000
14527.990000
14722.150000
14708.900000
14716.010000
14708.210000
14772.400000
14685.550000
14754.220000
14833.080000
14833.260000
14828.110000
14764.780000
14830.960000
14838.850000
14732.930000
14630.610000
13989.410000
14110.670000
14064.980000
13960.010000
13964.630000
13892.640000
13883.560000
14002.910000
14030.960000
14230.090000
14073.960000
14148.470000
14267.040000
14254.350000
14413.550000
14490.480000
14425.620000
14492.900000
14263.730000
14212.120000
14214.100000
14243.020000
14212.000000
14308.320000
14222.160000
14328.230000
14428.100000
14404.220000
14297.570000
14175.820000
14165.540000
14051.230000
14063.140000
14169.890000
14143.760000
13992.890000
13836.930000
13751.410000
13933.040000
13928.660000
13978.040000
13943.400000
13898.390000
13962.600000
13980.010000
13990.250000
13928.290000
13903.410000
13860.000000
13871.490000
13899.330000
13994.220000
13901.890000
13734.890000
13485.980000
13367.710000
13219.270000
13224.980000
13248.160000
13282.530000
13236.460000
13233.410000
13143.220000
12614.080000
12574.760000
12640.860000
12642.360000
12784.730000
12851.570000
13003.120000
13002.930000
12851.370000
12673.890000
12970.300000
12999.830000
12919.740000
12960.690000
12938.880000
12937.480000
12875.530000
12900.720000
13215.060000
13333.010000
13439.840000
13463.850000
13418.010000
13508.370000
13475.320000
13598.350000
13779.600000
13819.440000
13566.050000
13579.540000
13532.810000
13437.960000
13362.370000
13438.880000
13620.380000
13471.410000
13479.690000
13532.570000
13596.040000
13530.250000
13859.390000
13798.710000
13887.160000
13730.600000
13716.670000
13827.220000
13907.680000
14052.420000
14008.760000
13871.970000
13928.780000
13932.670000
14025.500000
13948.820000
13768.440000
13612.090000
13653.780000
13741.190000
13762.770000
13844.410000
13855.650000
13906.360000
13843.020000
14245.770000
14262.650000
14211.160000
14358.300000
14390.200000
14287.390000
14291.580000
14472.020000
14407.380000
14500.050000
14428.570000
14408.700000
14396.410000
14335.960000
14293.900000
14333.530000
14274.970000
14300.440000
14374.410000
14329.060000
14282.450000
14228.680000
14135.330000
14237.780000
14294.930000
14348.980000
14367.340000
14385.820000
14402.730000
14407.370000
14413.470000
14417.220000
14406.780000
14360.400000
14376.910000
14365.560000
14365.670000
14429.370000
14483.180000
14449.040000
14422.300000
14434.490000
14465.750000
14480.600000
14467.790000
14532.840000
14510.950000
14432.950000
14423.290000
14354.200000
14287.140000
14259.580000
14281.270000
14284.710000
14305.800000
14317.880000
14256.590000
14216.260000
14270.350000
14257.740000
14219.480000
14235.290000
14293.200000
14332.260000
14305.670000
14338.740000
14362.010000
14414.220000
14394.800000
14352.990000
14401.150000
14285.000000
14376.000000
14483.520000
14527.990000
14531.560000
14556.550000
14616.700000
14525.520000
14512.230000
14490.000000
14592.740000
14586.750000
14595.600000
14691.300000
14701.340000
14799.060000
14874.430000
14828.010000
14780.090000
14712.320000
14668.210000
14628.910000
14648.140000
14624.670000
14614.340000
14604.190000
14597.640000
14585.360000
14674.830000
14650.450000
14600.490000
14586.940000
14567.500000
14555.240000
14569.830000
14483.410000
14484.780000
14447.780000
14436.650000
14445.040000
14483.640000
14462.470000
14475.740000
14454.850000
14468.080000
14474.830000
14503.960000
14395.070000
14377.210000
14471.590000
14452.580000
14449.870000
14437.170000
14497.780000
14516.690000
14504.800000
14577.940000
14547.370000
14469.590000
14452.590000
14472.900000
14405.930000
14440.810000
14403.800000
14402.160000
14254.370000
14250.360000
14242.300000
14208.740000
14132.310000
14117.020000
14054.780000
14094.990000
14187.130000
14157.710000
14213.400000
14229.740000
14226.260000
14231.930000
14191.660000
14200.400000
14118.170000
14275.870000
14301.480000
14251.590000
14275.640000
14266.510000
14267.950000
14226.180000
14189.970000
14282.030000
14162.970000
14229.430000
14178.580000
14211.970000
14246.120000
14183.590000
14169.350000
14226.080000
14199.310000
13956.560000
13961.850000
14032.680000
14034.210000
14057.020000
14077.460000
14161.570000
14165.400000
14090.310000
14062.700000
14050.790000
14085.160000
13980.660000
14022.130000
13999.800000
13972.160000
14022.550000
14035.970000
14098.480000
14108.310000
14102.910000
14072.860000
14100.570000
14134.060000
14150.940000
14144.810000
14162.110000
14057.430000
14100.220000
14041.160000
14015.630000
14050.750000
14063.390000
14068.010000
14133.360000
14166.530000
14154.480000
14197.150000
14211.170000
14309.490000
14321.980000
14327.610000
14337.730000
14324.090000
14349.040000
14376.050000
14506.640000
14510.530000
14523.410000
14592.050000
14585.560000
14584.290000
14548.440000
14515.640000
14320.510000
14339.930000
14301.720000
14225.460000
14225.300000
14251.830000
14292.510000
14211.000000
14177.140000
13908.050000
13954.500000
13884.990000
13903.650000
13898.660000
13965.250000
14031.290000
13950.750000
13928.680000
14087.080000
14056.830000
14089.270000
14099.550000
14074.500000
14067.590000
14055.450000
13986.230000
13850.230000
13760.220000
13768.280000
13781.060000
13826.880000
13831.390000
13781.600000
13768.080000
13800.230000
13737.490000
13907.060000
14005.770000
14069.000000
14014.870000
13982.590000
13998.690000
13990.720000
13909.320000
13902.240000
14095.930000
14135.080000
14163.150000
14119.790000
14043.560000
14088.810000
14123.510000
14182.290000
14091.840000
13996.820000
13810.440000
13929.320000
13984.620000
14002.540000
13930.490000
13963.550000
13977.300000
13945.130000
13958.920000
14031.430000
14017.660000
14015.230000
13945.950000
13973.010000
13971.250000
13952.870000
13974.560000
14020.900000
14031.850000
14012.830000
14009.340000
14028.750000
14025.760000
14019.530000
14046.610000
14004.180000
14282.770000
14233.690000
14163.510000
14159.810000
14181.330000
14193.910000
14152.870000
14069.580000
13965.050000
13832.650000
13791.730000
13760.580000
13776.720000
13739.490000
13709.580000
13707.150000
13600.580000
13718.260000
13624.920000
13585.000000
13560.330000
13545.620000
13421.690000
13480.410000
13493.000000
13518.030000
13464.220000
13550.020000
13542.190000
13575.250000
13554.670000
13563.960000
13560.640000
13681.310000
13701.650000
13584.440000
13587.290000
13579.640000
13653.900000
13670.200000
13717.650000
13725.240000
13530.350000
13748.710000
13776.080000
13512.130000
13610.260000
13527.270000
13507.090000
13555.630000
13505.160000
13526.180000
13602.190000
13750.190000
13837.420000
13845.500000
13903.970000
13897.860000
13934.750000
13951.470000
13942.050000
13940.990000
13976.690000
13986.170000
13940.540000
14039.160000
13950.850000
13942.190000
13924.220000
13931.400000
13892.130000
13911.110000
14072.670000
14118.400000
14142.520000
14192.020000
14186.520000
14176.010000
14168.040000
14147.410000
14134.400000
14197.180000
14165.220000
14181.390000
14218.110000
14188.950000
14151.490000
14099.930000
14053.940000
14078.330000
13822.350000
13765.870000
13725.060000
13706.510000
13753.970000
13801.120000
13759.860000
13773.980000
13865.200000
13968.260000
14068.720000
14112.140000
14156.290000
14148.680000
14147.230000
14117.450000
14099.360000
13959.080000
14179.840000
14159.190000
14068.310000
14047.030000
14111.690000
14095.620000
14080.450000
14092.010000
14111.490000
14043.220000
14037.360000
14013.060000
14061.570000
14060.610000
14047.340000
14061.340000
14021.760000
13939.730000
14022.270000
13983.500000
13944.100000
13955.810000
13917.470000
13902.340000
13938.110000
13989.410000
14042.310000
14025.440000
14091.960000
14060.250000
14088.400000
14061.850000
14121.220000
14130.440000
14190.340000
14212.170000
14289.530000
14275.000000
14321.810000
14340.410000
14349.120000
14316.080000
14374.050000
14421.560000
14409.250000
14572.800000
14570.650000
14551.570000
14578.740000
14559.830000
14572.580000
14533.430000
14541.200000
14571.920000
14513.340000
14481.370000
14529.520000
14472.120000
14483.030000
14456.920000
14393.820000
14377.860000
14404.010000
14478.370000
14437.270000
14416.280000
14429.420000
14416.020000
14435.960000
14457.840000
14464.690000
14400.880000
14394.360000
14422.140000
14438.680000
14444.410000
14459.140000
14464.560000
14454.450000
14424.160000
14436.220000
14585.180000
14517.560000
14543.880000
14545.480000
14526.190000
14486.980000
14488.830000
14477.230000
14468.630000
14576.870000
14581.240000
14617.520000
14595.110000
14606.470000
14615.620000
14652.830000
14674.540000
14702.780000
14569.300000
14552.730000
14539.940000
14521.730000
14491.660000
14495.120000
14471.940000
14471.180000
14557.030000
14595.780000
14518.010000
14528.750000
14500.780000
14489.020000
14469.560000
14438.520000
14447.830000
14417.660000
14364.590000
14337.320000
14383.320000
14344.900000
14351.280000
14317.290000
14210.190000
14265.870000
14225.790000
14110.030000
13984.320000
13959.370000
13990.960000
13985.950000
14024.860000
13901.700000
13845.640000
13786.180000
13564.470000
13561.460000
13443.110000
13452.400000
13474.400000
13446.780000
13462.290000
13457.420000
13392.880000
13557.440000
13501.180000
13420.710000
13358.230000
13329.310000
13326.610000
13429.730000
13454.470000
13349.620000
13480.500000
13396.880000
13476.440000
13467.250000
13446.690000
13491.860000
13508.450000
13538.190000
13533.380000
13440.430000
13225.270000
13157.600000
13125.060000
13077.560000
13088.210000
13113.910000
13066.600000
13021.880000
13092.850000
13122.030000
13174.450000
13218.850000
13178.160000
13191.810000
13135.610000
13161.310000
13091.080000
13207.790000
13170.790000
13184.100000
13164.280000
13165.190000
13196.340000
13187.310000
13214.670000
13229.410000
13335.150000
13404.850000
13423.310000
13386.940000
13391.890000
13326.400000
13295.320000
13321.020000
13312.660000
13062.260000
13007.730000
12994.970000
13005.710000
13024.480000
13034.890000
13042.220000
13093.430000
13184.480000
13082.620000
12946.230000
12970.090000
13017.040000
13103.900000
13092.500000
12987.720000
12964.570000
12972.230000
12949.870000
12954.860000
12997.400000
12999.560000
13036.720000
13043.220000
13009.600000
13064.450000
13129.290000
13217.900000
13355.810000
13274.250000
13241.600000
13237.050000
13201.230000
13202.840000
13146.020000
13195.820000
13264.620000
13258.250000
13300.400000
13263.820000
13314.290000
13309.090000
13282.930000
13335.310000
13283.210000
13089.990000
13030.470000
13069.450000
12984.460000
12984.640000
13033.810000
13041.280000
13037.900000
13008.490000
12795.220000
12729.030000
12734.300000
12719.580000
12662.350000
12647.850000
12662.850000
12631.960000
12736.550000
12627.660000
12766.620000
12820.510000
12853.620000
12773.210000
12745.490000
12788.640000
12887.890000
12782.020000
12904.090000
12812.510000
12826.090000
12873.610000
12869.550000
12862.490000
12843.750000
12802.490000
12776.750000
12851.290000
12813.810000
12643.490000
12644.610000
12653.450000
12575.450000
12448.040000
12478.850000
12460.800000
12587.550000
12630.840000
12544.720000
12565.540000
12589.130000
12559.480000
12564.300000
12623.240000
12620.180000
12757.630000
12778.730000
12792.160000
12781.700000
12801.850000
12808.990000
12822.150000
12848.590000
12833.470000
12814.100000
12835.170000
12798.070000
12857.830000
12943.990000
12951.570000
12919.160000
12900.820000
12998.220000
12783.090000
12842.420000
12895.320000
12914.890000
12908.230000
12887.250000
12882.840000
12847.330000
12833.540000
12751.300000
12716.420000
12757.860000
12723.440000
12709.060000
12735.620000
12745.840000
12795.820000
12872.910000
12800.870000
12749.710000
12821.340000
12807.850000
12789.510000
12780.960000
12717.250000
12706.960000
12741.910000
12759.290000
12728.010000
12658.360000
12692.100000
12626.380000
12606.650000
12539.410000
12483.140000
12469.900000
12562.150000
12662.850000
12738.670000
12699.960000
12723.680000
12694.430000
12735.210000
12745.070000
12830.610000
12935.050000
13008.900000
13058.250000
13019.790000
13025.150000
13051.880000
12967.910000
12966.860000
12950.230000
12884.830000
12843.510000
12895.500000
12929.440000
12973.210000
12976.370000
13029.320000
13096.980000
13288.610000
13356.670000
13291.220000
13324.640000
13339.620000
13260.550000
13229.890000
13214.600000
13204.090000
13294.880000
13261.820000
13213.220000
13195.960000
13227.080000
13225.970000
13197.390000
13234.620000
13221.150000
13236.120000
13179.560000
13226.330000
13258.010000
13266.630000
13292.070000
13302.500000
13314.780000
13282.320000
13293.950000
13183.240000
13188.460000
13242.810000
13305.690000
13312.000000
13302.030000
13305.380000
13275.940000
13180.190000
13181.920000
13154.010000
13166.700000
13165.750000
13087.300000
13112.640000
13119.230000
13101.190000
13134.910000
13158.640000
13131.710000
13108.810000
13125.630000
13146.920000
13150.850000
13180.710000
13164.500000
13156.260000
13214.410000
13167.700000
13115.130000
13155.090000
13163.980000
13169.400000
13160.670000
13214.770000
13246.340000
13353.280000
13368.280000
13382.950000
13424.340000
13445.680000
13432.030000
13439.090000
13471.630000
13473.100000
13471.200000
13520.220000
13523.250000
13529.680000
13537.950000
13563.570000
13492.380000
13509.770000
13547.610000
13419.190000
13406.250000
13391.590000
13372.610000
13352.520000
13398.450000
13420.220000
13440.060000
13462.320000
13398.700000
13411.450000
13449.670000
13478.370000
13468.940000
13486.380000
13510.500000
13512.150000
13544.540000
13629.700000
13710.110000
13689.990000
13719.130000
13759.150000
13722.340000
13722.500000
13697.300000
13655.940000
13642.910000
13682.820000
13640.250000
13651.850000
13653.220000
13674.760000
13589.010000
13606.370000
13617.270000
13703.380000
13658.870000
13614.710000
13637.770000
13680.970000
13682.810000
13718.990000
13726.120000
13708.300000
13647.060000
13644.570000
13633.330000
13590.110000
13573.990000
13526.070000
13551.220000
13543.630000
13542.630000
13482.630000
13550.810000
13573.810000
13568.730000
13556.270000
13565.360000
13674.090000
13657.460000
13681.760000
13747.070000
13696.160000
13690.660000
13691.340000
13691.300000
13723.620000
13735.900000
13708.390000
13707.780000
13709.830000
13789.050000
13754.030000
13806.230000
13741.870000
13764.360000
13785.810000
13777.360000
13775.920000
13847.880000
13773.240000
13794.260000
13806.660000
13804.320000
13761.240000
13741.230000
13812.610000
13793.640000
13849.620000
13880.100000
13932.370000
13905.060000
13903.060000
13885.260000
13841.780000
13845.020000
13894.140000
13928.120000
13891.050000
13849.170000
13825.350000
13787.290000
13749.480000
13693.650000
13696.600000
13634.620000
13653.820000
13681.090000
13677.870000
13733.940000
13717.710000
13721.610000
13697.670000
13668.490000
13679.340000
13591.240000
13638.070000
13592.110000
13611.610000
13569.920000
13622.490000
13614.340000
13574.360000
13555.330000
13471.440000
13333.710000
13308.010000
13312.560000
13312.480000
13285.250000
13250.530000
13235.630000
13195.600000
13163.520000
13275.670000
13254.970000
13274.220000
13231.220000
13238.320000
13210.900000
13236.970000
13199.330000
13131.120000
13108.990000
13187.230000
13147.130000
13171.340000
13214.390000
13191.260000
13200.740000
13209.610000
13328.490000
13319.120000
13307.130000
13219.620000
13260.520000
13269.440000
13232.190000
13277.960000
13309.190000
13335.100000
13317.030000
13268.340000
13235.120000
13222.990000
13270.630000
13288.540000
13209.340000
13004.790000
12838.420000
12837.710000
12774.360000
12807.240000
12793.320000
12835.050000
12852.710000
12880.440000
12873.380000
12919.430000
13025.050000
13082.900000
13141.950000
13129.670000
13127.270000
13068.040000
13015.080000
12963.940000
13018.480000
12923.510000
12918.210000
12833.100000
12911.250000
12927.650000
12960.180000
12942.480000
12881.260000
12713.750000
12687.920000
12628.980000
12680.360000
12654.050000
12704.180000
12685.670000
12675.550000
12620.760000
12768.440000
12753.980000
12823.520000
12811.860000
12797.220000
12803.050000
12898.180000
12943.790000
13019.740000
12827.580000
12649.080000
12712.820000
12740.690000
12712.170000
12700.370000
12753.530000
12772.950000
12783.770000
12807.270000
12821.290000
12822.690000
12879.140000
12883.610000
12871.440000
12897.420000
12842.200000
12904.830000
12770.720000
12793.660000
12864.390000
12819.230000
12818.170000
12823.130000
12794.380000
12863.280000
12888.540000
12985.610000
12921.580000
12924.350000
12904.980000
12883.390000
12813.040000
12731.710000
12793.680000
12916.560000
12926.150000
13019.420000
13110.810000
13057.150000
13094.980000
13083.000000
13106.280000
13074.560000
13099.110000
13171.920000
13247.960000
13304.410000
13280.200000
13292.910000
13307.320000
13325.720000
13435.310000
13386.690000
13450.390000
13427.070000
13429.540000
13438.180000
13497.490000
13519.340000
13298.520000
13283.440000
13211.730000
13131.340000
13154.930000
13169.980000
13141.480000
13123.920000
13021.940000
13042.890000
13053.840000
13043.960000
13040.360000
13093.630000
13066.110000
13059.160000
13021.290000
13018.000000
12992.510000
13015.840000
12955.940000
12814.920000
12729.500000
12713.040000
12751.040000
12785.300000
12762.670000
12720.640000
12715.110000
12758.750000
12685.290000
12655.140000
12653.200000
12630.840000
12652.410000
12657.880000
12696.710000
12751.840000
12841.090000
12849.780000
12819.230000
12748.500000
12712.870000
12714.510000
12707.000000
12698.670000
12666.810000
12678.560000
12555.310000
12612.120000
12645.200000
12679.480000
12671.270000
12666.690000
12683.900000
12686.310000
12741.850000
12531.660000
12702.540000
12746.880000
12699.130000
12700.470000
12661.720000
12707.910000
12574.190000
12564.350000
12506.640000
12492.370000
12418.060000
12378.270000
12228.220000
12218.940000
12277.700000
12259.270000
12305.910000
12231.840000
12288.310000
12325.390000
12222.060000
12262.270000
12283.510000
12306.840000
12335.450000
12311.360000
12332.850000
12370.680000
12258.900000
12247.620000
12315.400000
12315.950000
12286.120000
12235.560000
12274.490000
12025.430000
11997.060000
11980.190000
11885.420000
12047.210000
11969.580000
12075.770000
12115.510000
12156.220000
12143.210000
11989.570000
11979.610000
12063.130000
12045.920000
12016.280000
11988.290000
11931.800000
11948.660000
12063.090000
12120.090000
12110.510000
12075.580000
12016.140000
12000.420000
12057.210000
12083.750000
12078.540000
11951.840000
11971.590000
11972.970000
12019.860000
12053.290000
12100.890000
12136.600000
12138.280000
12207.700000
12360.720000
12450.650000
12508.460000
12567.400000
12572.200000
12583.320000
12559.080000
12598.240000
12619.170000
12611.070000
12611.370000
12572.600000
12549.730000
12583.290000
12562.710000
12519.620000
12530.870000
12475.970000
12593.410000
12598.840000
12546.010000
12488.000000
12468.020000
12484.080000
12506.500000
12494.190000
12472.590000
12414.780000
12421.070000
12463.580000
12487.980000
12461.340000
12469.470000
12373.570000
12292.260000
12316.980000
12175.520000
12243.620000
12249.130000
12339.030000
12329.380000
12361.240000
12406.630000
12308.880000
12306.910000
12168.660000
12197.290000
12146.690000
12126.170000
12169.490000
12198.550000
12209.830000
12133.070000
12169.470000
12207.970000
12140.360000
12223.330000
12280.130000
12249.190000
12220.970000
12174.240000
12203.170000
12185.890000
12114.230000
12201.270000
12232.940000
12262.280000
12278.370000
12334.090000
12065.900000
12134.810000
12225.650000
12549.020000
12479.440000
12429.930000
12435.560000
12519.240000
12451.870000
12591.730000
12569.490000
12478.040000
12467.540000
12498.090000
12483.040000
12515.820000
12548.730000
12590.120000
12613.080000
12675.500000
12645.390000
12788.530000
12831.590000
12811.000000
12786.680000
12791.160000
12847.600000
12918.880000
12881.470000
12845.980000
12817.630000
12776.160000
12735.350000
12805.020000
12775.970000
12763.620000
12744.270000
12720.390000
12755.270000
12685.160000
12653.880000
12632.630000
12645.630000
12680.890000
12693.800000
12689.180000
12745.650000
12777.980000
12641.120000
12599.980000
12568.700000
12580.450000
12596.810000
12599.050000
12590.850000
12742.250000
12683.310000
12868.770000
12806.650000
12791.440000
12850.010000
12902.400000
12958.440000
13000.730000
12979.380000
12927.980000
12965.190000
12966.950000
12871.270000
12845.200000
12829.380000
12831.800000
12824.670000
12981.070000
13008.700000
13054.490000
13098.970000
13136.890000
13100.120000
13123.200000
13080.030000
13066.320000
13089.480000
13155.330000
13152.990000
13151.750000
13155.720000
13117.620000
13090.370000
13080.150000
13167.440000
13157.910000
13215.820000
13072.920000
13074.070000
13110.220000
13142.080000
13137.570000
13144.860000
13158.280000
13207.720000
13240.930000
13254.310000
13238.010000
13256.030000
13267.930000
13270.930000
13268.590000
13256.560000
13282.200000
13264.190000
13344.850000
13391.840000
13392.700000
13425.470000
13423.660000
13423.560000
13425.520000
13304.490000
13323.870000
13369.330000
13352.700000
13334.790000
13313.770000
13332.570000
13320.730000
13292.430000
13291.270000
13285.560000
13130.970000
13161.900000
13164.410000
13120.040000
13080.570000
13023.230000
13044.520000
13129.600000
13099.150000
13201.240000
13243.130000
13298.270000
13349.690000
13371.400000
13401.100000
13444.820000
13505.260000
13408.560000
13398.790000
13532.510000
13548.000000
13597.450000
13573.880000
13570.950000
13549.990000
13506.870000
13532.510000
13506.650000
13544.340000
13565.800000
13566.350000
13578.560000
13584.130000
13602.580000
13617.610000
13663.790000
13653.980000
13616.350000
13582.200000
13605.170000
13615.740000
13626.680000
13619.360000
13610.770000
13645.420000
13603.790000
13638.450000
13648.940000
13678.630000
13665.580000
13681.760000
14014.260000
14077.210000
14119.280000
14179.390000
14260.890000
14213.300000
14218.940000
14224.340000
14198.870000
14205.130000
14235.870000
14238.680000
14295.810000
14288.790000
14259.810000
14263.690000
14277.880000
14303.780000
14312.720000
14354.490000
14339.690000
14372.420000
14311.670000
14290.660000
14281.380000
14306.610000
14322.120000
14400.890000
14366.080000
14366.430000
14374.860000
14314.510000
14268.160000
14270.300000
14254.080000
14242.430000
14263.290000
14203.770000
14210.950000
14348.460000
14307.520000
14262.540000
14224.630000
14227.340000
14192.350000
14155.260000
14199.210000
14232.770000
14320.610000
14374.650000
14375.690000
14444.780000
14411.320000
14407.720000
14433.020000
14403.910000
14376.070000
14395.530000
14353.400000
14361.920000
14345.710000
14328.240000
14357.100000
14362.950000
14414.850000
14380.090000
14352.540000
14398.610000
14468.040000
14413.450000
14377.760000
14390.360000
14402.190000
14422.610000
14443.200000
14438.200000
14405.610000
14429.890000
14396.680000
14397.900000
14418.040000
14394.750000
14430.540000
14425.290000
14456.150000
14533.800000
14533.330000
14551.650000
14565.090000
14542.030000
14521.730000
14515.650000
14537.080000
14547.580000
14518.150000
14507.650000
14556.470000
14543.370000
14528.750000
14523.940000
14529.120000
14522.550000
14471.100000
14458.760000
14392.220000
14413.850000
14404.940000
14411.830000
14404.090000
14406.050000
14397.870000
14404.670000
14380.650000
14343.900000
14389.540000
14412.890000
14421.310000
14382.100000
14375.570000
14397.510000
14429.220000
14429.620000
14413.450000
14403.860000
14410.600000
14423.660000
14385.520000
14398.960000
14382.020000
14543.800000
14479.290000
14464.320000
14467.380000
14505.330000
14526.370000
14514.980000
14522.690000
14494.530000
14465.700000
14503.160000
14529.900000
14532.720000
14533.860000
14563.910000
14473.050000
14511.010000
14520.340000
14487.430000
14507.140000
14469.770000
14447.530000
14461.490000
14449.870000
14432.500000
14441.150000
14465.540000
14406.870000
14468.540000
14430.680000
14408.810000
14408.490000
14422.760000
14419.670000
14367.190000
14338.700000
14304.950000
14341.770000
14291.470000
14291.080000
14283.350000
14267.630000
14295.260000
14272.830000
14335.230000
14277.750000
14267.350000
14250.280000
14219.790000
14212.670000
14236.480000
14238.540000
14255.600000
14278.480000
14325.800000
14279.670000
14290.040000
14340.590000
14331.770000
14376.530000
14331.120000
14342.810000
14355.710000
14300.430000
14289.500000
14345.610000
14355.950000
14339.610000
14313.110000
14302.020000
14305.250000
14304.230000
14345.880000
14323.350000
14354.000000
14421.010000
14427.060000
14442.660000
14594.490000
14663.550000
14469.320000
14453.540000
14437.340000
14406.950000
14393.250000
14427.060000
14391.290000
14433.380000
14441.100000
14459.190000
14351.310000
14333.800000
14284.690000
14290.730000
14304.130000
14295.430000
14179.570000
14012.070000
14050.860000
13978.440000
13884.970000
13898.160000
13827.220000
13869.690000
13939.480000
13894.940000
13917.460000
13881.640000
13934.750000
13948.090000
13949.840000
13963.380000
13958.170000
13963.360000
13951.400000
13950.330000
13931.990000
13829.900000
13897.460000
13898.280000
13906.230000
13890.610000
13899.210000
13878.220000
13875.150000
13902.760000
13944.690000
13979.470000
13989.780000
13973.660000
14005.630000
14008.430000
14028.750000
14019.530000
14087.570000
14113.010000
14136.570000
14097.420000
14085.090000
14071.310000
14047.790000
14007.200000
13928.720000
13903.410000
13945.590000
13936.220000
13961.740000
13968.880000
13942.530000
13953.570000
13917.280000
13891.880000
13954.090000
14047.420000
14008.610000
14025.570000
14048.370000
14049.960000
14037.270000
14004.480000
13975.280000
13995.680000
14013.720000
13957.880000
13974.760000
13995.450000
14002.010000
14006.470000
13978.760000
13969.260000
13928.320000
13890.810000
13928.390000
13956.050000
13961.830000
13948.350000
13962.000000
14007.090000
14026.990000
14056.660000
14005.840000
13953.550000
13992.850000
13969.010000
13956.470000
13929.760000
13923.590000
13923.590000
13923.590000
13992.710000
14045.420000
14013.560000
14026.990000
14063.330000
14050.350000
14048.890000
14052.690000
14050.950000
14116.070000
14206.070000
14275.550000
14267.050000
14166.440000
14179.640000
14230.780000
14204.820000
14245.330000
14266.980000
14358.150000
14355.870000
14357.820000
14410.110000
14401.500000
14466.910000
14462.880000
14470.720000
14451.230000
14456.100000
14463.160000
14480.660000
14482.650000
14474.770000
14434.680000
14433.250000
14450.000000
14476.720000
14416.510000
14415.390000
14435.830000
14430.450000
14433.420000
14516.250000
14483.590000
14575.880000
14650.730000
14639.210000
14637.990000
14669.440000
14678.290000
14723.040000
14719.870000
14781.460000
14816.900000
14741.970000
14716.530000
14724.610000
14715.510000
14721.350000
14729.400000
14755.760000
14758.110000
14787.210000
14805.400000
14832.990000
14894.380000
14913.480000
14928.420000
14931.650000
14938.500000
14939.290000
14917.790000
14972.280000
15017.120000
15043.950000
15025.560000
15055.500000
15063.890000
15080.380000
15008.980000
15069.570000
15063.210000
15074.560000
15111.370000
15102.630000
15083.600000
15047.660000
15059.760000
15100.620000
15109.540000
15112.050000
15095.020000
15101.820000
15126.080000
15134.250000
15119.900000
15147.700000
15131.640000
15140.610000
15130.030000
15106.590000
15107.160000
15109.630000
15121.990000
15123.340000
15125.300000
15152.150000
15172.550000
15182.950000
15187.250000
15172.320000
15193.360000
15204.740000
15218.510000
15224.840000
15230.190000
15207.130000
15115.550000
15049.000000
15047.970000
15000.210000
14946.950000
14934.820000
14964.230000
14972.050000
14947.510000
14986.520000
14991.220000
14977.260000
14995.080000
14962.750000
14995.770000
14968.330000
14989.020000
15005.750000
15077.400000
15047.360000
15062.900000
15038.410000
15030.320000
15047.310000
15052.520000
15043.930000
15081.420000
15140.500000
15115.450000
15087.950000
15050.930000
15069.060000
15060.400000
15031.750000
15029.610000
15090.650000
15095.720000
15088.540000
15001.380000
15032.840000
15041.860000
15027.760000
15023.420000
15039.160000
15046.610000
15146.290000
15108.950000
15094.540000
15130.670000
15073.200000
15100.750000
15107.670000
15090.730000
15115.440000
15115.750000
15148.360000
15143.690000
15169.350000
15155.980000
15107.710000
15083.160000
15133.180000
15124.040000
15070.300000
15094.680000
15063.510000
15047.410000
15038.710000
15073.270000
15092.910000
15137.170000
15128.570000
15081.170000
15048.950000
15043.320000
15004.890000
15041.350000
15064.130000
15100.030000
15078.510000
15122.570000
15125.120000
15125.610000
15135.870000
15112.140000
15150.760000
15183.140000
15178.820000
15218.100000
15145.310000
15275.000000
15421.680000
15412.760000
15406.800000
15387.520000
15372.930000
15464.450000
15426.850000
15496.970000
15408.400000
15388.420000
15413.330000
15413.730000
15412.150000
15432.660000
15380.380000
15396.710000
15446.140000
15367.040000
15363.440000
15298.690000
15298.790000
15312.650000
15351.920000
15318.230000
15343.660000
15339.050000
15359.590000
15323.600000
15349.390000
15327.920000
15321.420000
15337.430000
15292.000000
15303.070000
15290.020000
15450.670000
15411.600000
15454.410000
15462.980000
15427.600000
15437.040000
15443.300000
15476.320000
15411.750000
15560.150000
15580.540000
15624.120000
15654.890000
15614.910000
15601.890000
15585.010000
15545.720000
15546.670000
15438.940000
15429.610000
15359.560000
15338.140000
15274.370000
15256.090000
15328.180000
15324.520000
15291.250000
15322.060000
15358.320000
15346.940000
15351.560000
15353.800000
15383.170000
15376.030000
15402.300000
15402.530000
15419.000000
15434.880000
15436.290000
15454.840000
15451.940000
15461.520000
15418.540000
15477.100000
15405.730000
15394.440000
15432.600000
15446.470000
15433.730000
15448.710000
15470.470000
15451.400000
15465.250000
15479.990000
15612.430000
15564.390000
15582.200000
15582.060000
15593.460000
15571.020000
15492.570000
15450.050000
15508.930000
15372.060000
15357.100000
15401.450000
15390.880000
15362.320000
15417.320000
15438.250000
15452.700000
15478.830000
15524.160000
15495.640000
15464.510000
15485.340000
15476.710000
15482.680000
15493.550000
15488.390000
15479.420000
15450.620000
15311.130000
15421.930000
15389.330000
15421.670000
15427.830000
15428.460000
15414.620000
15415.820000
15342.600000
15290.690000
15309.280000
15290.170000
15295.350000
15374.450000
15394.950000
15358.450000
15388.260000
15453.290000
15469.240000
15454.130000
15465.850000
15480.970000
15486.100000
15484.100000
15539.420000
15495.590000
15501.820000
15488.570000
15468.090000
15460.520000
15401.340000
15378.800000
15328.950000
15257.010000
15243.960000
15351.630000
15402.800000
15433.090000
15429.320000
15445.550000
15440.060000
15468.680000
15450.430000
15403.000000
15299.790000
15347.110000
15362.590000
15388.730000
15398.930000
15430.270000
15426.060000
15368.390000
15389.730000
15399.910000
15426.090000
15425.290000
15467.180000
15468.550000
15459.610000
15390.990000
15406.510000
15372.360000
15171.070000
15249.880000
15216.130000
15238.640000
15245.900000
15252.750000
15241.090000
15301.120000
15316.630000
15430.660000
15463.310000
15461.540000
15482.650000
15491.480000
15469.150000
15523.260000
15553.120000
15560.250000
15597.900000
15640.140000
15621.270000
15629.840000
15589.830000
15628.160000
15666.240000
15655.870000
15653.770000
15638.440000
15682.220000
15681.760000
15689.490000
15670.950000
15660.560000
15655.580000
15621.090000
15561.880000
15528.810000
15563.300000
15567.980000
15594.660000
15597.980000
15588.290000
15615.830000
15619.120000
15640.820000
15619.750000
15621.650000
15547.280000
15570.370000
15584.440000
15566.900000
15590.420000
15642.450000
15637.870000
15369.670000
15338.080000
15388.060000
15368.590000
15433.660000
15429.730000
15466.430000
15364.130000
15389.850000
15435.160000
15134.270000
15016.200000
15088.170000
15044.250000
14970.780000
15032.030000
15019.280000
15014.980000
15016.530000
15063.520000
15013.340000
15037.790000
15096.010000
15191.970000
15227.430000
15208.510000
15235.580000
15175.440000
15156.530000
14992.290000
14774.810000
14824.520000
14770.250000
14793.710000
14822.530000
14806.520000
14973.840000
14854.080000
14821.450000
14833.720000
14834.020000
14784.660000
14900.790000
14948.150000
14992.970000
15073.760000
15079.620000
15065.720000
15024.600000
14946.200000
14796.730000
14791.160000
14722.260000
14766.230000
14715.400000
14687.810000
14774.810000
14877.670000
14855.640000
14906.510000
14917.790000
14941.090000
14943.930000
15062.060000
15131.770000
15176.410000
15191.380000
15198.690000
15198.120000
15236.150000
15190.190000
15185.990000
15174.670000
15219.980000
15256.130000
15278.720000
15273.470000
15284.030000
15275.040000
15272.700000
15227.390000
15178.250000
15217.110000
15146.920000
15108.930000
15146.740000
15177.480000
15197.650000
15232.280000
15231.900000
15135.500000
15029.480000
14925.970000
14862.690000
14850.590000
14924.290000
14945.200000
14951.850000
14964.050000
15133.680000
15041.750000
15100.740000
15124.780000
15164.390000
15140.380000
15163.200000
15154.710000
15123.260000
15255.930000
15189.090000
15167.710000
15139.390000
15136.220000
15148.620000
15114.720000
15120.470000
15126.900000
15242.520000
15209.010000
15238.540000
15267.450000
15279.590000
15278.830000
15288.110000
15324.810000
15281.710000
15429.380000
15480.430000
15494.090000
15484.310000
15523.870000
15514.590000
15478.620000
15496.950000
15524.510000
15568.370000
15518.060000
15544.520000
15578.430000
15588.120000
15586.180000
15611.180000
15620.960000
15657.560000
15623.450000
15652.370000
15643.590000
15634.260000
15636.450000
15615.170000
15604.060000
15603.590000
15563.680000
15639.020000
15619.250000
15664.910000
15715.670000
15730.990000
15721.010000
15715.670000
15683.360000
15634.980000
15611.680000
15575.640000
15539.550000
15539.900000
15569.760000
15546.370000
15514.230000
15537.090000
15494.260000
15530.200000
15558.040000
15564.980000
15568.540000
15569.570000
15582.680000
15571.030000
15564.960000
15582.520000
15710.450000
15672.580000
15696.410000
15692.690000
15677.600000
15645.450000
15636.310000
15642.700000
15645.380000
15689.140000
15700.120000
15692.720000
15707.280000
15686.420000
15689.400000
15741.180000
15705.050000
15692.090000
15708.210000
15720.990000
15698.500000
15698.120000
15699.230000
15696.700000
15714.610000
15680.100000
15708.040000
15789.780000
15802.820000
15770.730000
15796.880000
15770.500000
15798.180000
15799.780000
15826.740000
15805.240000
15838.890000
15857.310000
15831.560000
15819.540000
15813.420000
15794.970000
15775.880000
15791.090000
15796.790000
15841.500000
15811.110000
15827.460000
15860.360000
15889.130000
15888.070000
15911.590000
15885.850000
15865.350000
15850.520000
15860.980000
15866.220000
15838.430000
15851.650000
15849.690000
15852.930000
15870.710000
15891.200000
15864.150000
15772.960000
15777.990000
15779.890000
15773.190000
15753.650000
15758.410000
15769.280000
15806.870000
15782.580000
15768.950000
15759.030000
15755.110000
15732.880000
15751.830000
15793.630000
15821.440000
15859.040000
15852.270000
15874.720000
15851.220000
15869.050000
15885.560000
15898.130000
15893.380000
15907.830000
15867.410000
15836.790000
15825.470000
15840.980000
15842.440000
15838.880000
15857.670000
15849.100000
15852.870000
15856.630000
15804.500000
15730.010000
15793.880000
15768.810000
15765.290000
15764.580000
15778.560000
15777.310000
15772.780000
15739.350000
15814.070000
15820.410000
15815.540000
15812.940000
15817.760000
15852.580000
15805.070000
15774.170000
15884.790000
15831.310000
15711.890000
15756.220000
15729.650000
15771.990000
15821.290000
15858.580000
15873.250000
15950.360000
15873.540000
15859.610000
15880.590000
15887.710000
15879.900000
15850.580000
15850.390000
15728.760000
15774.020000
15812.840000
15803.730000
15829.880000
15834.530000
15830.310000
15811.150000
15827.630000
15811.360000
15781.460000
15775.690000
15749.150000
15707.620000
15691.930000
15681.310000
15719.050000
15745.690000
15713.730000
15837.440000
15797.910000
15859.390000
15855.040000
15842.320000
15874.190000
15870.020000
15897.610000
15944.530000
15967.570000
15976.500000
15957.990000
15971.640000
15985.070000
15989.230000
15976.140000
15939.130000
15948.530000
15950.890000
15941.330000
15921.130000
15910.680000
15906.560000
15887.800000
15886.310000
15917.400000
15931.900000
15973.380000
15885.060000
15921.490000
15909.280000
15916.330000
15911.820000
15961.600000
15892.170000
15862.340000
15943.850000
15942.820000
15913.980000
15919.670000
15912.740000
15871.230000
15829.770000
15782.650000
15810.800000
15918.250000
15880.150000
15921.340000
15917.980000
15912.250000
15896.240000
15894.870000
15903.770000
15908.680000
15966.960000
15940.190000
15930.520000
15945.630000
15956.450000
15938.010000
15890.890000
15883.510000
15898.610000
15892.780000
15946.420000
15933.220000
15935.570000
15936.360000
15937.350000
15934.310000
15880.270000
15893.630000
15883.610000
15919.140000
15944.430000
15951.800000
15951.030000
15956.790000
15978.360000
15943.060000
15940.240000
16069.420000
16152.650000
16176.840000
16201.680000
16217.360000
16207.240000
16167.700000
16113.770000
16146.010000
16233.110000
16237.450000
16270.810000
16259.760000
16256.130000
16281.530000
16277.200000
16331.040000
16324.370000
16235.980000
16254.200000
16261.590000
16248.190000
16234.730000
16223.740000
16207.350000
16221.270000
16220.010000
16186.440000
16211.350000
16201.260000
16188.220000
16195.090000
16167.220000
16171.840000
16165.390000
16146.590000
16008.520000
15934.910000
15973.420000
15902.270000
15885.440000
15876.290000
15867.970000
15830.970000
15834.330000
15872.460000
15751.410000
15813.960000
15833.630000
15822.860000
15827.840000
15840.270000
15818.640000
15816.210000
15850.090000
15771.770000
15782.540000
15739.910000
15810.120000
15852.170000
15862.900000
15926.560000
16001.520000
16064.130000
16018.780000
16008.000000
15987.210000
15965.390000
15957.630000
15937.820000
15932.610000
15950.420000
15962.310000
15987.520000
16004.130000
16045.760000
16033.560000
16031.960000
16016.010000
15996.410000
15941.550000
15757.430000
15847.400000
15862.810000
15831.390000
15844.000000
15847.920000
15807.330000
15760.670000
15653.380000
15744.010000
15805.320000
15858.040000
15832.940000
15838.430000
15810.420000
15750.300000
15735.230000
15838.520000
15949.040000
15975.220000
15990.730000
16016.700000
16042.290000
16024.320000
16013.940000
16006.580000
16036.250000
16079.860000
16083.360000
16059.710000
16050.510000
16073.820000
16076.070000
16076.810000
15997.760000
15961.070000
15939.310000
15974.590000
15939.720000
15948.260000
15932.700000
15947.470000
15958.550000
15980.770000
15997.050000
15998.100000
15947.090000
15928.620000
15935.360000
15971.110000
16005.480000
15988.000000
16011.060000
15951.840000
15951.610000
15962.770000
15983.780000
15995.540000
15996.040000
16007.990000
15984.960000
15956.880000
15995.940000
15993.020000
15988.520000
15974.380000
15953.800000
15937.220000
15964.630000
15967.400000
15975.780000
15968.130000
16052.910000
16081.860000
16114.170000
16081.780000
16050.550000
16060.330000
16082.510000
16088.220000
16089.290000
16218.200000
16156.620000
16143.530000
16125.840000
16126.210000
16121.360000
16181.590000
16179.900000
16219.560000
16219.090000
16271.860000
16304.460000
16307.590000
16325.470000
16311.780000
16290.270000
16296.830000
16311.390000
16275.730000
16289.280000
16259.870000
16245.190000
16205.640000
16196.050000
16199.510000
16248.840000
16275.280000
16306.630000
16329.160000
16352.520000
16327.450000
16338.960000
16353.960000
16422.660000
16361.030000
16382.200000
16272.210000
16260.490000
16270.400000
16272.130000
16242.800000
16238.250000
16241.900000
16211.170000
16194.900000
16100.290000
16156.520000
16077.540000
16105.920000
16113.770000
16142.120000
16167.880000
16152.000000
16118.930000
16082.750000
16124.020000
16127.580000
16136.300000
16104.150000
16088.480000
16055.560000
16030.420000
16045.700000
15867.650000
15874.200000
15921.030000
15925.100000
15894.510000
15943.780000
15939.210000
15952.680000
15972.870000
15862.790000
15862.920000
15892.170000
15895.630000
15862.360000
15858.940000
15743.620000
15815.080000
15856.060000
15874.150000
15802.810000
15739.130000
15795.670000
15789.360000
15797.030000
15798.840000
15847.560000
15830.760000
15873.730000
15823.420000
15799.540000
15795.480000
15824.940000
15779.550000
15788.010000
15801.110000
15844.110000
15922.710000
15937.250000
15955.630000
15969.090000
15978.760000
15966.390000
15962.150000
15975.840000
15953.590000
15960.470000
15933.780000
15952.650000
15952.880000
15985.580000
15988.970000
15967.750000
15944.000000
15922.740000
15989.430000
16025.020000
16072.920000
16116.200000
16133.090000
16131.810000
16139.770000
16151.740000
16157.170000
16187.910000
16199.660000
16197.280000
16158.940000
16154.650000
16121.330000
16116.960000
16095.510000
16084.500000
16082.930000
16095.970000
16070.860000
16066.200000
16048.910000
16057.150000
16049.780000
16045.780000
16030.870000
15930.160000
15941.240000
15964.480000
15950.800000
15962.000000
15944.630000
15922.960000
15917.780000
15913.200000
15816.110000
15796.950000
15791.860000
15770.110000
15749.650000
15741.090000
15676.700000
15621.000000
15518.710000
15515.000000
15501.030000
15526.570000
15570.790000
15592.690000
15605.900000
15604.000000
15609.210000
15600.960000
15585.340000
15606.710000
15644.090000
15650.090000
15667.470000
15693.930000
15690.600000
15680.610000
15668.450000
15716.260000
15699.280000
15668.820000
15736.820000
15730.570000
15763.590000
15801.170000
15788.380000
15781.440000
15842.260000
15872.800000
15907.490000
15924.360000
15922.710000
15941.930000
15951.210000
15991.560000
16026.490000
16009.260000
16049.720000
16090.010000
16096.340000
16113.040000
16123.010000
16134.900000
16179.640000
16153.570000
16123.130000
16107.670000
16112.810000
16079.660000
16109.420000
16119.370000
16140.580000
16135.380000
16104.760000
16013.520000
16088.190000
16054.310000
16008.230000
16022.790000
15999.300000
16015.350000
16057.050000
16068.780000
16042.030000
16070.830000
16066.940000
16078.520000
16060.220000
16050.490000
16054.190000
16085.890000
16127.030000
16190.000000
16132.090000
16174.430000
16144.370000
16157.650000
16111.020000
16091.920000
16138.090000
16125.310000
16059.220000
16128.190000
16159.540000
16143.010000
16147.040000
16156.580000
16144.930000
16203.340000
16190.540000
16125.210000
16111.420000
16149.040000
16135.070000
16137.310000
16109.650000
16168.510000
16140.200000
16174.320000
16126.710000
16179.260000
16183.360000
16200.970000
16182.220000
16165.530000
16158.910000
16156.270000
16182.770000
16169.750000
16160.070000
16192.660000
16220.350000
16210.230000
16211.910000
16193.330000
16205.870000
16200.460000
16183.700000
16172.440000
16132.460000
16111.540000
16089.570000
16073.180000
16023.040000
16084.980000
16092.190000
16162.160000
16207.360000
16287.060000
16263.430000
16284.770000
16319.570000
16344.230000
16400.260000
16387.060000
16356.380000
16378.550000
16371.690000
16392.620000
16385.200000
16411.790000
16452.900000
16455.760000
16464.930000
16434.660000
16464.700000
16499.110000
16492.930000
16485.320000
16499.980000
16512.380000
16479.590000
16468.890000
16414.790000
16372.810000
16338.270000
16292.120000
16331.450000
16294.280000
16298.210000
16325.020000
16289.510000
16027.650000
16026.560000
15987.100000
16025.510000
16118.560000
16104.290000
16064.880000
16081.000000
16002.320000
15879.030000
15813.360000
15852.930000
15901.010000
15899.280000
15877.760000
15873.870000
15878.300000
15846.510000
15917.010000
15949.760000
15919.790000
15912.540000
15855.410000
15804.900000
15838.990000
15875.620000
15951.390000
15877.540000
15958.700000
15861.880000
15895.610000
15847.550000
15894.170000
15933.790000
15901.330000
15952.560000
15868.310000
15939.870000
15891.080000
15815.590000
15735.280000
15747.940000
15744.170000
15755.370000
15754.000000
15918.060000
15933.910000
15981.810000
15958.700000
15949.050000
15925.880000
15866.180000
15888.930000
15870.730000
15921.420000
15955.390000
15944.530000
15914.030000
15927.560000
15889.570000
15950.110000
16016.750000
15994.820000
15927.790000
15920.410000
15900.340000
15919.500000
15919.280000
15890.440000
15810.670000
15830.630000
15838.960000
15818.210000
15910.780000
15917.600000
15918.050000
15909.400000
15889.210000
15878.250000
15848.840000
15895.290000
15909.570000
15798.780000
15808.700000
15760.690000
15727.610000
15732.880000
15765.350000
15786.680000
15735.600000
15737.020000
15785.990000
15792.920000
15781.810000
15783.070000
15797.800000
15768.160000
15791.810000
15798.620000
15712.940000
15719.180000
15755.950000
15781.340000
15776.180000
15780.880000
15764.890000
15679.820000
15700.470000
15597.120000
15538.370000
15586.520000
15585.510000
15569.810000
15517.770000
15493.270000
15485.740000
15567.200000
15573.950000
15680.710000
15675.850000
15697.990000
15679.420000
15694.870000
15653.490000
15624.350000
15604.430000
15684.640000
15755.760000
15751.290000
15756.740000
15770.050000
15785.440000
15768.980000
15700.180000
15706.570000
15761.250000
15747.660000
15765.340000
15783.660000
15728.390000
15710.730000
15679.550000
15712.180000
15730.530000
15876.220000
15841.020000
15802.130000
15757.110000
15773.470000
15752.570000
15724.320000
15730.350000
15637.370000
15582.950000
15625.240000
15656.440000
15661.730000
15691.230000
15695.910000
15718.000000
15675.500000
15606.970000
15756.470000
15722.290000
15708.720000
15694.590000
15679.940000
15727.450000
15746.190000
15781.960000
15791.280000
15844.760000
15808.730000
15825.780000
15875.740000
15857.350000
15842.820000
15828.670000
15875.830000
15913.120000
15956.920000
15945.370000
15868.080000
15847.800000
15876.010000
15883.110000
15922.750000
15931.120000
15894.490000
15937.390000
15993.060000
15995.200000
15983.560000
15985.170000
16025.100000
16012.110000
16032.960000
15992.230000
15936.340000
15976.510000
15942.180000
15938.080000
15932.050000
15921.830000
15934.580000
15869.090000
15862.340000
15904.630000
15933.620000
15940.230000
15919.560000
15914.140000
15891.410000
15875.060000
15865.070000
15797.180000
15729.780000
15731.250000
15761.410000
15781.010000
15793.130000
15819.030000
15838.020000
15797.390000
15778.500000
15712.590000
15690.330000
15726.120000
15728.630000
15718.270000
15691.260000
15723.240000
15760.890000
15744.530000
15661.660000
15731.400000
15747.970000
15759.810000
15746.540000
15708.300000
15683.400000
15719.800000
15709.260000
15777.560000
15754.630000
15622.040000
15589.530000
15677.490000
15664.190000
15704.290000
15717.600000
15724.330000
15799.420000
15844.530000
15776.420000
15825.730000
15832.410000
15780.590000
15796.310000
15775.070000
15816.350000
15804.080000
15759.250000
15725.580000
15728.340000
15757.990000
15698.480000
15742.740000
15745.470000
15712.570000
15648.920000
15669.730000
15612.980000
15629.050000
15599.260000
15611.370000
15641.140000
15689.680000
15673.720000
15652.410000
15622.020000
15622.050000
15649.090000
15684.140000
15620.230000
15737.880000
15767.800000
15803.970000
15940.390000
15968.710000
15968.710000
15971.710000
15967.590000
15967.590000
15917.520000
15915.430000
15881.300000
15858.810000
15856.930000
15812.510000
15797.500000
15813.240000
15755.170000
15766.750000
15729.010000
15716.080000
15688.070000
15720.320000
15718.070000
15722.420000
15714.260000
15700.950000
15668.770000
15676.490000
15653.610000
