0.000000
0.000000
0.000000
0.000000
0.000000
0.000000
0.000000
0.000000
0.000000
0.000000
0.000000
0.000000
0.000000
0.000000
0.000000
0.000000
0.000000
0.000000
0.000000
0.000000
0.000000
0.000000
0.000000
0.000000
0.000000
0.000000
0.000000
0.000000
0.000000
0.000000
0.000000
0.000000
0.000000
0.000000
0.000000
0.000000
0.000000
0.000000
0.000000
0.000000
0.000000
0.000000
0.000000
0.000000
0.000000
0.000000
0.000000
0.000000
0.000000
0.000000
0.000000
0.000000
0.000000
0.000000
0.000000
0.000000
0.000000
0.000000
0.000000
0.000000
0.000000
0.000000
0.000000
0.000000
0.000000
0.000000
0.000000
0.000000
0.000000
0.000000
0.000000
0.000000
0.000000
0.000000
0.000000
0.000000
0.000000
0.000000
0.000000
0.000000
0.000000
0.000000
0.000000
0.000000
0.000000
0.000000
0.000000
0.000000
0.000000
0.000000
0.000000
0.000000
0.000000
0.000000
0.000000
0.000000
0.000000
0.000000
0.000000
0.000000
0.000000
0.000000
0.000000
0.000000
0.000000
0.000000
0.000000
0.000000
0.000000
0.000000
0.000000
0.000000
0.000000
0.000000
0.000000
0.000000
0.000000
0.000000
0.000000
0.000000
0.000000
0.000000
0.000000
0.000000
0.000000
0.000000
0.000000
0.000000
0.000000
0.000000
0.000000
0.000000
0.000000
0.000000
0.000000
0.000000
0.000000
0.000000
0.000000
0.000000
0.000000
0.000000
0.000000
0.000000
0.000000
0.000000
0.000000
0.000000
0.000000
0.000000
0.000000
0.000000
0.000000
0.000000
0.000000
0.000000
0.000000
0.000000
0.000000
0.000000
0.000000
0.000000
0.000000
0.000000
0.000000
0.000000
0.000000
0.000000
0.000000
0.000000
0.000000
0.000000
0.000000
0.000000
0.000000
0.000000
0.000000
0.000000
0.000000
0.000000
0.000000
0.000000
0.000000
0.000000
0.000000
0.000000
0.000000
0.000000
0.000000
0.000000
0.000000
0.000000
0.000000
0.000000
0.000000
0.000000
0.000000
0.000000
0.000000
0.000000
0.000000
0.000000
0.000000
0.000000
0.000000
0.000000
0.000000
0.000000
0.000000
0.000000
0.000000
0.000000
0.000000
0.000000
0.000000
0.000000
0.000000
0.000000
0.000000
0.000000
0.000000
0.000000
0.000000
0.000000
0.000000
0.000000
0.000000
0.000000
0.000000
0.000000
0.000000
0.000000
0.000000
0.000000
0.000000
0.000000
0.000000
0.000000
0.000000
0.000000
0.000000
0.000000
0.000000
0.000000
0.000000
0.000000
0.000000
0.000000
0.000000
0.000000
0.000000
0.000000
0.000000
0.000000
0.000000
0.000000
0.000000
0.000000
0.000000
0.000000
0.000000
0.000000
0.000000
0.000000
0.000000
0.000000
0.000000
0.000000
0.000000
0.000000
0.000000
0.000000
0.000000
0.000000
0.000000
0.000000
0.000000
0.000000
0.000000
0.000000
0.000000
0.000000
0.000000
0.000000
0.000000
0.000000
0.000000
0.000000
0.000000
0.000000
0.000000
0.000000
0.000000
0.000000
0.000000
0.000000
0.000000
0.000000
0.000000
0.000000
0.000000
0.000000
0.000000
0.000000
0.000000
0.000000
0.000000
0.000000
0.000000
0.000000
0.000000
0.000000
0.000000
0.000000
0.000000
0.000000
0.000000
0.000000
0.000000
0.000000
0.000000
0.000000
0.000000
0.000000
0.000000
0.000000
0.000000
0.000000
0.000000
0.000000
0.000000
0.000000
0.000000
0.000000
0.000000
0.000000
0.000000
0.000000
0.000000
0.000000
0.000000
0.000000
0.000000
0.000000
0.000000
0.000000
0.000000
0.000000
0.000000
0.000000
0.000000
0.000000
0.000000
0.000000
0.000000
0.000000
0.000000
0.000000
0.000000
0.000000
0.000000
0.000000
0.000000
0.000000
0.000000
0.000000
0.000000
0.000000
0.000000
0.000000
0.000000
0.000000
0.000000
0.000000
0.000000
0.000000
0.000000
0.000000
0.000000
0.000000
0.000000
0.000000
-29.030000
6.120000
-7.250000
11.810000
19.640000
-13.880000
-0.970000
-18.740000
-38.750000
-33.500000
-43.150000
-35.320000
-37.280000
11.490000
-8.610000
5.080000
25.940000
5.530000
25.410000
34.860000
20.590000
16.950000
-14.100000
-14.100000
-14.100000
-14.100000
-14.100000
-14.100000
-14.100000
-14.100000
-14.100000
-14.100000
-14.670000
-21.090000
-37.350000
-34.390000
-61.750000
-71.070000
-44.650000
-45.330000
-14.490000
-21.250000
-29.710000
-29.710000
-29.710000
-29.710000
-29.710000
-29.710000
-29.710000
-29.710000
-29.710000
-29.710000
-29.710000
-29.710000
-29.710000
-29.710000
-29.710000
-29.710000
-29.710000
-29.710000
-29.710000
-29.710000
-29.710000
-29.710000
-29.710000
-29.710000
-29.710000
-29.710000
-29.710000
-29.710000
-29.710000
-29.710000
-41.290000
-45.280000
-38.730000
-29.780000
-17.810000
-3.550000
-7.880000
-51.260000
12.580000
-13.650000
46.600000
78.690000
75.010000
16.990000
67.880000
53.880000
38.190000
50.350000
36.060000
63.550000
77.280000
100.690000
68.770000
68.770000
68.770000
68.770000
68.770000
68.770000
68.770000
68.770000
68.770000
68.770000
68.770000
68.770000
68.770000
68.770000
68.770000
68.770000
68.770000
68.770000
68.770000
68.770000
68.770000
68.770000
68.770000
68.770000
68.770000
68.770000
68.770000
68.770000
68.770000
68.770000
68.770000
68.770000
68.770000
68.770000
68.770000
68.770000
68.770000
68.770000
68.770000
68.770000
68.770000
68.770000
68.770000
68.770000
68.770000
68.770000
68.770000
68.770000
68.770000
68.770000
68.770000
68.770000
68.770000
68.770000
68.770000
68.770000
68.770000
68.770000
68.770000
68.770000
68.770000
68.770000
68.770000
68.770000
68.770000
68.770000
68.770000
68.770000
68.770000
68.770000
68.770000
68.770000
68.770000
68.770000
68.770000
68.770000
68.770000
68.770000
68.770000
68.770000
68.770000
68.770000
68.770000
68.770000
68.770000
68.770000
68.770000
68.770000
68.770000
68.770000
68.770000
68.770000
68.770000
68.770000
68.770000
68.770000
68.770000
68.770000
68.770000
68.770000
68.770000
68.770000
68.770000
68.770000
68.770000
68.770000
68.770000
68.770000
68.770000
68.770000
68.770000
68.770000
68.770000
68.770000
68.770000
68.770000
68.770000
68.770000
68.770000
68.770000
68.770000
68.770000
68.770000
68.770000
68.770000
68.770000
68.770000
68.770000
68.770000
68.770000
68.770000
68.770000
68.770000
68.770000
68.770000
68.770000
68.770000
68.770000
68.770000
68.770000
68.770000
68.770000
68.770000
68.770000
68.770000
68.770000
68.770000
68.770000
68.770000
68.770000
68.770000
68.770000
68.770000
68.770000
68.770000
68.770000
68.770000
68.770000
68.770000
68.770000
68.770000
68.770000
68.770000
68.770000
68.770000
68.770000
68.770000
68.770000
68.770000
68.770000
68.770000
68.770000
68.770000
68.770000
68.770000
68.770000
68.770000
68.770000
68.770000
68.770000
68.770000
68.770000
68.770000
68.770000
68.770000
68.770000
68.770000
68.770000
68.770000
68.770000
68.770000
68.770000
68.770000
68.770000
68.770000
68.770000
68.770000
68.770000
68.770000
68.770000
68.770000
68.770000
68.770000
68.770000
68.770000
68.770000
68.770000
68.770000
68.770000
68.770000
68.770000
68.770000
68.770000
68.770000
68.770000
68.770000
68.770000
68.770000
68.770000
68.770000
68.770000
68.770000
68.770000
68.770000
68.770000
68.770000
68.770000
68.770000
68.770000
68.770000
68.770000
68.770000
68.770000
68.770000
68.770000
68.770000
68.770000
68.770000
68.770000
68.770000
68.770000
68.770000
68.770000
68.770000
68.770000
68.770000
68.770000
68.770000
68.770000
68.770000
68.770000
68.770000
68.770000
68.770000
68.770000
68.770000
68.770000
68.770000
68.770000
68.770000
68.770000
68.770000
68.770000
68.770000
68.770000
68.770000
68.770000
68.770000
68.770000
68.770000
68.770000
68.770000
68.770000
68.770000
68.770000
68.770000
68.770000
68.770000
68.770000
68.770000
68.770000
68.770000
68.770000
68.770000
68.770000
68.770000
68.770000
68.770000
68.770000
68.770000
68.770000
68.770000
68.770000
68.770000
68.770000
68.770000
68.770000
68.770000
68.770000
68.770000
68.770000
68.770000
68.770000
68.770000
68.770000
68.770000
68.770000
68.770000
68.770000
68.770000
68.770000
68.770000
68.770000
68.770000
68.770000
68.770000
68.770000
68.770000
68.770000
68.770000
68.770000
68.770000
68.770000
68.770000
68.770000
68.770000
68.770000
68.770000
68.770000
68.770000
68.770000
68.770000
68.770000
68.770000
68.770000
68.770000
68.770000
68.770000
68.770000
68.770000
68.770000
68.770000
68.770000
68.770000
68.770000
68.770000
68.770000
68.770000
68.770000
68.770000
68.770000
68.770000
68.770000
68.770000
68.770000
68.770000
68.770000
68.770000
68.770000
68.770000
68.770000
68.770000
68.770000
68.770000
68.770000
68.770000
68.770000
68.770000
68.770000
68.770000
68.770000
68.770000
68.770000
68.770000
68.770000
68.770000
68.770000
68.770000
68.770000
68.770000
68.770000
68.770000
68.770000
68.770000
68.770000
68.770000
68.770000
68.770000
68.770000
68.770000
68.770000
68.770000
68.770000
68.770000
68.770000
68.770000
68.770000
68.770000
68.770000
68.770000
68.770000
68.770000
68.770000
68.770000
68.770000
68.770000
68.770000
68.770000
68.770000
68.770000
68.770000
68.770000
68.770000
68.770000
68.770000
68.770000
68.770000
68.770000
68.770000
68.770000
68.770000
68.770000
68.770000
68.770000
68.770000
68.770000
68.770000
68.770000
68.770000
68.770000
68.770000
68.770000
68.770000
68.770000
68.770000
68.770000
68.770000
68.770000
68.770000
68.770000
68.770000
68.770000
68.770000
68.770000
68.770000
68.770000
68.770000
68.770000
68.770000
68.770000
68.770000
68.770000
68.770000
68.770000
68.770000
68.770000
68.770000
68.770000
68.770000
68.770000
68.770000
68.770000
68.770000
68.770000
68.770000
68.770000
68.770000
68.770000
68.770000
68.770000
68.770000
133.920000
81.970000
60.600000
94.650000
118.350000
137.300000
186.040000
216.190000
175.850000
262.570000
253.160000
195.560000
162.860000
153.700000
153.700000
153.700000
153.700000
153.700000
153.700000
153.700000
153.700000
153.700000
153.700000
153.700000
153.700000
153.700000
153.700000
153.700000
153.700000
153.700000
153.700000
153.700000
153.700000
153.700000
153.700000
153.700000
153.700000
153.700000
153.700000
153.700000
153.700000
153.700000
153.700000
153.700000
153.700000
153.700000
153.700000
153.700000
153.700000
153.700000
153.700000
153.700000
153.700000
153.700000
153.700000
153.700000
153.700000
153.700000
153.700000
153.700000
153.700000
153.700000
153.700000
153.700000
153.700000
153.700000
153.700000
153.700000
153.700000
153.700000
153.700000
153.700000
153.700000
153.700000
153.700000
153.700000
153.700000
153.700000
153.700000
153.700000
153.700000
153.700000
153.700000
153.700000
153.700000
153.700000
153.700000
153.700000
153.700000
153.700000
153.700000
153.700000
153.700000
153.700000
153.700000
153.700000
153.700000
153.700000
153.700000
153.700000
153.700000
153.700000
153.700000
153.700000
153.700000
153.700000
153.700000
153.700000
293.890000
293.390000
288.250000
226.600000
292.330000
299.440000
194.180000
194.180000
194.180000
-324.740000
-324.740000
-324.740000
-324.740000
-324.740000
-324.740000
-324.740000
-324.740000
-324.740000
-324.740000
-324.740000
-324.740000
-324.740000
-324.740000
-324.740000
-324.740000
-324.740000
-324.740000
-324.740000
-324.740000
-324.740000
-324.740000
-324.740000
-324.740000
-324.740000
-324.740000
-324.740000
-324.740000
-324.740000
-324.740000
-324.740000
-324.740000
-324.740000
-324.740000
-324.740000
-324.740000
-324.740000
-324.740000
-324.740000
-324.740000
-324.740000
-324.740000
-324.740000
-324.740000
-324.740000
-324.740000
-324.740000
-324.740000
-324.740000
-324.740000
-324.740000
-324.740000
-324.740000
-324.740000
-324.740000
-324.740000
-324.740000
-324.740000
-324.740000
-324.740000
-324.740000
-324.740000
-324.740000
-324.740000
-324.740000
-324.740000
-324.740000
-324.740000
-324.740000
-324.740000
-324.740000
-324.740000
-324.740000
-324.740000
-324.740000
-324.740000
-324.740000
-324.740000
-324.740000
-324.740000
-324.740000
-324.740000
-324.740000
-324.740000
-324.740000
-324.740000
-324.740000
-324.740000
-324.740000
-324.740000
-324.740000
-324.740000
-324.740000
-324.740000
-324.740000
-324.740000
-324.740000
-324.740000
-324.740000
-324.740000
-324.740000
-324.740000
-324.740000
-324.740000
-324.740000
-324.740000
-309.400000
-220.580000
-499.660000
-644.950000
-601.880000
-464.490000
-521.170000
-524.210000
-617.130000
-542.290000
-521.580000
-204.910000
-246.270000
-331.100000
-357.670000
-437.830000
-448.230000
-498.940000
-436.190000
-436.190000
-436.190000
-436.190000
-436.190000
-436.190000
-436.190000
-436.190000
-436.190000
-436.190000
-436.190000
-436.190000
-436.190000
-436.190000
-436.190000
-436.190000
-436.190000
-436.190000
-436.190000
-436.190000
-436.190000
-436.190000
-436.190000
-436.190000
-436.190000
-436.190000
-436.190000
-436.190000
-436.190000
-436.190000
-436.190000
-436.190000
-436.190000
-436.190000
-436.190000
-436.190000
-436.190000
-436.190000
-436.190000
-436.190000
-436.190000
-436.190000
-436.190000
-436.190000
-436.190000
-436.190000
-436.190000
-436.190000
-436.190000
-436.190000
-436.190000
-436.190000
-436.190000
-436.190000
-436.190000
-436.190000
-436.190000
-436.190000
-436.190000
-436.190000
-436.190000
-436.190000
-436.190000
-436.190000
-436.190000
-436.190000
-436.190000
-436.190000
-436.190000
-436.190000
-436.190000
-436.190000
-436.190000
-436.190000
-436.190000
-436.190000
-436.190000
-436.190000
-436.190000
-436.190000
-436.190000
-436.190000
-436.190000
-436.190000
-436.190000
-436.190000
-436.190000
-436.190000
-436.190000
-436.190000
-436.190000
-436.190000
-436.190000
-436.190000
-436.190000
-436.190000
-436.190000
-436.190000
-436.190000
-436.190000
-436.190000
-436.190000
-436.190000
-436.190000
-436.190000
-436.190000
-436.190000
-436.190000
-436.190000
-436.190000
-436.190000
-436.190000
-436.190000
-436.190000
-436.190000
-436.190000
-436.190000
-436.190000
-436.190000
-436.190000
-436.190000
-436.190000
-436.190000
-436.190000
-436.190000
-436.190000
-436.190000
-436.190000
-436.190000
-436.190000
-436.190000
-436.190000
-436.190000
-436.190000
-436.190000
-436.190000
-436.190000
-436.190000
-436.190000
-436.190000
-436.190000
-436.190000
-436.190000
-436.190000
-436.190000
-436.190000
-436.190000
-436.190000
-436.190000
-436.190000
-436.190000
-436.190000
-436.190000
-436.190000
-436.190000
-436.190000
-436.190000
-436.190000
-436.190000
-436.190000
-436.190000
-436.190000
-436.190000
-436.190000
-436.190000
-436.190000
-436.190000
-436.190000
-436.190000
-436.190000
-436.190000
-436.190000
-436.190000
-436.190000
-436.190000
-436.190000
-436.190000
-436.190000
-436.190000
-436.190000
-436.190000
-436.190000
-436.190000
-436.190000
-436.190000
-436.190000
-436.190000
-436.190000
-436.190000
-436.190000
-436.190000
-436.190000
-436.190000
-436.190000
-436.190000
-436.190000
-436.190000
-436.190000
-436.190000
-436.190000
-436.190000
-436.190000
-436.190000
-436.190000
-436.190000
-436.190000
-436.190000
-436.190000
-436.190000
-436.190000
-436.190000
-436.190000
-436.190000
-436.190000
-436.190000
-436.190000
-436.190000
-436.190000
-436.190000
-436.190000
-436.190000
-436.190000
-436.190000
-436.190000
-436.190000
-436.190000
-436.190000
-436.190000
-436.190000
-436.190000
-436.190000
-436.190000
-436.190000
-436.190000
-436.190000
-436.190000
-436.190000
-436.190000
-436.190000
-436.190000
-436.190000
-436.190000
-436.190000
-436.190000
-436.190000
-436.190000
-436.190000
-436.190000
-436.190000
-436.190000
-436.190000
-436.190000
-436.190000
-436.190000
-436.190000
-436.190000
-436.190000
-436.190000
-436.190000
-436.190000
-436.190000
-436.190000
-436.190000
-224.200000
-161.460000
-217.730000
-248.260000
-231.610000
-239.440000
-320.550000
-327.510000
-250.290000
-94.720000
-67.020000
-112.110000
-186.890000
-141.150000
-106.050000
-48.710000
-137.860000
-137.860000
-137.860000
-137.860000
-137.860000
-137.860000
-137.860000
-137.860000
-137.860000
-137.860000
-137.860000
-137.860000
-137.860000
-137.860000
-137.860000
-137.860000
-137.860000
-137.860000
-137.860000
-137.860000
-137.860000
-137.860000
-137.860000
-137.860000
-137.860000
-137.860000
-137.860000
-137.860000
-137.860000
-137.860000
-137.860000
-137.860000
-137.860000
-137.860000
-137.860000
-137.860000
-137.860000
-137.860000
-137.860000
-137.860000
-137.860000
-137.860000
-137.860000
-137.860000
-137.860000
-137.860000
-137.860000
-137.860000
-137.860000
-137.860000
-137.860000
-137.860000
-137.860000
-137.860000
-137.860000
-137.860000
-137.860000
-137.860000
-137.860000
-137.860000
-137.860000
-137.860000
-137.860000
-137.860000
-137.860000
-137.860000
-137.860000
-137.860000
-137.860000
-137.860000
-137.860000
-137.860000
-110.920000
-58.410000
-279.020000
-359.890000
-380.310000
-332.690000
-382.000000
-361.060000
-284.340000
-135.060000
-147.410000
-41.870000
16.840000
10.730000
47.870000
64.250000
54.920000
52.590000
89.490000
140.880000
54.120000
151.900000
63.850000
63.850000
63.850000
63.850000
63.850000
63.850000
63.850000
63.850000
63.850000
63.850000
63.850000
63.850000
63.850000
63.850000
63.850000
63.850000
63.850000
63.850000
63.850000
63.850000
63.850000
63.850000
63.850000
63.850000
63.850000
63.850000
63.850000
63.850000
63.850000
63.850000
63.850000
63.850000
63.850000
63.850000
63.850000
63.850000
63.850000
63.850000
63.850000
63.850000
63.850000
63.850000
63.850000
63.850000
63.850000
63.850000
63.850000
63.850000
63.850000
63.850000
63.850000
63.850000
63.850000
63.850000
63.850000
63.850000
63.850000
63.850000
63.850000
63.850000
63.850000
63.850000
63.850000
63.850000
63.850000
63.850000
63.850000
63.850000
63.850000
63.850000
63.850000
63.850000
63.850000
63.850000
63.850000
63.850000
63.850000
63.850000
63.850000
63.850000
63.850000
63.850000
63.850000
63.850000
63.850000
63.850000
63.850000
63.850000
63.850000
63.850000
63.850000
63.850000
63.850000
63.850000
63.850000
63.850000
63.850000
63.850000
63.850000
63.850000
63.850000
63.850000
63.850000
63.850000
63.850000
63.850000
63.850000
63.850000
63.850000
63.850000
63.850000
63.850000
63.850000
63.850000
63.850000
63.850000
63.850000
63.850000
63.850000
63.850000
63.850000
63.850000
63.850000
63.850000
63.850000
63.850000
63.850000
63.850000
63.850000
63.850000
63.850000
63.850000
63.850000
63.850000
63.850000
63.850000
63.850000
63.850000
63.850000
63.850000
63.850000
63.850000
63.850000
63.850000
63.850000
63.850000
63.850000
63.850000
63.850000
63.850000
63.850000
63.850000
63.850000
63.850000
63.850000
63.850000
63.850000
63.850000
63.850000
63.850000
63.850000
63.850000
63.850000
63.850000
63.850000
63.850000
63.850000
63.850000
63.850000
63.850000
63.850000
63.850000
63.850000
63.850000
63.850000
63.850000
63.850000
63.850000
63.850000
63.850000
63.850000
63.850000
63.850000
63.850000
63.850000
63.850000
63.850000
63.850000
63.850000
63.850000
63.850000
63.850000
63.850000
88.540000
-15.720000
-61.430000
36.040000
185.400000
166.540000
125.820000
216.000000
248.500000
305.340000
299.120000
202.900000
-314.160000
-452.560000
-516.880000
-612.840000
-591.480000
-539.820000
-632.640000
-678.240000
-661.670000
-576.890000
-525.630000
-525.630000
-525.630000
-525.630000
-525.630000
-525.630000
-525.630000
-525.630000
-525.630000
-525.630000
-525.630000
-525.630000
-525.630000
-525.630000
-525.630000
-525.630000
-525.630000
-525.630000
-525.630000
-525.630000
-525.630000
-525.630000
-525.630000
-525.630000
-525.630000
-525.630000
-525.630000
-525.630000
-525.630000
-525.630000
-525.630000
-525.630000
-525.630000
-525.630000
-525.630000
-525.630000
-525.630000
-525.630000
-525.630000
-525.630000
-525.630000
-525.630000
-525.630000
-525.630000
-525.630000
-482.400000
-478.490000
-443.180000
-436.720000
-470.540000
-416.910000
-350.390000
-361.710000
-124.070000
-205.720000
-238.160000
-242.760000
-278.510000
-277.480000
-333.780000
-333.780000
-333.780000
-333.780000
-333.780000
-333.780000
-333.780000
-333.780000
-333.780000
-333.780000
-333.780000
-333.780000
-333.780000
-333.780000
-333.780000
-333.780000
-333.780000
-333.780000
-333.780000
-333.780000
-333.780000
-333.780000
-333.780000
-333.780000
-333.780000
-333.780000
-333.780000
-333.780000
-333.780000
-333.780000
-333.780000
-333.780000
-333.780000
-333.780000
-333.780000
-333.780000
-333.780000
-333.780000
-333.780000
-333.780000
-333.780000
-333.780000
-333.780000
-333.780000
-333.780000
-333.780000
-333.780000
-333.780000
-333.780000
-333.780000
-333.780000
-333.780000
-333.780000
-333.780000
-333.780000
-333.780000
-333.780000
-333.780000
-333.780000
-333.780000
-333.780000
-333.780000
-333.780000
-333.780000
-333.780000
-333.780000
-333.780000
-333.780000
-333.780000
-333.780000
-333.780000
-333.780000
-333.780000
-333.780000
-333.780000
-333.780000
-333.780000
-333.780000
-333.780000
-333.780000
-333.780000
-333.780000
-333.780000
-333.780000
-333.780000
-333.780000
-333.780000
-333.780000
-333.780000
-333.780000
-333.780000
-333.780000
-333.780000
-333.780000
-333.780000
-333.780000
-333.780000
-333.780000
-333.780000
-333.780000
-333.780000
-333.780000
-333.780000
-333.780000
-333.780000
-333.780000
-333.780000
-333.780000
-333.780000
-333.780000
-319.280000
-347.620000
-417.310000
-383.160000
-449.110000
-468.830000
-534.040000
-592.360000
-606.550000
-555.940000
-412.730000
-336.690000
-372.550000
-352.150000
-380.430000
-340.630000
-327.920000
-244.420000
-210.880000
-67.580000
-17.390000
-55.790000
-50.530000
-24.110000
-107.940000
-105.230000
-125.420000
-115.790000
-231.890000
-231.890000
-231.890000
-231.890000
-231.890000
-231.890000
-231.890000
-231.890000
-231.890000
-231.890000
-231.890000
-231.890000
-231.890000
-231.890000
-231.890000
-231.890000
-231.890000
-231.890000
-231.890000
-231.890000
-231.890000
-231.890000
-231.890000
-231.890000
-231.890000
-231.890000
-231.890000
-231.890000
-231.890000
-231.890000
-231.890000
-231.890000
-231.890000
-231.890000
-231.890000
-231.890000
-231.890000
-231.890000
-231.890000
-231.890000
-231.890000
-231.890000
-231.890000
-231.890000
-231.890000
-231.890000
-231.890000
-231.890000
-231.890000
-231.890000
-231.890000
-231.890000
-231.890000
-231.890000
-231.890000
-231.890000
-231.890000
-231.890000
-231.890000
-231.890000
-231.890000
-231.890000
-231.890000
-231.890000
-231.890000
-231.890000
-231.890000
-231.890000
-231.890000
-231.890000
-231.890000
-231.890000
-231.890000
-231.890000
-231.890000
-231.890000
-231.890000
-231.890000
-231.890000
-231.890000
-231.890000
-231.890000
-231.890000
-231.890000
-231.890000
-231.890000
-231.890000
-231.890000
-231.890000
-231.890000
-231.890000
-231.890000
-231.890000
-231.890000
-231.890000
-231.890000
-231.890000
-231.890000
-231.890000
-231.890000
-231.890000
-231.890000
-231.890000
-231.890000
-231.890000
-231.890000
-231.890000
-231.890000
-231.890000
-231.890000
-231.890000
-231.890000
-231.890000
-231.890000
-231.890000
-231.890000
-231.890000
-231.890000
-231.890000
-231.890000
-231.890000
-231.890000
-231.890000
-231.890000
-231.890000
-231.890000
-231.890000
-231.890000
-231.890000
-231.890000
-231.890000
-231.890000
-231.890000
-231.890000
-231.890000
-231.890000
-231.890000
-231.890000
-231.890000
-231.890000
-231.890000
-231.890000
-231.890000
-231.890000
-231.890000
-231.890000
-231.890000
-231.890000
-231.890000
-231.890000
-231.890000
-231.890000
-231.890000
-231.890000
-231.890000
-231.890000
-231.890000
-231.890000
-231.890000
-231.890000
-231.890000
-231.890000
-231.890000
-231.890000
-231.890000
-231.890000
-231.890000
-231.890000
-231.890000
-231.890000
-231.890000
-231.890000
-231.890000
-231.890000
-231.890000
-189.070000
-168.740000
-239.640000
-221.820000
-266.660000
-393.940000
-498.000000
-443.460000
-440.520000
-403.740000
-316.500000
-323.820000
-422.560000
-453.680000
-415.740000
-331.860000
-283.780000
-207.160000
-132.500000
-21.360000
-25.900000
98.120000
113.140000
4.220000
11.060000
-101.920000
-69.900000
-77.280000
-27.060000
30.280000
8.660000
8.660000
8.660000
8.660000
8.660000
8.660000
8.660000
8.660000
8.660000
8.660000
8.660000
8.660000
8.660000
8.660000
8.660000
8.660000
8.660000
8.660000
8.660000
8.660000
8.660000
8.660000
8.660000
8.660000
8.660000
8.660000
8.660000
8.660000
8.660000
8.660000
8.660000
8.660000
8.660000
8.660000
8.660000
8.660000
8.660000
8.660000
8.660000
8.660000
8.660000
8.660000
8.660000
8.660000
8.660000
8.660000
8.660000
8.660000
8.660000
8.660000
8.660000
8.660000
8.660000
8.660000
8.660000
8.660000
8.660000
8.660000
8.660000
8.660000
8.660000
8.660000
8.660000
8.660000
8.660000
8.660000
8.660000
8.660000
8.660000
8.660000
8.660000
8.660000
8.660000
8.660000
8.660000
8.660000
8.660000
8.660000
8.660000
8.660000
8.660000
8.660000
8.660000
8.660000
8.660000
8.660000
8.660000
8.660000
8.660000
8.660000
8.660000
8.660000
8.660000
8.660000
8.660000
8.660000
8.660000
8.660000
8.660000
8.660000
8.660000
8.660000
8.660000
8.660000
8.660000
8.660000
8.660000
8.660000
8.660000
8.660000
8.660000
8.660000
8.660000
8.660000
8.660000
8.660000
8.660000
8.660000
8.660000
8.660000
8.660000
8.660000
8.660000
8.660000
8.660000
8.660000
8.660000
8.660000
8.660000
8.660000
8.660000
8.660000
8.660000
8.660000
8.660000
8.660000
8.660000
8.660000
8.660000
8.660000
8.660000
8.660000
8.660000
8.660000
8.660000
8.660000
8.660000
8.660000
8.660000
8.660000
8.660000
8.660000
8.660000
8.660000
8.660000
8.660000
8.660000
8.660000
8.660000
8.660000
8.660000
8.660000
8.660000
8.660000
8.660000
8.660000
8.660000
8.660000
8.660000
8.660000
8.660000
8.660000
8.660000
8.660000
8.660000
8.660000
8.660000
8.660000
8.660000
8.660000
8.660000
8.660000
8.660000
8.660000
8.660000
8.660000
8.660000
8.660000
8.660000
8.660000
8.660000
8.660000
8.660000
8.660000
8.660000
8.660000
8.660000
8.660000
8.660000
8.660000
8.660000
8.660000
8.660000
8.660000
8.660000
8.660000
8.660000
8.660000
8.660000
8.660000
8.660000
42.890000
34.650000
30.080000
47.380000
49.380000
105.490000
130.590000
65.750000
111.360000
62.610000
63.290000
25.170000
25.170000
25.170000
25.170000
25.170000
25.170000
25.170000
25.170000
25.170000
25.170000
25.170000
25.170000
25.170000
25.170000
25.170000
25.170000
25.170000
25.170000
25.170000
25.170000
25.170000
25.170000
25.170000
25.170000
25.170000
25.170000
25.170000
25.170000
25.170000
25.170000
25.170000
25.170000
25.170000
25.170000
25.170000
25.170000
25.170000
25.170000
25.170000
25.170000
25.170000
25.170000
25.170000
25.170000
25.170000
25.170000
25.170000
25.170000
25.170000
25.170000
25.170000
25.170000
25.170000
25.170000
25.170000
25.170000
25.170000
25.170000
25.170000
25.170000
25.170000
25.170000
25.170000
25.170000
25.170000
25.170000
25.170000
25.170000
25.170000
25.170000
25.170000
25.170000
25.170000
25.170000
25.170000
25.170000
25.170000
25.170000
25.170000
25.170000
25.170000
25.170000
25.170000
25.170000
25.170000
25.170000
25.170000
25.170000
25.170000
25.170000
25.170000
25.170000
25.170000
25.170000
25.170000
25.170000
25.170000
25.170000
25.170000
25.170000
25.170000
25.170000
25.170000
25.170000
25.170000
25.170000
25.170000
25.170000
25.170000
25.170000
25.170000
25.170000
25.170000
25.170000
25.170000
25.170000
25.170000
25.170000
25.170000
25.170000
25.170000
25.170000
25.170000
25.170000
25.170000
25.170000
25.170000
25.170000
25.170000
25.170000
25.170000
25.170000
25.170000
25.170000
25.170000
25.170000
25.170000
25.170000
25.170000
25.170000
25.170000
25.170000
25.170000
25.170000
25.170000
25.170000
25.170000
25.170000
25.170000
25.170000
25.170000
25.170000
25.170000
25.170000
25.170000
25.170000
25.170000
25.170000
25.170000
25.170000
25.170000
25.170000
25.170000
25.170000
25.170000
25.170000
25.170000
25.170000
25.170000
25.170000
25.170000
25.170000
25.170000
25.170000
25.170000
25.170000
25.170000
25.170000
25.170000
25.170000
25.170000
25.170000
25.170000
25.170000
25.170000
25.170000
25.170000
25.170000
25.170000
25.170000
25.170000
25.170000
25.170000
25.170000
25.170000
25.170000
25.170000
25.170000
25.170000
25.170000
25.170000
25.170000
25.170000
25.170000
25.170000
25.170000
25.170000
25.170000
25.170000
25.170000
25.170000
25.170000
25.170000
25.170000
25.170000
25.170000
25.170000
25.170000
25.170000
25.170000
25.170000
25.170000
25.170000
25.170000
25.170000
25.170000
25.170000
25.170000
25.170000
25.170000
25.170000
25.170000
25.170000
25.170000
25.170000
25.170000
25.170000
25.170000
25.170000
25.170000
25.170000
25.170000
25.170000
25.170000
25.170000
25.170000
25.170000
25.170000
25.170000
25.170000
25.170000
25.170000
25.170000
25.170000
25.170000
25.170000
25.170000
25.170000
25.170000
25.170000
25.170000
25.170000
25.170000
25.170000
25.170000
25.170000
25.170000
25.170000
25.170000
25.170000
25.170000
25.170000
25.170000
25.170000
25.170000
25.170000
25.170000
25.170000
25.170000
25.170000
25.170000
25.170000
25.170000
25.170000
25.170000
25.170000
25.170000
25.170000
25.170000
25.170000
25.170000
25.170000
25.170000
25.170000
25.170000
25.170000
25.170000
25.170000
25.170000
25.170000
25.170000
25.170000
25.170000
25.170000
25.170000
25.170000
25.170000
25.170000
25.170000
25.170000
25.170000
25.170000
25.170000
25.170000
25.170000
25.170000
25.170000
25.170000
25.170000
25.170000
25.170000
25.170000
25.170000
25.170000
25.170000
25.170000
25.170000
25.170000
25.170000
25.170000
25.170000
25.170000
25.170000
25.170000
25.170000
25.170000
25.170000
25.170000
25.170000
25.170000
25.170000
25.170000
25.170000
25.170000
25.170000
24.490000
12.530000
76.540000
123.160000
120.560000
137.180000
148.640000
127.840000
187.770000
179.710000
157.010000
82.950000
82.950000
82.950000
82.950000
82.950000
82.950000
82.950000
82.950000
82.950000
82.950000
82.950000
82.950000
82.950000
82.950000
82.950000
82.950000
82.950000
82.950000
82.950000
82.950000
82.950000
82.950000
82.950000
82.950000
82.950000
82.950000
82.950000
82.950000
82.950000
82.950000
82.950000
82.950000
82.950000
82.950000
82.950000
82.950000
82.950000
82.950000
82.950000
82.950000
82.950000
82.950000
82.950000
82.950000
82.950000
82.950000
82.950000
82.950000
82.950000
82.950000
82.950000
82.950000
82.950000
82.950000
82.950000
82.950000
82.950000
82.950000
82.950000
82.950000
82.950000
82.950000
82.950000
82.950000
82.950000
82.950000
82.950000
82.950000
82.950000
82.950000
82.950000
82.950000
82.950000
82.950000
82.950000
82.950000
82.950000
82.950000
82.950000
82.950000
82.950000
82.950000
82.950000
82.950000
82.950000
82.950000
82.950000
82.950000
82.950000
82.950000
82.950000
82.950000
82.950000
82.950000
82.950000
82.950000
82.950000
82.950000
82.950000
82.950000
82.950000
82.950000
82.950000
82.950000
82.950000
82.950000
82.950000
82.950000
82.950000
82.950000
82.950000
82.950000
82.950000
82.950000
82.950000
82.950000
82.950000
82.950000
82.950000
82.950000
82.950000
82.950000
82.950000
82.950000
82.950000
82.950000
82.950000
82.950000
82.950000
82.950000
82.950000
82.950000
82.950000
82.950000
82.950000
82.950000
82.950000
82.950000
82.950000
82.950000
82.950000
82.950000
82.950000
82.950000
82.950000
82.950000
82.950000
82.950000
82.950000
82.950000
82.950000
82.950000
82.950000
82.950000
82.950000
82.950000
82.950000
82.950000
82.950000
82.950000
82.950000
82.950000
82.950000
82.950000
82.950000
82.950000
82.950000
82.950000
82.950000
82.950000
82.950000
82.950000
82.950000
82.950000
82.950000
82.950000
82.950000
82.950000
82.950000
82.950000
82.950000
82.950000
82.950000
82.950000
82.950000
82.950000
82.950000
82.950000
82.950000
82.950000
82.950000
82.950000
82.950000
82.950000
82.950000
82.950000
82.950000
82.950000
82.950000
82.950000
82.950000
82.950000
82.950000
82.950000
82.950000
82.950000
82.950000
82.950000
82.950000
82.950000
82.950000
82.950000
82.950000
82.950000
82.950000
65.480000
160.500000
170.650000
154.370000
186.280000
189.430000
209.610000
199.730000
268.480000
278.640000
316.120000
278.170000
265.760000
251.990000
228.550000
187.780000
187.780000
187.780000
187.780000
187.780000
187.780000
187.780000
187.780000
187.780000
187.780000
187.780000
187.780000
187.780000
187.780000
187.780000
187.780000
187.780000
187.780000
187.780000
187.780000
187.780000
187.780000
187.780000
187.780000
187.780000
187.780000
187.780000
187.780000
187.780000
187.780000
187.780000
187.780000
187.780000
187.780000
187.780000
187.780000
187.780000
187.780000
187.780000
187.780000
187.780000
187.780000
187.780000
187.780000
187.780000
187.780000
187.780000
187.780000
187.780000
187.780000
187.780000
187.780000
187.780000
187.780000
187.780000
187.780000
187.780000
187.780000
187.780000
187.780000
187.780000
187.780000
187.780000
187.780000
187.780000
187.780000
187.780000
187.780000
187.780000
187.780000
187.780000
187.780000
187.780000
187.780000
187.780000
187.780000
187.780000
187.780000
187.780000
187.780000
187.780000
187.780000
187.780000
187.780000
187.780000
187.780000
187.780000
187.780000
187.780000
187.780000
187.780000
187.780000
187.780000
187.780000
187.780000
187.780000
187.780000
187.780000
187.780000
187.780000
187.780000
187.780000
187.780000
187.780000
187.780000
187.780000
187.780000
187.780000
187.780000
187.780000
187.780000
187.780000
187.780000
187.780000
187.780000
187.780000
187.780000
187.780000
187.780000
187.780000
187.780000
187.780000
187.780000
187.780000
187.780000
187.780000
187.780000
187.780000
187.780000
187.780000
187.780000
187.780000
187.780000
208.190000
244.690000
232.010000
192.010000
192.010000
192.010000
192.010000
192.010000
192.010000
192.010000
192.010000
164.420000
180.670000
162.590000
175.430000
230.390000
228.310000
223.310000
199.650000
199.650000
199.650000
199.650000
199.650000
199.650000
199.650000
199.650000
199.650000
199.650000
199.650000
199.650000
199.650000
199.650000
199.650000
199.650000
199.650000
199.650000
199.650000
199.650000
199.650000
199.650000
199.650000
199.650000
199.650000
199.650000
199.650000
199.650000
199.650000
199.650000
199.650000
199.650000
199.650000
199.650000
199.650000
199.650000
199.650000
199.650000
199.650000
199.650000
199.650000
199.650000
199.650000
199.650000
199.650000
199.650000
199.650000
199.650000
199.650000
199.650000
199.650000
199.650000
199.650000
199.650000
199.650000
199.650000
199.650000
199.650000
199.650000
199.650000
199.650000
199.650000
199.650000
199.650000
199.650000
199.650000
199.650000
199.650000
199.650000
199.650000
199.650000
199.650000
199.650000
199.650000
199.650000
199.650000
199.650000
199.650000
199.650000
199.650000
199.650000
199.650000
199.650000
199.650000
199.650000
199.650000
199.650000
199.650000
199.650000
199.650000
199.650000
199.650000
199.650000
199.650000
199.650000
199.650000
199.650000
199.650000
199.650000
199.650000
199.650000
199.650000
199.650000
199.650000
199.650000
199.650000
199.650000
199.650000
199.650000
199.650000
199.650000
199.650000
199.650000
199.650000
199.650000
174.530000
174.840000
175.830000
155.110000
208.540000
190.910000
142.130000
111.560000
224.200000
289.140000
289.120000
275.660000
235.990000
269.630000
244.430000
248.990000
242.080000
264.420000
238.870000
260.290000
267.050000
250.400000
250.400000
250.400000
250.400000
250.400000
250.400000
250.400000
250.400000
250.400000
250.400000
250.400000
250.400000
250.400000
250.400000
250.400000
250.400000
250.400000
250.400000
250.400000
250.400000
250.400000
250.400000
250.400000
250.400000
250.400000
250.400000
250.400000
250.400000
250.400000
250.400000
250.400000
250.400000
250.400000
250.400000
250.400000
250.400000
250.400000
250.400000
250.400000
250.400000
250.400000
250.400000
250.400000
250.400000
250.400000
250.400000
250.400000
250.400000
250.400000
250.400000
250.400000
250.400000
250.400000
250.400000
250.400000
250.400000
250.400000
250.400000
250.400000
250.400000
250.400000
250.400000
250.400000
250.400000
250.400000
250.400000
250.400000
250.400000
250.400000
250.400000
250.400000
250.400000
250.400000
250.400000
250.400000
250.400000
250.400000
250.400000
250.400000
250.400000
250.400000
250.400000
250.400000
250.400000
250.400000
250.400000
250.400000
250.400000
250.400000
250.400000
250.400000
250.400000
250.400000
250.400000
250.400000
250.400000
250.400000
250.400000
250.400000
328.560000
350.080000
313.790000
313.790000
313.790000
313.790000
313.790000
313.790000
313.790000
313.790000
313.790000
313.790000
313.790000
313.790000
313.790000
313.790000
313.790000
313.790000
313.790000
313.790000
313.790000
313.790000
313.790000
313.790000
313.790000
313.790000
313.790000
313.790000
313.790000
313.790000
313.790000
313.790000
313.790000
313.790000
313.790000
313.790000
313.790000
313.790000
313.790000
313.790000
313.790000
313.790000
313.790000
313.790000
313.790000
313.790000
313.790000
313.790000
313.790000
313.790000
313.790000
313.790000
313.790000
313.790000
313.790000
313.790000
313.790000
313.790000
313.790000
313.790000
313.790000
313.790000
313.790000
313.790000
313.790000
313.790000
313.790000
313.790000
313.790000
313.790000
313.790000
313.790000
313.790000
313.790000
313.790000
313.790000
313.790000
313.790000
313.790000
313.790000
313.790000
313.790000
313.790000
313.790000
313.790000
313.790000
313.790000
313.790000
313.790000
313.790000
313.790000
313.790000
313.790000
313.790000
313.790000
313.790000
313.790000
313.790000
313.790000
313.790000
313.790000
313.790000
313.790000
313.790000
313.790000
313.790000
313.790000
313.790000
313.790000
313.790000
313.790000
313.790000
313.790000
313.790000
313.790000
313.790000
313.790000
313.790000
313.790000
313.790000
313.790000
313.790000
313.790000
264.090000
288.380000
346.470000
441.860000
477.860000
456.470000
486.140000
483.160000
407.000000
242.360000
23.830000
74.830000
-30.530000
14.190000
97.620000
51.630000
-162.570000
195.390000
60.670000
97.510000
94.690000
-46.370000
300.010000
443.080000
576.820000
499.270000
836.530000
795.040000
664.570000
435.010000
-11.030000
-11.030000
-11.030000
-11.030000
-8.600000
-89.200000
-2.060000
101.360000
78.670000
78.670000
78.670000
78.670000
78.670000
78.670000
78.670000
78.670000
78.670000
78.670000
78.670000
78.670000
78.670000
78.670000
78.670000
78.670000
78.670000
78.670000
78.670000
78.670000
78.670000
78.670000
78.670000
78.670000
78.670000
78.670000
78.670000
78.670000
78.670000
78.670000
78.670000
78.670000
78.670000
78.670000
78.670000
78.670000
78.670000
78.670000
78.670000
78.670000
78.670000
78.670000
78.670000
78.670000
78.670000
78.670000
78.670000
78.670000
78.670000
78.670000
78.670000
78.670000
78.670000
78.670000
78.670000
78.670000
78.670000
78.670000
78.670000
78.670000
78.670000
78.670000
78.670000
78.670000
78.670000
78.670000
78.670000
78.670000
78.670000
78.670000
78.670000
78.670000
78.670000
78.670000
78.670000
78.670000
78.670000
78.670000
78.670000
78.670000
78.670000
78.670000
78.670000
78.670000
78.670000
78.670000
78.670000
78.670000
78.670000
78.670000
78.670000
78.670000
78.670000
78.670000
78.670000
78.670000
78.670000
78.670000
78.670000
78.670000
78.670000
78.670000
78.670000
78.670000
78.670000
78.670000
78.670000
78.670000
78.670000
78.670000
78.670000
78.670000
78.670000
78.670000
78.670000
78.670000
78.670000
78.670000
78.670000
78.670000
78.670000
78.670000
78.670000
78.670000
78.670000
78.670000
78.670000
78.670000
78.670000
78.670000
78.670000
78.670000
78.670000
78.670000
78.670000
78.670000
78.670000
78.670000
78.670000
78.670000
78.670000
78.670000
78.670000
78.670000
78.670000
78.670000
78.670000
78.670000
78.670000
78.670000
78.670000
78.670000
78.670000
78.670000
78.670000
78.670000
78.670000
78.670000
78.670000
78.670000
78.670000
78.670000
78.670000
78.670000
78.670000
78.670000
78.670000
78.670000
78.670000
78.670000
78.670000
78.670000
78.670000
78.670000
78.670000
78.670000
78.670000
78.670000
78.670000
78.670000
78.670000
78.670000
78.670000
78.670000
78.670000
78.670000
78.670000
78.670000
78.670000
78.670000
78.670000
78.670000
78.670000
78.670000
78.670000
78.670000
78.670000
78.670000
78.670000
78.670000
78.670000
78.670000
78.670000
78.670000
78.670000
78.670000
78.670000
78.670000
78.670000
78.670000
78.670000
78.670000
78.670000
78.670000
78.670000
78.670000
78.670000
78.670000
78.670000
78.670000
78.670000
78.670000
78.670000
78.670000
78.670000
78.670000
78.670000
78.670000
78.670000
78.670000
78.670000
78.670000
78.670000
78.670000
78.670000
78.670000
78.670000
78.670000
78.670000
78.670000
78.670000
78.670000
78.670000
78.670000
78.670000
78.670000
78.670000
78.670000
78.670000
78.670000
78.670000
78.670000
78.670000
78.670000
78.670000
78.670000
78.670000
78.670000
78.670000
78.670000
78.670000
78.670000
78.670000
78.670000
78.670000
78.670000
78.670000
78.670000
78.670000
78.670000
78.670000
78.670000
78.670000
78.670000
78.670000
78.670000
78.670000
78.670000
78.670000
78.670000
78.670000
78.670000
78.670000
78.670000
78.670000
78.670000
78.670000
78.670000
78.670000
78.670000
78.670000
78.670000
78.670000
78.670000
78.670000
78.670000
78.670000
78.670000
78.670000
78.670000
78.670000
78.670000
78.670000
78.670000
78.670000
78.670000
78.670000
78.670000
78.670000
78.670000
107.650000
73.680000
27.010000
55.840000
50.120000
57.130000
98.550000
138.140000
187.340000
159.220000
135.000000
89.210000
89.210000
89.210000
89.210000
89.210000
89.210000
89.210000
89.210000
89.210000
89.210000
89.210000
89.210000
89.210000
89.210000
89.210000
89.210000
89.210000
89.210000
89.210000
89.210000
89.210000
89.210000
89.210000
89.210000
89.210000
89.210000
89.210000
89.210000
89.210000
89.210000
89.210000
89.210000
89.210000
89.210000
89.210000
89.210000
89.210000
89.210000
89.210000
89.210000
89.210000
89.210000
89.210000
89.210000
89.210000
89.210000
89.210000
89.210000
89.210000
89.210000
89.210000
35.700000
41.930000
91.100000
112.330000
104.610000
118.220000
131.810000
142.870000
159.200000
145.100000
147.550000
142.490000
154.980000
165.410000
178.440000
171.200000
199.810000
194.450000
200.910000
219.560000
213.620000
431.510000
393.640000
464.570000
481.110000
491.490000
498.630000
536.050000
532.750000
524.350000
614.760000
552.820000
532.080000
541.660000
538.460000
526.150000
547.760000
550.130000
572.680000
594.640000
584.000000
626.930000
556.800000
556.800000
556.800000
556.800000
556.800000
556.800000
556.800000
556.800000
556.800000
556.800000
556.800000
556.800000
556.800000
556.800000
556.800000
556.800000
556.800000
556.800000
556.800000
556.800000
556.800000
556.800000
556.800000
556.800000
556.800000
556.800000
556.800000
556.800000
556.800000
556.800000
556.800000
556.800000
556.800000
556.800000
556.800000
556.800000
556.800000
556.800000
556.800000
556.800000
556.800000
556.800000
556.800000
556.800000
556.800000
556.800000
556.800000
556.800000
556.800000
556.800000
556.800000
556.800000
556.800000
556.800000
556.800000
556.800000
556.800000
556.800000
556.800000
556.800000
556.800000
556.800000
556.800000
556.800000
556.800000
556.800000
556.800000
556.800000
556.800000
556.800000
556.800000
556.800000
556.800000
556.800000
556.800000
556.800000
556.800000
556.800000
556.800000
556.800000
556.800000
556.800000
556.800000
556.800000
556.800000
556.800000
556.800000
556.800000
556.800000
556.800000
556.800000
556.800000
556.800000
556.800000
556.800000
556.800000
556.800000
556.800000
556.800000
556.800000
556.800000
556.800000
556.800000
556.800000
556.800000
556.800000
556.800000
556.800000
556.800000
556.800000
556.800000
556.800000
556.800000
556.800000
556.800000
556.800000
556.800000
556.800000
556.800000
556.800000
556.800000
556.800000
556.800000
556.800000
556.800000
556.800000
556.800000
556.800000
556.800000
556.800000
556.800000
556.800000
556.800000
556.800000
556.800000
556.800000
556.800000
556.800000
556.800000
556.800000
556.800000
556.800000
556.800000
556.800000
556.800000
556.800000
556.800000
556.800000
556.800000
556.800000
556.800000
556.800000
556.800000
556.800000
556.800000
556.800000
556.800000
556.800000
556.800000
556.800000
556.800000
556.800000
556.800000
556.800000
556.800000
556.800000
556.800000
556.800000
556.800000
556.800000
556.800000
556.800000
556.800000
556.800000
556.800000
556.800000
556.800000
556.800000
556.800000
556.800000
556.800000
556.800000
556.800000
556.800000
556.800000
556.800000
556.800000
556.800000
556.800000
556.800000
556.800000
556.800000
556.800000
556.800000
556.800000
556.800000
556.800000
556.800000
556.800000
556.800000
556.800000
556.800000
556.800000
556.800000
556.800000
556.800000
556.800000
556.800000
556.800000
556.800000
556.800000
556.800000
556.800000
556.800000
556.800000
556.800000
556.800000
556.800000
556.800000
556.800000
556.800000
556.800000
556.800000
556.800000
556.800000
556.800000
556.800000
556.800000
556.800000
556.800000
556.800000
556.800000
556.800000
556.800000
556.800000
556.800000
556.800000
556.800000
556.800000
556.800000
556.800000
556.800000
556.800000
556.800000
556.800000
556.800000
556.800000
556.800000
556.800000
556.800000
556.800000
556.800000
556.800000
556.800000
556.800000
556.800000
556.800000
556.800000
556.800000
556.800000
556.800000
556.800000
556.800000
556.800000
556.800000
556.800000
556.800000
556.800000
556.800000
556.800000
556.800000
556.800000
556.800000
556.800000
556.800000
556.800000
556.800000
556.800000
556.800000
556.800000
556.800000
556.800000
556.800000
556.800000
556.800000
556.800000
556.800000
556.800000
556.800000
556.800000
556.800000
556.800000
556.800000
556.800000
556.800000
556.800000
556.800000
556.800000
556.800000
556.800000
556.800000
556.800000
556.800000
556.800000
556.800000
556.800000
556.800000
556.800000
556.800000
556.800000
556.800000
556.800000
556.800000
556.800000
556.800000
556.800000
556.800000
556.800000
556.800000
556.800000
556.800000
556.800000
556.800000
556.800000
556.800000
556.800000
556.800000
556.800000
556.800000
556.800000
556.800000
556.800000
556.800000
556.800000
556.800000
556.800000
556.800000
556.800000
556.800000
556.800000
556.800000
556.800000
556.800000
556.800000
556.800000
556.800000
556.800000
556.800000
556.800000
556.800000
556.800000
556.800000
556.800000
556.800000
556.800000
556.800000
556.800000
556.800000
556.800000
556.800000
556.800000
556.800000
556.800000
556.800000
556.800000
556.800000
556.800000
556.800000
556.800000
556.800000
556.800000
556.800000
556.800000
556.800000
556.800000
556.800000
556.800000
556.800000
556.800000
556.800000
556.800000
556.800000
556.800000
556.800000
556.800000
556.800000
556.800000
556.800000
556.800000
556.800000
556.800000
556.800000
556.800000
556.800000
556.800000
556.800000
556.800000
556.800000
556.800000
556.800000
556.800000
556.800000
556.800000
556.800000
556.800000
556.800000
556.800000
556.800000
556.800000
556.800000
556.800000
556.800000
556.800000
556.800000
556.800000
556.800000
556.800000
556.800000
556.800000
556.800000
556.800000
556.800000
556.800000
556.800000
556.800000
556.800000
556.800000
556.800000
556.800000
556.800000
556.800000
556.800000
556.800000
556.800000
556.800000
556.800000
556.800000
556.800000
556.800000
556.800000
556.800000
556.800000
556.800000
556.800000
556.800000
556.800000
556.800000
556.800000
556.800000
556.800000
556.800000
556.800000
556.800000
556.800000
556.800000
556.800000
556.800000
556.800000
556.800000
556.800000
556.800000
556.800000
556.800000
556.800000
556.800000
556.800000
556.800000
556.800000
556.800000
556.800000
553.340000
562.690000
562.360000
583.880000
742.770000
791.000000
767.730000
758.070000
734.770000
675.220000
698.140000
679.320000
661.530000
661.530000
661.530000
661.530000
661.530000
661.530000
661.530000
661.530000
661.530000
661.530000
661.530000
661.530000
661.530000
661.530000
661.530000
661.530000
661.530000
661.530000
661.530000
661.530000
661.530000
661.530000
661.530000
661.530000
661.530000
661.530000
661.530000
661.530000
661.530000
661.530000
661.530000
661.530000
661.530000
661.530000
661.530000
661.530000
661.530000
661.530000
661.530000
661.530000
661.530000
661.530000
661.530000
661.530000
661.530000
661.530000
661.530000
661.530000
661.530000
661.530000
661.530000
661.530000
661.530000
661.530000
661.530000
661.530000
661.530000
661.530000
661.530000
661.530000
661.530000
661.530000
661.530000
661.530000
661.530000
661.530000
661.530000
661.530000
661.530000
661.530000
661.530000
661.530000
661.530000
661.530000
661.530000
661.530000
661.530000
661.530000
661.530000
661.530000
661.530000
661.530000
661.530000
661.530000
661.530000
661.530000
661.530000
661.530000
661.530000
661.530000
661.530000
661.530000
661.530000
661.530000
661.530000
661.530000
661.530000
661.530000
661.530000
661.530000
661.530000
661.530000
661.530000
661.530000
661.530000
661.530000
661.530000
661.530000
661.530000
661.530000
661.530000
661.530000
661.530000
661.530000
661.530000
661.530000
661.530000
661.530000
661.530000
661.530000
661.530000
661.530000
661.530000
661.530000
661.530000
661.530000
661.530000
661.530000
661.530000
661.530000
661.530000
661.530000
661.530000
661.530000
661.530000
661.530000
661.530000
661.530000
661.530000
661.530000
661.530000
661.530000
661.530000
661.530000
661.530000
661.530000
661.530000
661.530000
661.530000
661.530000
661.530000
661.530000
661.530000
661.530000
661.530000
661.530000
661.530000
661.530000
661.530000
661.530000
661.530000
661.530000
661.530000
661.530000
661.530000
661.530000
661.530000
661.530000
661.530000
661.530000
661.530000
661.530000
661.530000
661.530000
661.530000
661.530000
661.530000
661.530000
661.530000
661.530000
661.530000
661.530000
661.530000
661.530000
661.530000
661.530000
661.530000
661.530000
661.530000
661.530000
