15642.400000
15611.830000
15694.290000
15732.550000
15736.360000
15676.010000
15697.000000
15617.930000
15610.280000
15559.580000
15548.110000
15565.710000
15562.510000
15613.380000
15625.890000
15639.290000
15673.520000
15623.150000
15640.470000
15698.530000
15665.950000
15695.680000
15684.820000
15682.580000
15641.020000
15603.560000
15609.810000
15714.850000
15717.250000
15724.500000
15775.620000
15775.240000
15770.350000
15726.200000
15721.090000
15701.420000
15719.750000
15726.380000
15712.380000
15721.530000
15680.770000
15738.660000
15725.290000
15696.300000
15722.990000
15708.140000
15718.330000
15719.400000
15691.970000
15704.980000
15715.130000
15684.480000
15632.030000
15616.000000
15718.860000
15701.020000
15696.820000
15694.830000
15689.020000
15733.750000
15691.410000
15671.370000
15651.750000
15749.380000
15736.090000
15641.480000
15622.270000
15570.250000
15655.950000
15574.430000
15479.180000
15490.170000
15173.500000
15166.140000
15151.490000
15129.570000
15069.720000
15064.700000
15136.150000
15108.280000
15132.060000
15320.600000
15318.930000
15345.590000
15349.370000
15349.140000
15346.420000
15370.140000
15295.880000
15348.530000
15384.350000
15441.700000
15433.960000
15433.360000
15438.860000
15469.270000
15480.840000
15491.440000
15506.740000
15661.290000
15660.010000
15667.120000
15626.170000
15624.310000
15615.160000
15654.490000
15652.050000
15643.970000
15521.270000
15567.180000
15507.460000
15532.980000
15522.460000
15525.470000
15548.590000
15529.710000
15531.750000
15672.260000
15665.600000
15629.520000
15589.630000
15594.360000
15563.590000
15596.800000
15590.980000
15573.880000
15469.530000
15469.600000
15403.990000
15387.710000
15413.380000
15372.690000
15346.190000
15283.100000
15248.560000
15394.720000
15396.990000
15407.220000
15401.510000
15390.450000
15374.020000
15341.890000
15377.860000
15365.270000
15413.220000
15391.810000
15343.140000
15319.320000
15323.170000
15309.500000
15294.170000
15265.580000
15260.690000
15141.060000
15132.660000
15145.510000
15155.050000
15237.090000
15205.530000
15146.520000
15141.940000
15156.440000
15112.480000
15118.190000
15152.950000
15160.230000
15124.920000
15156.090000
15173.930000
15047.840000
15036.550000
15018.100000
15085.620000
15110.410000
15088.640000
15109.800000
15108.870000
15088.750000
15177.460000
15194.490000
14922.440000
14893.200000
14848.700000
14852.980000
14921.780000
14946.990000
14962.250000
15017.080000
14973.330000
15150.350000
15140.170000
15149.800000
15166.920000
15179.390000
15171.060000
15207.720000
15247.470000
15250.860000
15212.110000
15210.930000
15216.690000
15231.750000
15235.870000
15242.340000
15227.640000
15215.410000
15206.130000
15156.110000
15180.300000
15188.750000
15130.480000
15127.970000
15144.760000
15183.290000
15183.770000
15199.140000
15093.800000
15119.450000
15154.480000
15165.720000
15139.920000
15144.270000
15132.120000
15124.010000
15146.870000
15192.680000
15256.560000
15254.100000
15255.240000
15263.540000
15235.510000
15269.230000
15242.320000
15249.380000
15329.570000
15355.520000
15381.520000
15381.480000
15391.700000
15429.920000
15435.100000
15450.940000
15462.720000
15474.340000
15492.790000
15515.290000
15497.530000
15519.680000
15563.640000
15586.350000
15573.530000
15587.360000
15518.770000
15511.430000
15504.380000
15490.850000
15488.360000
15440.960000
15458.460000
15472.590000
15474.470000
15470.920000
15474.020000
15481.050000
15499.220000
15498.330000
15496.660000
15503.130000
15516.770000
15515.830000
15515.270000
15544.590000
15530.580000
15537.360000
15511.310000
15472.760000
15474.700000
15515.860000
15522.920000
15507.660000
15495.800000
15520.030000
15509.750000
15513.080000
15512.520000
15498.560000
15498.140000
15472.560000
15535.700000
15563.700000
15565.880000
15593.470000
15608.000000
15584.230000
15598.730000
15580.960000
15542.980000
15560.790000
15567.500000
15579.250000
15575.600000
15589.690000
15595.260000
15588.460000
15596.830000
15599.230000
15732.090000
15760.000000
15741.870000
15750.730000
15743.030000
15760.110000
15758.600000
15765.790000
15757.060000
15727.650000
15686.040000
15703.350000
15694.040000
15695.310000
15705.020000
15718.100000
15707.140000
15705.810000
15692.110000
15681.990000
15695.890000
15689.490000
15662.450000
15644.650000
15659.030000
15669.460000
15696.330000
15608.400000
15572.150000
15564.810000
15562.460000
15585.920000
15601.260000
15633.310000
15648.990000
15688.770000
15833.640000
15829.980000
15818.740000
15806.660000
15790.750000
15781.280000
15795.680000
15814.760000
15806.290000
15866.510000
15876.790000
15887.070000
15892.950000
15913.440000
15956.960000
15924.970000
15935.880000
15954.450000
15942.220000
15947.940000
15949.790000
15966.200000
15942.890000
15938.660000
15952.160000
15949.210000
15959.980000
15999.180000
16023.800000
16048.840000
16036.480000
16038.300000
16050.890000
16046.140000
16039.390000
16029.650000
16018.510000
16054.500000
16055.750000
16045.550000
16074.580000
16039.430000
16052.800000
16033.740000
16025.910000
16059.430000
16046.520000
16064.290000
16084.300000
16079.050000
16088.700000
16080.870000
16082.830000
16034.060000
16054.160000
16040.470000
16019.610000
16040.020000
16020.140000
16010.690000
16024.960000
16028.600000
16059.650000
16063.930000
16067.830000
16050.710000
16092.660000
16085.050000
16084.740000
16078.000000
16097.260000
16076.120000
16076.690000
16083.110000
16099.370000
16096.410000
16110.090000
16114.750000
16101.540000
16101.880000
16086.460000
16089.840000
16094.070000
16098.900000
16119.480000
16122.980000
16113.740000
16130.690000
16129.630000
16118.890000
16121.960000
16148.640000
16159.660000
16194.630000
16193.490000
16230.600000
16221.640000
16226.910000
16254.980000
16236.580000
16247.860000
16278.270000
16266.840000
16265.670000
16266.360000
16264.780000
16264.560000
16260.520000
16267.290000
16251.130000
16281.450000
16243.560000
16255.140000
16259.130000
16252.580000
16243.630000
16231.660000
16217.400000
16221.730000
16265.110000
16201.270000
16227.500000
16167.250000
16135.160000
16138.840000
16196.860000
16145.970000
16159.970000
16175.660000
16163.500000
16177.790000
16150.300000
16136.570000
16113.160000
16145.080000
16163.510000
16115.690000
15916.190000
15939.820000
15967.380000
15998.370000
16017.690000
16000.820000
16034.260000
15921.740000
15937.000000
15947.980000
15874.390000
15813.250000
15844.270000
15815.790000
15766.120000
15804.530000
15871.450000
15878.390000
15944.510000
15928.730000
15905.920000
15907.480000
15893.130000
15877.510000
15913.500000
15917.180000
15917.980000
15482.540000
15457.910000
15457.320000
15458.470000
15437.240000
15428.610000
15398.570000
15358.450000
15257.040000
15305.540000
15300.100000
15364.750000
15352.450000
15370.450000
15382.060000
15373.930000
15270.360000
15280.860000
15092.810000
15084.250000
15069.860000
15081.360000
15118.470000
15220.140000
15217.470000
15150.530000
15100.130000
15269.210000
15338.760000
15318.310000
15351.300000
15388.400000
15405.380000
15385.360000
15433.370000
15472.670000
15319.860000
15344.460000
15312.700000
15267.950000
15232.370000
15200.670000
15290.450000
15286.010000
15263.110000
15323.230000
15286.070000
15237.740000
15306.940000
15308.690000
15309.070000
15203.190000
15145.620000
15169.980000
15288.050000
15190.240000
15187.190000
15246.610000
15246.370000
15291.990000
15318.800000
15401.180000
15380.790000
15659.290000
15683.300000
15709.130000
15705.100000
15702.450000
15698.190000
15760.070000
15811.480000
15813.940000
15807.800000
15774.510000
15699.010000
15777.480000
15735.700000
15726.250000
15712.110000
15692.320000
15687.090000
15687.730000
15682.150000
15653.780000
15644.170000
15639.270000
15625.320000
15638.550000
15640.730000
15639.260000
15594.370000
15591.060000
15606.100000
15669.340000
15637.380000
15672.640000
15641.560000
15632.100000
15623.310000
15750.840000
15779.120000
15760.380000
15784.890000
15769.870000
15743.780000
15667.890000
15635.650000
15621.720000
15658.200000
15608.000000
15609.780000
15615.150000
15618.090000
15535.240000
15536.640000
15458.530000
15453.560000
15512.950000
15503.220000
15502.930000
15496.630000
15502.840000
15511.220000
15470.610000
15488.720000
15476.350000
15736.050000
15717.450000
15741.390000
15766.140000
15730.350000
15689.150000
15647.570000
15671.660000
15636.400000
15571.560000
15542.050000
15521.070000
15521.760000
15465.020000
15502.020000
15467.690000
15542.010000
15531.690000
15125.510000
15146.920000
15240.510000
15282.570000
15230.050000
15229.170000
15257.410000
15232.380000
15239.670000
15349.830000
15306.590000
15366.900000
15409.580000
15411.560000
15432.520000
15421.010000
15426.990000
15447.440000
15459.330000
15451.150000
15482.120000
15480.530000
15459.910000
15456.010000
15499.840000
15538.850000
15593.470000
15663.430000
15655.450000
15675.040000
15694.810000
15690.080000
15694.370000
15742.330000
15753.750000
15756.310000
15785.150000
15785.440000
15779.950000
15776.140000
15799.540000
15819.610000
15807.290000
15841.940000
15835.250000
15946.080000
15949.090000
15942.640000
15933.960000
15961.880000
15938.870000
15957.730000
15954.680000
15963.700000
15942.930000
15933.160000
15914.850000
15905.650000
15878.070000
15864.040000
15840.950000
15848.210000
15852.250000
15859.220000
15869.000000
15842.660000
15866.930000
15872.730000
15884.860000
15884.860000
15884.860000
15884.860000
16014.450000
16001.340000
16031.890000
16030.260000
16059.290000
16045.290000
16009.800000
16033.100000
16020.730000
16055.880000
16078.230000
16122.850000
16143.030000
16166.520000
16187.020000
16191.550000
16131.200000
16152.610000
16184.710000
16236.360000
16249.540000
16264.770000
16269.820000
16272.550000
16232.990000
16259.500000
16271.750000
16105.650000
16100.250000
16127.640000
16085.030000
16081.680000
16097.270000
16021.830000
16049.680000
16052.030000
15956.380000
15993.590000
16020.570000
15981.650000
15986.240000
15934.910000
15966.720000
15895.110000
15947.740000
15889.430000
15916.420000
15921.650000
15920.030000
15844.690000
15872.090000
15806.890000
15749.740000
15768.270000
15925.510000
15961.330000
15948.240000
15944.130000
15942.750000
15923.450000
15922.580000
15917.920000
15941.810000
15980.750000
16037.900000
16006.530000
15971.030000
15995.190000
16008.670000
16042.590000
16008.910000
16010.320000
15983.300000
15996.770000
16009.630000
16005.200000
16027.140000
16069.490000
16037.270000
15981.150000
16031.590000
15907.370000
15939.490000
15925.380000
15927.510000
15852.940000
15857.090000
15945.770000
15895.230000
15883.240000
15934.450000
15941.630000
15937.400000
15950.040000
15956.060000
15938.900000
15946.260000
15944.790000
15933.720000
15769.040000
15712.510000
15752.360000
15773.250000
15780.160000
15795.400000
15787.850000
15810.050000
15772.560000
15754.060000
15804.040000
15815.130000
15841.070000
15843.760000
15880.960000
15887.780000
15810.300000
15809.720000
15793.310000
15796.310000
15808.720000
15832.260000
15829.380000
15839.760000
15871.320000
15901.300000
15912.330000
15701.130000
15690.740000
15697.130000
15634.980000
15572.290000
15558.500000
15521.990000
15556.000000
15603.880000
15435.360000
15428.260000
15329.100000
15314.080000
15275.380000
15166.650000
15066.130000
15062.380000
15011.130000
15082.100000
15161.530000
15091.200000
15099.830000
15106.430000
15085.460000
15016.840000
15107.550000
15123.870000
15381.240000
15443.720000
15452.070000
15496.520000
15479.650000
15510.500000
15509.830000
15424.070000
15459.390000
15320.240000
15399.890000
15342.260000
15399.180000
15425.890000
15522.840000
15564.750000
15527.910000
15524.270000
15341.830000
15298.840000
15240.680000
15234.770000
15152.460000
15231.470000
15215.410000
15287.360000
15318.950000
15546.440000
15495.570000
15412.360000
15376.670000
15405.640000
15381.000000
15465.980000
15481.230000
15471.200000
15662.420000
15571.520000
15605.850000
15635.010000
15658.230000
15653.870000
15639.400000
15610.570000
15619.390000
15651.460000
15730.280000
15681.110000
15680.070000
15675.850000
15651.830000
15631.210000
15643.540000
15613.770000
15579.920000
15521.980000
15536.340000
15563.760000
15566.810000
15450.390000
15413.560000
15427.400000
15368.470000
15260.660000
15241.910000
15192.340000
15108.720000
15172.260000
15089.720000
15106.800000
15087.840000
15099.560000
15164.710000
15112.760000
15091.390000
15125.440000
15149.140000
15168.090000
15216.830000
15246.980000
15206.640000
15293.360000
15283.950000
15226.350000
15193.650000
15184.490000
15191.800000
15193.010000
15213.820000
15242.380000
15443.090000
15465.790000
15480.470000
15469.990000
15479.480000
15494.740000
15497.660000
15503.690000
15482.010000
15522.470000
15506.670000
15518.520000
15534.940000
15565.190000
15471.200000
15515.470000
15528.000000
15490.440000
15341.390000
15355.790000
15423.870000
15430.070000
15435.750000
15464.060000
15445.380000
15438.830000
15425.120000
14874.290000
14882.020000
14956.740000
14935.780000
15095.120000
15086.690000
15066.930000
15059.420000
15113.970000
15269.740000
15323.100000
15334.640000
15381.780000
15388.900000
15358.770000
15367.100000
15404.820000
15412.710000
15471.610000
15439.400000
15427.710000
15409.370000
15399.310000
15374.740000
15344.270000
15362.840000
15370.300000
15367.350000
15366.100000
15396.930000
15378.780000
15392.530000
15271.940000
15218.690000
15239.150000
15267.630000
15297.890000
15270.840000
15245.140000
15237.190000
15248.550000
15130.890000
15128.540000
15054.120000
15042.510000
15111.850000
15047.520000
14994.270000
14965.700000
14842.480000
14750.330000
14750.070000
14792.610000
14731.120000
14611.920000
14526.770000
14721.590000
14710.110000
14715.750000
14708.790000
14772.910000
14687.420000
14693.000000
14833.190000
14832.690000
14827.550000
14765.900000
14831.630000
14838.740000
14733.480000
14631.080000
14631.360000
14112.440000
14065.660000
13960.540000
13963.030000
13890.520000
13883.210000
14002.400000
14030.660000
14052.100000
14073.790000
14149.830000
14270.840000
14254.840000
14412.390000
14490.790000
14425.130000
14493.840000
14567.230000
14211.840000
14214.090000
14239.540000
14213.000000
14309.640000
14222.130000
14327.550000
14428.030000
14461.020000
14296.970000
14175.930000
14165.780000
14049.800000
14063.210000
14169.240000
14139.700000
13994.290000
13904.850000
13750.280000
13937.650000
13929.020000
13978.180000
13942.730000
13898.280000
13965.170000
13979.800000
14000.110000
13927.610000
13904.390000
13860.010000
13871.920000
13899.470000
13995.580000
13902.860000
13735.160000
13698.400000
13367.880000
13219.010000
13223.900000
13246.940000
13279.640000
13236.430000
13236.180000
13143.150000
13094.540000
12576.480000
12641.030000
12641.460000
12783.500000
12849.990000
13003.030000
13004.670000
12854.270000
12834.650000
12972.390000
12999.810000
12920.070000
12960.280000
12940.150000
12937.280000
12877.180000
12899.230000
12831.510000
13332.270000
13440.650000
13464.280000
13417.260000
13508.670000
13474.770000
13598.060000
13780.530000
13847.930000
13566.940000
13578.880000
13531.810000
13437.510000
13363.320000
13438.810000
13619.970000
13470.710000
13442.100000
13534.010000
13595.810000
13530.600000
13859.530000
13798.860000
13887.120000
13732.270000
13716.930000
13628.110000
13907.190000
14052.480000
14009.410000
13872.020000
13928.700000
13931.740000
14024.660000
13949.820000
13929.110000
13612.440000
13653.800000
13738.630000
13765.200000
13845.360000
13855.760000
13906.470000
13843.720000
13917.270000
14261.080000
14211.130000
14356.800000
14389.880000
14288.600000
14291.510000
14471.930000
14407.470000
14440.740000
14428.160000
14408.970000
14394.120000
14336.290000
14293.690000
14333.610000
14274.560000
14300.700000
14388.060000
14327.850000
14282.420000
14228.490000
14134.730000
14237.950000
14294.990000
14345.530000
14367.290000
14413.090000
14402.660000
14407.470000
14413.440000
14416.880000
14406.860000
14360.480000
14377.040000
14365.630000
14326.970000
14429.620000
14483.260000
14448.920000
14422.250000
14434.530000
14463.830000
14480.630000
14467.620000
14473.200000
14510.930000
14432.770000
14423.580000
14354.310000
14287.230000
14258.920000
14280.340000
14284.870000
14283.650000
14317.770000
14256.850000
14216.300000
14269.420000
14257.900000
14219.440000
14235.670000
14296.950000
14273.790000
14305.950000
14339.290000
14359.610000
14413.830000
14394.630000
14352.820000
14400.090000
14285.240000
14305.760000
14483.660000
14528.180000
14532.380000
14556.310000
14616.350000
14525.380000
14511.950000
14489.340000
14417.370000
14586.800000
14595.380000
14691.510000
14700.940000
14799.110000
14874.630000
14827.200000
14780.020000
14820.330000
14667.590000
14628.690000
14647.610000
14624.690000
14614.260000
14604.150000
14595.890000
14585.400000
14606.050000
14650.740000
14600.270000
14585.570000
14568.100000
14555.510000
14569.770000
14484.090000
14486.050000
14414.750000
14437.630000
14444.880000
14479.520000
14461.550000
14475.940000
14454.700000
14467.920000
14475.040000
14446.480000
14394.970000
14377.130000
14471.370000
14452.600000
14449.910000
14436.840000
14497.260000
14516.620000
14518.160000
14578.320000
14547.100000
14469.970000
14451.920000
14472.770000
14405.820000
14441.050000
14403.480000
14424.360000
14254.060000
14250.530000
14241.310000
14208.650000
14133.040000
14117.090000
14055.020000
14096.900000
14151.690000
14157.660000
14213.460000
14229.750000
14226.270000
14231.680000
14191.370000
14198.840000
14117.340000
14078.150000
14301.530000
14252.450000
14276.500000
14266.650000
14267.360000
14226.160000
14192.350000
14282.290000
14283.670000
14229.400000
14177.710000
14212.090000
14246.500000
14184.060000
14169.090000
14226.710000
14199.460000
14192.780000
13960.960000
14032.570000
14034.410000
14056.870000
14077.510000
14161.860000
14163.050000
14090.700000
14124.950000
14050.700000
14084.950000
13980.760000
14021.820000
13999.230000
13972.630000
14021.860000
14036.470000
14076.440000
14108.140000
14102.810000
14075.550000
14105.280000
14133.960000
14151.000000
14144.460000
14162.810000
14163.850000
14101.790000
14041.040000
14015.280000
14050.480000
14063.590000
14068.640000
14132.800000
14166.070000
14153.460000
14196.750000
14213.280000
14309.510000
14322.060000
14327.390000
14338.470000
14323.390000
14348.920000
14362.030000
14506.270000
14510.650000
14523.520000
14589.130000
14585.220000
14584.440000
14548.400000
14516.620000
14502.410000
14339.790000
14302.660000
14225.880000
14225.100000
14251.820000
14292.410000
14211.090000
14177.450000
14142.090000
13954.390000
13884.960000
13902.570000
13897.950000
13965.080000
14030.350000
13951.880000
13928.280000
13924.170000
14057.190000
14088.690000
14099.730000
14074.600000
14067.640000
14055.530000
13986.190000
13851.300000
13756.400000
13764.790000
13782.010000
13826.810000
13827.690000
13781.430000
13768.170000
13800.220000
13737.450000
13793.940000
14005.930000
14068.670000
14012.400000
13981.870000
13998.520000
13990.690000
13909.580000
13902.620000
13979.840000
14135.410000
14163.110000
14118.020000
14043.240000
14088.980000
14124.080000
14181.420000
14092.270000
14097.880000
13809.820000
13928.510000
13984.680000
14000.700000
13930.170000
13963.260000
13986.590000
13945.210000
13939.070000
14031.320000
14019.660000
14014.640000
13946.110000
13972.880000
13970.940000
13951.670000
13974.870000
14039.470000
14031.860000
14012.800000
14009.330000
14028.800000
14025.800000
14020.190000
14046.900000
14004.230000
13985.450000
14234.330000
14163.390000
14159.850000
14179.850000
14193.850000
14152.900000
14070.140000
13964.840000
13902.520000
13791.750000
13760.920000
13774.040000
13739.680000
13710.830000
13707.580000
13601.780000
13719.760000
13674.290000
13585.110000
13560.400000
13545.930000
13421.760000
13480.450000
13493.190000
13516.920000
13466.470000
13380.670000
13542.080000
13575.270000
13554.810000
13564.220000
13560.680000
13681.240000
13701.230000
13584.950000
13534.740000
13579.770000
13654.010000
13670.070000
13717.990000
13725.040000
13531.170000
13749.190000
13776.130000
13828.640000
13608.030000
13527.160000
13506.740000
13554.360000
13505.050000
13525.990000
13602.710000
13751.990000
13739.640000
13845.180000
13903.890000
13897.780000
13934.920000
13951.300000
13941.970000
13939.640000
13976.540000
14027.930000
13941.170000
14038.950000
13950.900000
13942.570000
13923.820000
13931.320000
13889.630000
13911.080000
13964.380000
14118.200000
14142.700000
14191.860000
14186.780000
14175.940000
14167.490000
14146.570000
14133.940000
14185.940000
14164.900000
14181.290000
14217.990000
14189.180000
14151.240000
14099.910000
14053.470000
14078.050000
14007.760000
13770.010000
13725.210000
13706.330000
13754.090000
13801.290000
13759.790000
13766.440000
13864.860000
13882.300000
14068.490000
14112.120000
14153.990000
14148.510000
14147.200000
14117.510000
14099.170000
13959.210000
13981.910000
14159.140000
14068.120000
14045.400000
14111.140000
14095.590000
14080.560000
14092.050000
14111.850000
14175.400000
14038.520000
14013.080000
14061.150000
14059.220000
14047.390000
14061.250000
14022.130000
13939.700000
13919.750000
13983.250000
13944.140000
13956.070000
13917.280000
13902.210000
13938.090000
13989.390000
14042.190000
14007.930000
14091.780000
14060.110000
14088.620000
14061.090000
14121.430000
14130.220000
14188.860000
14212.280000
14231.290000
14275.210000
14321.510000
14339.360000
14349.350000
14317.690000
14374.150000
14420.890000
14409.030000
14462.190000
14570.360000
14551.630000
14578.870000
14559.370000
14572.620000
14533.180000
14541.110000
14571.740000
14575.980000
14481.450000
14529.570000
14471.200000
14483.430000
14457.120000
14394.200000
14380.030000
14403.870000
14388.350000
14437.530000
14416.340000
14430.430000
14416.050000
14436.010000
14456.860000
14465.330000
14400.790000
14340.470000
14422.260000
14438.510000
14444.750000
14459.510000
14464.400000
14454.660000
14424.180000
14436.160000
14485.170000
14518.540000
14544.210000
14543.650000
14525.900000
14487.010000
14488.920000
14476.880000
14468.640000
14460.090000
14581.110000
14617.860000
14595.140000
14606.370000
14615.220000
14652.710000
14673.580000
14702.680000
14653.810000
14552.380000
14539.890000
14521.710000
14491.380000
14494.080000
14472.020000
14471.550000
14557.000000
14556.620000
14518.490000
14528.540000
14500.890000
14489.100000
14469.660000
14438.330000
14447.920000
14417.560000
14445.990000
14337.430000
14383.240000
14344.860000
14351.340000
14317.670000
14210.310000
14265.570000
14225.830000
14198.800000
13985.010000
13959.780000
13992.290000
13985.840000
14024.920000
13901.810000
13843.540000
13787.380000
13761.830000
13561.800000
13443.200000
13452.600000
13474.360000
13446.950000
13462.160000
13456.990000
13392.950000
13427.030000
13501.100000
13420.470000
13358.760000
13331.380000
13326.590000
13429.670000
13454.360000
13350.100000
13304.390000
13401.860000
13476.540000
13467.110000
13446.750000
13491.840000
13508.090000
13536.510000
13533.400000
13485.290000
13226.760000
13157.560000
13125.400000
13077.420000
13088.100000
13113.930000
13067.520000
13021.920000
13038.490000
13123.270000
13174.530000
13216.620000
13177.870000
13193.210000
13135.550000
13161.430000
13091.520000
13126.260000
13170.730000
13184.160000
13164.090000
13165.220000
13196.360000
13187.140000
13214.510000
13229.360000
13265.600000
13404.830000
13423.230000
13386.860000
13391.820000
13326.330000
13295.540000
13321.490000
13313.750000
13292.400000
13008.030000
12995.020000
13007.380000
13025.670000
13035.110000
13041.770000
13094.470000
13184.510000
13144.280000
12946.850000
12970.030000
13017.070000
13103.270000
13092.380000
12987.570000
12965.410000
12972.210000
12912.590000
12954.210000
12997.440000
13001.350000
13036.660000
13043.120000
13009.300000
13062.930000
13129.450000
13118.130000
13355.770000
13274.120000
13241.680000
13237.080000
13201.330000
13202.360000
13146.060000
13195.220000
13186.070000
13258.220000
13300.360000
13263.800000
13313.980000
13309.240000
13282.970000
13337.290000
13283.180000
13231.820000
13030.610000
13069.490000
12984.480000
12984.750000
13034.300000
13042.180000
13037.470000
13008.330000
13003.350000
12728.860000
12734.420000
12722.560000
12660.910000
12647.590000
12662.900000
12632.150000
12736.360000
12783.770000
12766.430000
12821.750000
12854.940000
12771.360000
12745.640000
12788.660000
12876.370000
12782.470000
12813.030000
12813.530000
12825.680000
12872.740000
12869.800000
12862.740000
12843.720000
12802.660000
12776.470000
12773.380000
12813.680000
12643.820000
12644.680000
12653.330000
12575.160000
12447.800000
12478.560000
12460.820000
12401.200000
12630.640000
12544.850000
12565.430000
12588.810000
12559.370000
12564.550000
12622.230000
12620.130000
12594.520000
12778.430000
12792.390000
12785.020000
12801.350000
12809.080000
12822.320000
12848.820000
12833.410000
12843.220000
12834.990000
12798.090000
12859.640000
12943.950000
12950.450000
12919.090000
12900.700000
12997.480000
13015.230000
12841.950000
12895.020000
12915.730000
12907.920000
12886.700000
12882.640000
12847.120000
12833.890000
12832.440000
12716.440000
12758.220000
12723.230000
12708.870000
12735.680000
12745.350000
12796.310000
12872.990000
12905.480000
12750.170000
12821.430000
12807.890000
12789.410000
12781.470000
12717.850000
12705.960000
12741.820000
12756.320000
12727.980000
12658.290000
12692.440000
12626.490000
12606.770000
12541.560000
12483.240000
12469.050000
12519.660000
12662.870000
12738.910000
12703.050000
12723.450000
12695.170000
12734.970000
12747.680000
12831.180000
12864.720000
13008.020000
13058.210000
13019.810000
13025.070000
13051.490000
12967.660000
12970.370000
12950.180000
12959.810000
12843.710000
12895.150000
12929.300000
12973.160000
12976.490000
13029.760000
13096.800000
13288.300000
13308.410000
13291.400000
13324.770000
13340.660000
13260.370000
13230.470000
13214.930000
13204.050000
13294.610000
13281.980000
13213.080000
13196.080000
13226.990000
13226.270000
13197.760000
13236.330000
13223.370000
13236.850000
13246.640000
13225.740000
13257.770000
13262.300000
13292.280000
13302.460000
13314.860000
13282.680000
13293.740000
13253.680000
13188.240000
13242.620000
13305.610000
13311.480000
13301.790000
13305.330000
13276.400000
13180.620000
13210.320000
13153.520000
13166.920000
13165.790000
13087.130000
13112.580000
13119.310000
13100.880000
13134.970000
13096.930000
13131.990000
13108.930000
13125.170000
13146.170000
13150.760000
13180.610000
13164.150000
13156.280000
13166.380000
13167.550000
13115.320000
13154.790000
13163.670000
13169.240000
13160.620000
13213.690000
13246.220000
13282.110000
13368.170000
13382.970000
13422.150000
13445.740000
13432.070000
13439.200000
13471.540000
13473.250000
13484.050000
13520.020000
13523.160000
13529.850000
13537.940000
13563.410000
13492.420000
13511.470000
13545.050000
13479.630000
13406.530000
13391.670000
13374.240000
13355.850000
13398.390000
13419.400000
13440.260000
13462.000000
13449.200000
13411.550000
13449.440000
13479.260000
13468.740000
13485.900000
13510.070000
13512.670000
13544.600000
13587.560000
13709.930000
13690.520000
13718.840000
13758.890000
13722.310000
13722.550000
13696.220000
13656.170000
13662.680000
13682.660000
13639.320000
13647.990000
13652.940000
13674.520000
13588.930000
13606.660000
13617.210000
13573.930000
13659.080000
13614.470000
13637.520000
13680.740000
13682.980000
13718.940000
13724.820000
13708.250000
13687.690000
13644.640000
13633.360000
13590.530000
13573.590000
13526.780000
13551.360000
13543.880000
13542.790000
13534.970000
13551.070000
13573.460000
13568.840000
13556.430000
13565.290000
13674.250000
13657.540000
13681.280000
13700.930000
13695.860000
13690.560000
13691.470000
13691.310000
13723.290000
13736.370000
13708.810000
13707.640000
13688.550000
13789.080000
13754.660000
13805.130000
13742.000000
13764.260000
13785.790000
13775.980000
13775.860000
13795.850000
13773.390000
13794.380000
13806.930000
13804.260000
13761.440000
13741.110000
13812.010000
13794.190000
13816.610000
13880.250000
13932.280000
13905.010000
13903.540000
13885.150000
13841.530000
13845.190000
13894.560000
13910.120000
13891.150000
13849.210000
13825.170000
13786.860000
13749.530000
13693.960000
13696.230000
13634.220000
13626.710000
13681.170000
13677.750000
13734.240000
13718.230000
13721.920000
13696.810000
13668.140000
13678.950000
13697.410000
13638.350000
13591.620000
13610.620000
13569.860000
13622.080000
13614.500000
13574.190000
13556.070000
13544.520000
13333.580000
13309.090000
13312.230000
13313.280000
13285.050000
13250.520000
13236.610000
13195.170000
13230.570000
13275.400000
13255.040000
13274.290000
13231.260000
13238.230000
13210.130000
13236.850000
13199.650000
13194.230000
13108.970000
13187.570000
13146.640000
13171.230000
13214.360000
13191.170000
13200.670000
13209.690000
13220.060000
13319.400000
13307.030000
13219.710000
13260.240000
13269.470000
13232.160000
13278.080000
13308.010000
13271.960000
13316.800000
13267.690000
13236.250000
13222.960000
13270.570000
13288.430000
13209.860000
13005.730000
12971.470000
12837.590000
12774.120000
12807.300000
12793.500000
12835.340000
12852.550000
12881.200000
12873.920000
12892.990000
13025.290000
13082.800000
13141.720000
13130.270000
13127.190000
13068.240000
13014.870000
12963.540000
12961.140000
12923.770000
12918.550000
12833.080000
12911.600000
12927.760000
12959.390000
12943.090000
12882.600000
12834.960000
12688.080000
12628.950000
12680.990000
12654.840000
12704.930000
12686.450000
12679.200000
12620.790000
12630.230000
12754.010000
12824.300000
12814.560000
12797.120000
12803.010000
12895.770000
12943.640000
13019.600000
13050.270000
12651.720000
12712.700000
12740.710000
12714.930000
12700.340000
12753.560000
12772.750000
12783.870000
12760.780000
12821.390000
12822.600000
12878.640000
12883.010000
12871.540000
12897.090000
12841.810000
12905.430000
12871.440000
12793.710000
12864.880000
12819.130000
12817.950000
12822.750000
12794.540000
12864.210000
12889.210000
12915.970000
12921.680000
12924.590000
12904.770000
12883.520000
12812.140000
12732.220000
12791.370000
12916.750000
12904.320000
13019.480000
13110.010000
13057.970000
13093.800000
13082.950000
13106.900000
13074.410000
13099.130000
13088.210000
13248.000000
13304.570000
13280.400000
13293.430000
13307.570000
13325.880000
13435.200000
13386.290000
13402.270000
13426.860000
13429.410000
13438.680000
13496.780000
13518.760000
13298.860000
13283.820000
13211.590000
13188.950000
13153.960000
13169.780000
13142.360000
13124.000000
13021.980000
13042.950000
13053.430000
13043.300000
13028.000000
13093.260000
13066.060000
13058.980000
13020.800000
13017.920000
12992.440000
13015.800000
12956.350000
12956.660000
12729.900000
12713.840000
12752.860000
12785.240000
12762.850000
12720.330000
12716.410000
12759.010000
12741.260000
12654.060000
12652.890000
12630.750000
12652.440000
12657.800000
12696.740000
12751.620000
12841.690000
12803.240000
12819.330000
12748.260000
12712.710000
12714.600000
12707.450000
12700.060000
12668.280000
12678.110000
12670.830000
12612.190000
12645.220000
12679.450000
12671.210000
12666.640000
12683.940000
12685.940000
12742.050000
12767.150000
12702.310000
12747.920000
12699.170000
12699.850000
12661.730000
12708.020000
12574.720000
12564.270000
12531.630000
12492.310000
12418.450000
12380.490000
12227.830000
12218.890000
12277.520000
12258.390000
12305.980000
12284.190000
12288.290000
12324.930000
12221.900000
12261.950000
12283.570000
12306.920000
12335.650000
12313.110000
12227.920000
12370.650000
12258.810000
12247.600000
12315.340000
12316.450000
12286.210000
12235.640000
12276.420000
12139.680000
11997.500000
11980.740000
11885.640000
12047.410000
11969.620000
12078.770000
12117.520000
12156.590000
12183.280000
11989.780000
11979.570000
12063.090000
12046.140000
12016.330000
11987.940000
11933.420000
11949.680000
11975.550000
12118.040000
12110.860000
12077.090000
12013.590000
12000.750000
12057.370000
12082.960000
12078.070000
12114.360000
11971.320000
11972.960000
12020.100000
12053.320000
12100.460000
12135.850000
12128.550000
12207.620000
12209.480000
12450.530000
12508.410000
12568.320000
12572.220000
12583.250000
12559.030000
12598.450000
12619.150000
12670.480000
12611.320000
12572.700000
12549.690000
12581.520000
12562.760000
12519.700000
12530.380000
12475.960000
12517.180000
12598.710000
12545.520000
12487.840000
12467.570000
12484.050000
12502.900000
12493.790000
12473.730000
12470.780000
12420.440000
12463.570000
12485.960000
12461.300000
12469.590000
12373.870000
12291.830000
12317.100000
12273.000000
12243.910000
12249.060000
12339.620000
12329.360000
12361.290000
12406.510000
12308.860000
12307.650000
12272.940000
12198.900000
12146.740000
12126.420000
12169.340000
12198.610000
12210.390000
12133.960000
12168.750000
12220.250000
12140.530000
12223.360000
12280.370000
12248.840000
12220.960000
12174.580000
12204.210000
12187.040000
12172.260000
12201.310000
12234.830000
12262.100000
12277.210000
12334.210000
12065.770000
12134.800000
12225.910000
12355.580000
12480.020000
12432.560000
12435.900000
12519.410000
12453.070000
12590.340000
12571.410000
12477.730000
12437.810000
12498.240000
12483.070000
12516.110000
12548.640000
12590.180000
12612.930000
12675.410000
12645.450000
12649.030000
12830.920000
12811.020000
12786.410000
12790.740000
12847.900000
12918.950000
12880.670000
12846.370000
12765.610000
12776.080000
12738.390000
12804.080000
12775.890000
12763.610000
12744.230000
12719.930000
12755.390000
12741.410000
12653.990000
12632.400000
12645.780000
12681.610000
12693.820000
12689.630000
12745.700000
12774.790000
12767.410000
12600.070000
12568.340000
12580.260000
12597.000000
12598.710000
12591.040000
12742.330000
12683.120000
12730.900000
12807.160000
12791.340000
12850.480000
12902.080000
12959.000000
13000.690000
12979.410000
12927.820000
12931.450000
12966.810000
12871.530000
12845.320000
12829.210000
12832.220000
12824.560000
12980.270000
13008.240000
13052.960000
13099.060000
13138.070000
13100.080000
13123.250000
13080.180000
13066.810000
13089.740000
13155.500000
13195.810000
13151.840000
13155.630000
13117.660000
13090.560000
13080.560000
13167.050000
13157.890000
13216.110000
13211.230000
13073.680000
13110.240000
13139.290000
13137.460000
13144.940000
13158.310000
13207.640000
13240.040000
13243.330000
13238.160000
13255.580000
13266.440000
13271.040000
13268.540000
13256.890000
13282.220000
13263.530000
13253.740000
13391.910000
13392.960000
13425.570000
13424.390000
13423.710000
13419.890000
13303.550000
13323.850000
13338.740000
13352.640000
13334.960000
13314.280000
13332.610000
13321.190000
13292.370000
13289.450000
13285.650000
13256.740000
13162.090000
13164.390000
13119.970000
13080.970000
13023.060000
13044.630000
13129.590000
13099.250000
13130.190000
13243.110000
13298.330000
13349.130000
13370.150000
13401.420000
13443.960000
13505.300000
13408.600000
13459.850000
13532.220000
13548.330000
13597.480000
13573.770000
13570.570000
13549.370000
13506.830000
13532.560000
13533.520000
13544.360000
13565.980000
13566.080000
13578.430000
13584.200000
13602.910000
13618.640000
13663.150000
13688.750000
13616.410000
13581.290000
13605.130000
13616.350000
13626.750000
13619.530000
13614.270000
13645.130000
13666.320000
13638.870000
13648.810000
13671.180000
13665.500000
13680.810000
14014.230000
14077.390000
14117.640000
14146.090000
14260.910000
14213.030000
14213.250000
14224.310000
14198.820000
14205.540000
14234.540000
14239.300000
14224.860000
14288.950000
14260.070000
14263.780000
14277.560000
14303.630000
14312.450000
14354.600000
14340.370000
14313.300000
14311.990000
14291.340000
14282.190000
14306.670000
14322.560000
14400.800000
14365.870000
14366.550000
14378.510000
14314.500000
14267.880000
14270.480000
14253.860000
14242.400000
14263.200000
14203.270000
14211.330000
14234.030000
14308.090000
14262.020000
14224.250000
14226.670000
14192.510000
14155.110000
14198.240000
14232.980000
14266.380000
14374.370000
14375.490000
14443.010000
14411.720000
14407.580000
14433.230000
14402.290000
14376.160000
14431.860000
14353.440000
14361.870000
14345.820000
14328.260000
14357.170000
14362.900000
14414.180000
14380.220000
14379.930000
14398.570000
14469.460000
14413.270000
14378.850000
14390.150000
14402.210000
14422.460000
14443.170000
14422.350000
14405.740000
14432.300000
14396.590000
14397.630000
14418.620000
14394.830000
14431.300000
14425.420000
14427.590000
14533.590000
14533.300000
14551.730000
14565.270000
14541.960000
14521.770000
14515.520000
14536.610000
14539.560000
14518.260000
14507.670000
14555.550000
14543.330000
14528.880000
14523.890000
14528.460000
14522.080000
14541.380000
14458.600000
14392.290000
14413.810000
14404.430000
14411.740000
14403.990000
14406.570000
14398.040000
14383.360000
14380.710000
14343.980000
14389.170000
14412.590000
14421.060000
14381.210000
14375.410000
14397.670000
14355.450000
14430.030000
14413.670000
14406.070000
14410.490000
14423.630000
14385.750000
14398.190000
14381.130000
14397.040000
14479.530000
14464.430000
14467.350000
14504.990000
14526.340000
14514.730000
14521.510000
14494.970000
14490.300000
14503.200000
14529.970000
14532.050000
14533.930000
14563.670000
14473.800000
14511.080000
14520.690000
14529.390000
14507.040000
14469.820000
14447.500000
14461.390000
14449.530000
14432.350000
14441.310000
14464.980000
14447.610000
14466.520000
14430.710000
14408.440000
14408.960000
14422.940000
14419.620000
14367.130000
14338.370000
14343.190000
14342.030000
14291.510000
14290.490000
14283.400000
14267.550000
14295.190000
14273.010000
14334.230000
14261.190000
14267.790000
14250.120000
14219.880000
14212.360000
14236.530000
14238.510000
14255.380000
14278.710000
14264.560000
14279.740000
14289.920000
14341.630000
14331.190000
14376.620000
14331.400000
14340.650000
14355.070000
14370.720000
14289.060000
14345.990000
14356.940000
14339.090000
14312.970000
14301.980000
14303.920000
14304.240000
14306.630000
14323.210000
14353.910000
14421.050000
14427.990000
14442.690000
14593.380000
14660.690000
14469.380000
14497.890000
14437.830000
14406.800000
14393.430000
14427.090000
14389.990000
14433.340000
14440.380000
14458.530000
14460.200000
14333.770000
14284.810000
14290.640000
14303.950000
14295.570000
14179.240000
14008.580000
14050.880000
13986.230000
13885.140000
13898.070000
13827.670000
13866.680000
13939.510000
13894.990000
13917.560000
13881.700000
13893.070000
13948.240000
13948.270000
13963.430000
13958.090000
13963.310000
13951.890000
13950.250000
13932.130000
13942.870000
13897.510000
13898.050000
13906.300000
13890.720000
13899.070000
13878.260000
13876.530000
13902.130000
13884.660000
13979.680000
13989.830000
13973.550000
14005.460000
14008.610000
14028.790000
14018.910000
14087.660000
14097.820000
14135.300000
14097.350000
14084.940000
14071.170000
14047.730000
14006.960000
13927.980000
13903.470000
13914.070000
13936.460000
13961.710000
13970.010000
13942.600000
13954.130000
13917.170000
13891.730000
13954.240000
13940.930000
14008.800000
14025.520000
14048.300000
14050.010000
14037.120000
14004.640000
13975.050000
13995.660000
13995.100000
13957.600000
13974.840000
13995.360000
14001.840000
14006.550000
13978.620000
13969.130000
13928.350000
13925.600000
13928.310000
13955.990000
13961.720000
13947.880000
13961.910000
14007.330000
14027.020000
14056.240000
14071.720000
13953.630000
13993.060000
13970.910000
13956.400000
13929.850000
13923.590000
13923.590000
13923.590000
13923.590000
14044.870000
14013.450000
14026.440000
14063.030000
14054.720000
14049.340000
14053.160000
14050.970000
14069.260000
14206.160000
14275.440000
14267.080000
14166.600000
14179.800000
14231.820000
14203.320000
14245.280000
14181.670000
14358.360000
14356.480000
14357.900000
14410.290000
14402.420000
14465.610000
14464.690000
14470.640000
14490.780000
14456.330000
14462.920000
14480.780000
14482.680000
14474.670000
14434.600000
14433.320000
14450.210000
14436.310000
14416.410000
14416.100000
14436.490000
14430.500000
14433.490000
14515.940000
14459.740000
14575.860000
14610.020000
14639.260000
14638.340000
14669.350000
14678.930000
14722.990000
14719.900000
14781.420000
14817.100000
14792.830000
14715.700000
14724.890000
14715.540000
14721.490000
14729.450000
14755.350000
14758.140000
14787.080000
14774.600000
14833.140000
14893.160000
14913.350000
14928.380000
14931.620000
14938.530000
14939.360000
14917.780000
14947.910000
15017.350000
15043.800000
15026.570000
15055.290000
15064.000000
15080.240000
15007.450000
15069.690000
15058.300000
15073.670000
15111.400000
15104.410000
15084.000000
15047.500000
15060.180000
15100.180000
15109.490000
15086.520000
15095.080000
15101.850000
15126.550000
15134.290000
15120.080000
15147.670000
15131.420000
15140.460000
15134.040000
15106.560000
15107.600000
15110.100000
15121.930000
15123.390000
15124.330000
15151.590000
15173.020000
15187.070000
15187.210000
15172.380000
15193.440000
15204.910000
15218.650000
15223.460000
15231.120000
15207.600000
15181.800000
15048.180000
15047.940000
15000.130000
14946.440000
14935.020000
14963.900000
14972.570000
14947.650000
14920.360000
14991.150000
14977.240000
14992.630000
14966.360000
14995.990000
14969.640000
14988.880000
15005.960000
15033.560000
15048.260000
15063.700000
15038.510000
15030.210000
15047.140000
15052.620000
15044.390000
15081.570000
15102.950000
15115.170000
15088.090000
15050.990000
15069.030000
15060.700000
15032.400000
15029.470000
15090.490000
15093.110000
15088.300000
15001.220000
15032.230000
15041.820000
15027.580000
15023.400000
15040.390000
15046.700000
15081.640000
15108.730000
15094.600000
15130.660000
15073.130000
15100.240000
15108.020000
15089.200000
15115.600000
15132.850000
15148.320000
15143.830000
15167.360000
15156.050000
15108.310000
15082.540000
15130.910000
15124.170000
15150.030000
15094.570000
15063.490000
15047.310000
15038.740000
15073.730000
15093.260000
15137.410000
15128.760000
15126.080000
15048.770000
15043.380000
15006.560000
15040.890000
15064.380000
15099.540000
15077.370000
15122.450000
15128.270000
15125.510000
15135.700000
15112.090000
15150.960000
15183.430000
15178.880000
15217.240000
15145.390000
15180.740000
15421.470000
15413.430000
15406.740000
15387.680000
15372.950000
15464.410000
15426.720000
15497.100000
15509.190000
15388.340000
15413.460000
15413.150000
15412.160000
15432.880000
15379.450000
15397.080000
15445.860000
15476.430000
15363.790000
15298.850000
15298.870000
15312.330000
15352.000000
15318.360000
15343.560000
15339.000000
15345.910000
15323.570000
15349.120000
15327.700000
15320.940000
15337.590000
15291.290000
15303.960000
15289.940000
15320.880000
15411.180000
15454.470000
15462.760000
15427.520000
15437.150000
15443.520000
15477.000000
15414.090000
15412.050000
15579.890000
15624.400000
15655.250000
15615.300000
15602.000000
15585.200000
15546.790000
15547.010000
15523.420000
15429.900000
15359.400000
15340.490000
15274.310000
15256.010000
15327.640000
15323.710000
15291.880000
15307.980000
15358.390000
15346.970000
15351.780000
15353.540000
15383.410000
15375.850000
15402.120000
15402.570000
15397.340000
15434.980000
15436.400000
15454.810000
15451.890000
15461.600000
15419.300000
15477.950000
15405.560000
15380.560000
15432.860000
15446.590000
15433.810000
15448.730000
15470.350000
15451.570000
15465.440000
15480.100000
15506.340000
15564.270000
15582.150000
15581.700000
15593.680000
15570.980000
15492.670000
15449.210000
15508.980000
15533.640000
15357.870000
15401.190000
15388.770000
15362.220000
15417.210000
15438.220000
15452.080000
15479.020000
15482.000000
15495.720000
15464.130000
15485.260000
15476.530000
15482.920000
15493.620000
15489.220000
15479.800000
15477.550000
15310.870000
15421.340000
15389.610000
15421.440000
15427.960000
15428.690000
15415.450000
15415.610000
15390.530000
15290.910000
15309.300000
15290.060000
15295.140000
15373.300000
15394.820000
15358.530000
15388.140000
15399.890000
15469.310000
15453.970000
15466.420000
15479.940000
15486.000000
15484.200000
15540.580000
15495.890000
15475.690000
15488.770000
15467.930000
15459.420000
15397.160000
15378.920000
15329.200000
15257.420000
15243.990000
15209.740000
15402.610000
15433.160000
15429.280000
15443.970000
15440.120000
15468.440000
15450.450000
15402.610000
15381.430000
15347.370000
15362.430000
15388.860000
15398.670000
15430.770000
15425.990000
15368.860000
15388.390000
15365.140000
15426.140000
15425.030000
15467.300000
15469.170000
15459.660000
15391.240000
15406.620000
15372.730000
15305.020000
15249.730000
15216.200000
15238.600000
15244.720000
15252.350000
15241.040000
15302.520000
15316.720000
15327.640000
15463.890000
15461.460000
15481.690000
15491.270000
15469.350000
15522.900000
15554.100000
15559.760000
15578.390000
15640.720000
15621.060000
15629.390000
15589.850000
15628.010000
15666.330000
15654.220000
15653.970000
15653.580000
15682.540000
15681.900000
15689.180000
15670.460000
15660.440000
15656.210000
15621.060000
15561.940000
15559.530000
15563.220000
15567.910000
15594.530000
15597.950000
15588.190000
15615.970000
15618.810000
15640.780000
15631.870000
15622.140000
15547.240000
15570.220000
15582.630000
15567.960000
15590.180000
15642.430000
15638.190000
15633.210000
15337.180000
15388.020000
15368.990000
15433.760000
15429.640000
15466.750000
15364.450000
15389.880000
15427.970000
15134.430000
15016.300000
15089.140000
15045.050000
14970.190000
15032.440000
15017.690000
15014.940000
14959.470000
15063.460000
15013.760000
15038.050000
15096.140000
15191.530000
15227.530000
15206.140000
15235.810000
15232.830000
15156.670000
14992.030000
14773.500000
14824.500000
14771.820000
14794.180000
14821.990000
14806.660000
14735.260000
14854.580000
14820.900000
14833.180000
14832.240000
14785.220000
14900.680000
14948.370000
14992.950000
14967.100000
15079.520000
15065.690000
15022.200000
14945.680000
14797.000000
14790.770000
14722.350000
14765.770000
14768.200000
14687.600000
14774.740000
14878.160000
14855.470000
14905.840000
14917.660000
14942.570000
14943.130000
14933.380000
15131.940000
15176.140000
15191.410000
15198.820000
15198.140000
15236.540000
15190.430000
15186.830000
15195.340000
15219.710000
15255.710000
15278.810000
15273.260000
15284.070000
15275.580000
15272.550000
15227.250000
15216.190000
15217.410000
15146.760000
15108.910000
15145.450000
15177.540000
15197.030000
15232.240000
15232.330000
15210.390000
15029.600000
14926.100000
14861.090000
14851.720000
14924.180000
14945.110000
14950.580000
14964.250000
14957.230000
15041.760000
15100.710000
15125.000000
15164.950000
15140.420000
15163.080000
15156.190000
15123.340000
15127.680000
15189.000000
15168.260000
15139.450000
15135.980000
15148.490000
15114.510000
15119.760000
15127.120000
15142.020000
15208.090000
15238.450000
15267.200000
15279.650000
15278.860000
15288.190000
15322.640000
15281.530000
15328.780000
15480.650000
15494.220000
15484.120000
15522.980000
15514.610000
15476.820000
15495.180000
15524.820000
15522.400000
15518.250000
15540.440000
15578.660000
15588.310000
15586.510000
15610.620000
15620.920000
15657.830000
15628.840000
15652.470000
15643.040000
15633.850000
15636.750000
15615.210000
15604.090000
15603.530000
15564.040000
15580.920000
15618.830000
15664.850000
15715.760000
15730.900000
15721.140000
15715.760000
15683.510000
15635.040000
15603.470000
15575.770000
15539.610000
15539.710000
15570.150000
15546.310000
15514.160000
15537.130000
15494.200000
15520.170000
15559.070000
15564.890000
15566.560000
15569.230000
15582.650000
15571.040000
15564.240000
15582.620000
15597.890000
15672.500000
15695.640000
15692.570000
15677.540000
15645.860000
15636.340000
15643.240000
15645.180000
15655.170000
15698.360000
15692.200000
15707.360000
15685.900000
15689.340000
15741.700000
15703.580000
15692.210000
15703.600000
15720.900000
15698.600000
15698.510000
15699.110000
15696.610000
15714.760000
15679.970000
15708.220000
15729.460000
15802.690000
15770.630000
15795.390000
15770.340000
15798.010000
15799.650000
15826.680000
15805.010000
15807.500000
15857.550000
15831.710000
15819.530000
15813.470000
15795.200000
15775.800000
15791.000000
15797.020000
15789.530000
15811.200000
15827.470000
15860.100000
15889.320000
15888.010000
15911.620000
15885.650000
15865.220000
15882.670000
15861.450000
15866.100000
15837.950000
15851.520000
15849.820000
15852.990000
15870.370000
15890.830000
15895.200000
15772.880000
15777.870000
15780.050000
15773.050000
15753.710000
15758.710000
15769.320000
15806.980000
15795.970000
15769.280000
15759.880000
15752.690000
15734.720000
15751.450000
15792.730000
15820.900000
15858.760000
15881.660000
15874.080000
15851.150000
15869.070000
15885.300000
15898.610000
15892.510000
15907.620000
15867.730000
15863.950000
15825.820000
15841.050000
15842.310000
15838.890000
15857.930000
15849.570000
15852.360000
15856.430000
15872.130000
15729.740000
15793.770000
15769.080000
15765.370000
15764.480000
15778.750000
15777.390000
15772.930000
15795.730000
15813.800000
15820.380000
15815.620000
15812.740000
15817.850000
15848.820000
15804.390000
15774.110000
15800.450000
15832.070000
15711.970000
15757.170000
15729.290000
15772.130000
15822.020000
15858.540000
15872.640000
15922.380000
15873.690000
15865.410000
15880.620000
15887.600000
15880.300000
15849.360000
15845.330000
15728.580000
15726.940000
15812.160000
15803.940000
15829.870000
15834.280000
15830.190000
15810.880000
15826.810000
15811.350000
15815.060000
15774.190000
15749.290000
15707.130000
15691.940000
15680.900000
15719.080000
15746.000000
15713.930000
15734.240000
15797.480000
15859.070000
15855.150000
15842.340000
15874.370000
15869.950000
15897.530000
15944.580000
15961.020000
15976.100000
15957.770000
15971.700000
15985.130000
15989.170000
15976.340000
15938.930000
15948.440000
15952.830000
15941.140000
15920.990000
15910.480000
15907.070000
15887.610000
15885.860000
15917.430000
15932.030000
15955.480000
15884.910000
15921.250000
15909.270000
15915.770000
15911.900000
15961.520000
15891.240000
15862.260000
15896.230000
15942.900000
15914.070000
15919.790000
15912.780000
15871.360000
15831.770000
15782.570000
15810.690000
15834.910000
15880.700000
15921.100000
15918.080000
15912.130000
15896.400000
15895.040000
15906.400000
15908.740000
15913.820000
15940.430000
15930.490000
15945.360000
15956.170000
15937.460000
15890.410000
15882.420000
15898.590000
15917.240000
15946.480000
15933.490000
15935.610000
15936.170000
15937.430000
15934.240000
15880.440000
15894.140000
15897.930000
15920.170000
15944.490000
15951.470000
15950.960000
15956.620000
15978.640000
15942.860000
15940.050000
15951.300000
16152.560000
16176.590000
16201.730000
16217.290000
16207.310000
16167.890000
16113.760000
16145.680000
16163.360000
16237.560000
16270.760000
16259.130000
16256.300000
16281.340000
16277.270000
16330.780000
16324.550000
16275.380000
16254.150000
16261.870000
16248.260000
16234.670000
16223.610000
16207.280000
16221.380000
16218.930000
16223.990000
16211.500000
16201.070000
16188.040000
16195.280000
16166.670000
16172.030000
16165.570000
16146.920000
16152.860000
15934.970000
15972.840000
15901.910000
15885.370000
15874.990000
15867.850000
15830.430000
15833.730000
15842.130000
15751.720000
15813.660000
15834.400000
15824.820000
15828.020000
15840.330000
15818.720000
15816.350000
15793.800000
15771.840000
15782.480000
15739.550000
15809.680000
15851.890000
15862.830000
15926.300000
16002.020000
15983.970000
16018.890000
16007.920000
15987.160000
15966.570000
15957.660000
15937.430000
15932.690000
15950.510000
15952.730000
15987.430000
16003.870000
16046.080000
16033.060000
16032.220000
16015.580000
15996.490000
15941.580000
15908.910000
15847.460000
15862.760000
15833.140000
15844.050000
15847.870000
15807.050000
15764.210000
15653.600000
15664.020000
15805.360000
15858.070000
15832.890000
15838.580000
15810.290000
15750.670000
15735.050000
15838.650000
15853.660000
15974.850000
15990.610000
16016.850000
16042.800000
16024.510000
16014.170000
16005.660000
16036.320000
16051.230000
16083.150000
16059.950000
16050.450000
16074.000000
16076.010000
16076.060000
15997.390000
15960.100000
15963.890000
15974.700000
15939.530000
15948.110000
15931.750000
15948.140000
15958.640000
15980.950000
15997.240000
15992.440000
15946.990000
15928.590000
15935.340000
15970.740000
16005.110000
15988.140000
16011.710000
15951.890000
15960.560000
15962.840000
15983.690000
15995.960000
15996.170000
16008.050000
15984.940000
15956.350000
15995.550000
15989.960000
15988.680000
15974.540000
15952.440000
15937.450000
15964.050000
15966.900000
15975.850000
15967.940000
15949.840000
16081.950000
16114.130000
16081.720000
16050.520000
16060.390000
16082.490000
16088.050000
16088.590000
16097.870000
16157.690000
16143.650000
16125.980000
16125.730000
16121.500000
16181.400000
16179.560000
16218.250000
16230.680000
16271.810000
16304.730000
16307.620000
16327.680000
16311.860000
16290.320000
16296.820000
16311.500000
16310.790000
16289.260000
16259.960000
16245.410000
16205.620000
16195.990000
16199.540000
16248.260000
16275.330000
16290.120000
16329.230000
16351.860000
16324.520000
16339.010000
16354.080000
16422.920000
16361.100000
16382.530000
16357.630000
16260.580000
16270.480000
16272.060000
16242.280000
16238.180000
16241.930000
16211.840000
16195.020000
16201.200000
16155.610000
16077.510000
16106.420000
16113.500000
16142.200000
16167.760000
16152.080000
16118.460000
16111.320000
16124.250000
16127.630000
16136.370000
16104.030000
16088.710000
16055.650000
16028.600000
16045.790000
16023.130000
15874.170000
15920.860000
15925.030000
15895.910000
15943.870000
15939.580000
15951.890000
15972.890000
15988.160000
15862.730000
15892.330000
15895.180000
15862.320000
15859.240000
15743.520000
15815.040000
15856.110000
15829.940000
15802.860000
15738.980000
15795.580000
15789.040000
15797.090000
15798.820000
15847.700000
15830.560000
15813.060000
15823.390000
15799.460000
15795.560000
15825.200000
15779.420000
15788.090000
15801.630000
15844.030000
15846.860000
15937.160000
15955.620000
15969.050000
15978.920000
15966.330000
15962.130000
15976.260000
15953.360000
15949.000000
15933.450000
15952.600000
15952.800000
15985.660000
15989.010000
15967.620000
15943.760000
15923.000000
15946.720000
16023.710000
16072.910000
16118.770000
16133.350000
16131.730000
16140.140000
16152.020000
16156.780000
16147.900000
16199.570000
16197.480000
16158.900000
16154.490000
16121.460000
16116.730000
16094.920000
16084.100000
16081.040000
16095.150000
16070.680000
16065.970000
16048.780000
16056.720000
16049.670000
16045.330000
16030.950000
16039.170000
15941.360000
15964.550000
15950.740000
15961.940000
15945.700000
15923.150000
15917.680000
15913.530000
15937.580000
15796.780000
15791.760000
15771.480000
15749.450000
15741.180000
15677.120000
15619.070000
15519.150000
15528.540000
15500.400000
15526.430000
15573.180000
15592.860000
15606.020000
15604.180000
15608.800000
15601.330000
15603.400000
15605.620000
15644.230000
15650.120000
15667.250000
15694.450000
15690.570000
15681.100000
15668.870000
15673.160000
15699.710000
15668.730000
15737.130000
15730.380000
15763.680000
15800.130000
15788.270000
15781.220000
15790.340000
15873.070000
15907.590000
15924.470000
15922.490000
15941.910000
15952.870000
15991.150000
16026.210000
16023.000000
16049.460000
16089.950000
16094.980000
16112.520000
16123.210000
16134.850000
16179.650000
16153.720000
16141.030000
16109.550000
16113.150000
16076.930000
16109.130000
16119.250000
16140.310000
16134.730000
16105.030000
16105.070000
16088.150000
16054.350000
16008.160000
16022.670000
15999.100000
16015.410000
16056.400000
16069.730000
16068.650000
16071.340000
16066.810000
16078.210000
16059.760000
16050.650000
16053.890000
16084.470000
16126.900000
16125.490000
16131.480000
16174.700000
16144.500000
16157.430000
16111.200000
16091.840000
16138.890000
16123.560000
16108.930000
16127.600000
16159.500000
16143.060000
16147.010000
16156.840000
16145.040000
16203.130000
16190.340000
16204.220000
16111.330000
16149.230000
16133.420000
16137.160000
16109.520000
16168.420000
16138.600000
16174.210000
16177.220000
16179.330000
16183.190000
16201.010000
16182.590000
16165.720000
16158.680000
16156.180000
16182.850000
16190.950000
16160.140000
16192.860000
16221.020000
16210.350000
16212.010000
16193.180000
16203.670000
16200.060000
16211.590000
16172.310000
16132.540000
16111.580000
16089.070000
16073.200000
16022.990000
16086.100000
16091.110000
16131.460000
16206.950000
16287.030000
16263.590000
16282.020000
16319.340000
16344.400000
16400.510000
16387.620000
16406.030000
16378.610000
16372.180000
16391.180000
16385.430000
16411.970000
16452.750000
16455.450000
16464.600000
16469.750000
16464.500000
16499.350000
16491.980000
16485.370000
16499.890000
16512.440000
16479.150000
16468.980000
16446.830000
16372.360000
16338.480000
16292.170000
16331.230000
16294.360000
16297.980000
16324.530000
16288.930000
16240.400000
16026.750000
15986.970000
16025.400000
16119.200000
16104.340000
16064.820000
16080.830000
16002.300000
16020.020000
15813.280000
15852.770000
15901.190000
15898.450000
15877.590000
15873.810000
15878.410000
15846.060000
15893.380000
15949.620000
15919.920000
15913.690000
15855.070000
15805.000000
15839.120000
15877.370000
15951.320000
15951.860000
15958.400000
15861.950000
15895.570000
15847.940000
15894.260000
15933.900000
15901.450000
15952.670000
15950.760000
15939.690000
15890.630000
15815.500000
15734.970000
15747.850000
15744.390000
15753.740000
15753.410000
15774.930000
15933.820000
15982.050000
15958.780000
15949.120000
15925.820000
15866.270000
15889.190000
15870.370000
15852.580000
15955.460000
15944.610000
15913.340000
15927.720000
15889.650000
15950.980000
16015.880000
15994.470000
15996.520000
15920.530000
15900.200000
15919.280000
15920.060000
15890.370000
15811.120000
15831.470000
15838.610000
15832.170000
15911.250000
15916.650000
15917.940000
15909.580000
15888.950000
15878.100000
15849.420000
15895.300000
15904.250000
15799.040000
15808.670000
15761.330000
15727.120000
15732.980000
15765.500000
15785.520000
15735.410000
15767.280000
15786.050000
15792.960000
15781.890000
15783.380000
15797.690000
15768.580000
15791.880000
15798.880000
15789.450000
15719.840000
15756.130000
15781.420000
15776.580000
15780.840000
15764.920000
15679.910000
15700.750000
15676.900000
15538.480000
15586.430000
15586.440000
15569.770000
15517.920000
15493.450000
15485.520000
15564.640000
15574.260000
15680.440000
15675.940000
15698.100000
15679.260000
15694.840000
15653.960000
15624.260000
15603.940000
15603.280000
15755.810000
15751.200000
15756.580000
15769.920000
15785.520000
15769.920000
15700.940000
15706.380000
15705.620000
15748.030000
15765.430000
15783.740000
15728.170000
15710.330000
15679.870000
15712.150000
15730.280000
15728.410000
15840.830000
15802.100000
15757.210000
15773.790000
15752.660000
15724.380000
15729.670000
15637.170000
15621.490000
15625.350000
15656.590000
15662.310000
15691.370000
15695.900000
15718.040000
15672.950000
15606.940000
15631.820000
15722.480000
15708.320000
15694.020000
15679.710000
15727.130000
15746.570000
15782.010000
15791.110000
15792.610000
15809.750000
15825.320000
15875.830000
15857.390000
15842.670000
15828.610000
15876.050000
15913.330000
15930.880000
15945.410000
15868.210000
15848.070000
15878.930000
15883.340000
15923.090000
15929.670000
15894.500000
15891.930000
15992.580000
15995.140000
15982.290000
15985.260000
16025.280000
16011.930000
16032.420000
15992.220000
15947.080000
15976.600000
15942.250000
15936.760000
15932.090000
15921.860000
15934.410000
15866.790000
15862.430000
15840.340000
15932.630000
15940.060000
15919.660000
15913.880000
15891.500000
15874.970000
15865.100000
15797.360000
15824.850000
15731.630000
15761.320000
15781.120000
15792.900000
15819.440000
15838.070000
15797.300000
15778.490000
15771.710000
15691.010000
15725.950000
15728.540000
15718.310000
15692.390000
15722.420000
15760.980000
15744.460000
15741.370000
15731.320000
15748.230000
15759.990000
15746.440000
15708.760000
15683.420000
15720.330000
15709.480000
15718.660000
