15623.290000
15596.430000
15603.800000
15688.680000
15730.490000
15631.560000
15662.490000
15590.410000
15609.740000
15453.960000
15544.570000
15531.360000
15559.950000
15535.470000
15584.560000
15593.220000
15639.120000
15623.150000
15621.860000
15634.480000
15657.340000
15657.840000
15677.380000
15671.600000
15639.380000
15574.940000
15599.110000
15674.160000
15703.440000
15708.540000
15722.600000
15756.900000
15752.980000
15721.490000
15695.520000
15689.320000
15663.420000
15699.130000
15709.220000
15706.080000
15669.510000
15676.850000
15724.870000
15689.780000
15691.660000
15698.520000
15705.090000
15702.690000
15684.310000
15685.720000
15666.530000
15655.900000
15613.720000
15616.000000
15663.180000
15700.120000
15680.330000
15684.150000
15688.890000
15665.500000
15683.400000
15643.640000
15638.230000
15729.880000
15707.610000
15616.090000
15594.940000
15554.870000
15567.690000
15555.600000
15466.790000
15455.540000
15159.180000
15134.630000
15123.080000
15118.920000
15069.420000
15019.490000
15045.610000
15094.220000
15097.900000
15205.700000
15299.730000
15304.170000
15338.710000
15346.820000
15317.340000
15329.560000
15294.060000
15282.630000
15378.930000
15379.940000
15421.810000
15429.800000
15429.410000
15437.300000
15451.790000
15465.980000
15481.890000
15598.650000
15658.160000
15652.850000
15601.810000
15609.480000
15611.650000
15593.720000
15649.170000
15636.570000
15504.600000
15497.170000
15502.420000
15502.370000
15516.370000
15508.210000
15516.140000
15519.390000
15522.470000
15658.280000
15653.020000
15629.130000
15587.740000
15573.220000
15560.080000
15552.090000
15583.970000
15573.820000
15444.700000
15412.040000
15400.110000
15375.370000
15361.500000
15365.300000
15329.520000
15232.970000
15247.860000
15330.570000
15353.750000
15387.910000
15398.350000
15377.120000
15363.450000
15301.350000
15330.580000
15352.790000
15357.730000
15367.970000
15332.660000
15298.560000
15300.730000
15309.500000
15246.000000
15255.580000
15260.690000
14983.800000
15058.480000
15117.480000
15137.860000
15154.640000
15193.920000
15136.040000
15108.570000
15122.770000
15035.530000
15053.410000
15116.420000
15140.470000
15105.260000
15112.290000
15142.900000
15016.930000
15025.400000
15018.050000
15011.440000
15082.790000
15078.850000
15074.440000
15086.880000
15072.400000
15090.250000
15171.990000
14894.720000
14867.670000
14818.710000
14833.550000
14842.600000
14915.330000
14943.010000
14923.750000
14958.770000
15124.530000
15116.470000
15129.540000
15136.630000
15160.450000
15170.300000
15144.590000
15207.310000
15229.460000
15191.670000
15201.540000
15184.760000
15214.450000
15230.660000
15203.780000
15209.130000
15199.590000
15205.800000
15113.490000
15122.940000
15174.930000
15124.030000
15125.260000
15094.440000
15140.020000
15162.260000
15176.090000
15012.070000
15064.330000
15117.360000
15140.750000
15136.030000
15129.750000
15122.580000
15121.470000
15124.000000
15109.610000
15185.660000
15235.250000
15245.270000
15245.770000
15229.760000
15234.410000
15221.010000
15242.060000
15303.390000
15329.610000
15354.650000
15373.060000
15374.920000
15389.890000
15417.990000
15435.160000
15443.810000
15465.930000
15473.680000
15488.840000
15492.980000
15495.030000
15516.870000
15545.310000
15539.430000
15567.850000
15497.850000
15502.880000
15502.810000
15480.620000
15488.080000
15433.770000
15416.020000
15432.960000
15469.840000
15457.430000
15465.090000
15470.580000
15478.080000
15482.390000
15489.100000
15487.170000
15503.120000
15513.600000
15471.440000
15503.680000
15522.960000
15521.910000
15510.400000
15472.760000
15465.030000
15472.600000
15514.840000
15406.590000
15481.390000
15491.470000
15508.260000
15508.460000
15510.910000
15481.890000
15481.990000
15470.480000
15492.290000
15500.900000
15555.440000
15552.090000
15591.660000
15582.840000
15569.910000
15579.590000
15537.990000
15531.950000
15558.670000
15562.450000
15573.140000
15569.560000
15579.840000
15570.450000
15579.600000
15595.530000
15650.350000
15728.770000
15727.500000
15741.130000
15737.220000
15741.350000
15752.510000
15757.240000
15757.060000
15709.450000
15685.780000
15671.590000
15682.260000
15694.110000
15689.570000
15694.200000
15689.590000
15701.300000
15661.520000
15653.120000
15668.150000
15673.000000
15661.150000
15629.330000
15629.700000
15645.560000
15664.600000
15545.550000
15563.320000
15548.550000
15495.510000
15554.660000
15575.170000
15581.540000
15627.320000
15635.530000
15764.550000
15821.250000
15815.680000
15796.300000
15782.050000
15760.350000
15763.850000
15795.910000
15805.250000
15824.110000
15854.500000
15863.580000
15873.170000
15892.500000
15901.080000
15919.590000
15924.470000
15931.550000
15928.200000
15933.940000
15942.720000
15939.760000
15939.730000
15930.540000
15927.420000
15922.100000
15946.950000
15998.250000
15997.630000
16013.880000
16034.380000
16035.280000
16019.170000
16041.400000
16015.650000
16028.430000
16008.400000
16017.710000
16034.220000
16038.660000
16059.600000
16039.430000
16038.170000
16027.300000
16016.200000
16040.200000
16039.790000
16022.640000
16062.510000
16063.450000
16074.070000
16076.500000
16067.250000
16032.790000
16027.280000
16033.550000
16019.390000
15985.900000
16008.760000
16002.970000
16010.720000
16011.920000
16017.360000
16056.330000
16056.800000
16032.500000
16048.920000
16056.750000
16073.540000
16075.900000
16072.810000
16065.490000
16066.630000
16076.660000
16065.060000
16088.050000
16090.630000
16099.870000
16097.800000
16097.060000
16075.120000
16071.080000
16084.860000
16072.290000
16096.640000
16113.540000
16105.350000
16108.550000
16124.280000
16100.550000
16102.730000
16119.400000
16157.580000
16159.200000
16179.200000
16187.840000
16213.220000
16212.640000
16220.180000
16236.500000
16236.000000
16240.510000
16258.800000
16259.200000
16257.440000
16260.280000
16255.110000
16253.440000
16257.240000
16249.710000
16253.800000
16243.560000
16234.310000
16250.200000
16246.450000
16235.750000
16225.000000
16193.340000
16207.900000
16248.640000
16176.610000
16146.840000
16164.110000
16121.450000
16092.630000
16116.980000
16127.230000
16138.820000
16162.630000
16148.270000
16158.640000
16135.370000
16128.050000
16090.540000
16111.190000
16145.330000
16115.690000
15881.060000
15866.010000
15940.240000
15925.840000
15995.050000
15992.210000
15978.880000
15921.740000
15917.550000
15932.180000
15855.040000
15813.250000
15788.770000
15811.400000
15756.490000
15740.600000
15793.890000
15857.290000
15907.590000
15924.030000
15896.470000
15885.840000
15888.350000
15871.430000
15865.410000
15903.150000
15904.930000
15282.690000
15413.630000
15419.740000
15451.310000
15434.150000
15411.200000
15379.750000
15338.870000
15244.460000
15274.780000
15298.070000
15296.160000
15352.380000
15320.340000
15353.470000
15331.020000
15237.870000
15265.850000
15057.480000
15015.420000
15031.000000
15023.160000
15079.220000
15100.550000
15179.850000
15150.530000
15100.130000
15187.090000
15260.800000
15307.920000
15290.760000
15338.100000
15370.980000
15363.060000
15375.690000
15430.460000
15248.470000
15307.840000
15263.550000
15261.180000
15172.900000
15186.660000
15178.390000
15229.380000
15262.940000
15299.630000
15279.520000
15217.080000
15235.660000
15291.410000
15290.220000
15197.230000
15132.470000
15101.710000
15243.340000
15186.410000
15150.540000
15184.020000
15226.940000
15246.550000
15268.000000
15312.220000
15378.760000
15544.790000
15658.290000
15677.830000
15695.610000
15685.340000
15690.820000
15694.590000
15756.980000
15800.570000
15763.730000
15754.000000
15690.100000
15689.080000
15721.080000
15725.680000
15689.270000
15686.810000
15683.670000
15669.070000
15680.880000
15613.470000
15629.220000
15637.600000
15618.060000
15617.270000
15613.400000
15626.000000
15550.450000
15569.700000
15585.230000
15605.730000
15636.310000
15615.910000
15637.230000
15615.860000
15605.740000
15646.510000
15748.650000
15752.490000
15758.230000
15753.660000
15742.780000
15663.600000
15591.620000
15604.210000
15658.200000
15604.930000
15590.720000
15601.520000
15610.860000
15519.410000
15499.970000
15450.620000
15448.450000
15490.220000
15484.420000
15493.290000
15491.370000
15488.400000
15502.390000
15460.950000
15451.740000
15476.190000
15699.020000
15703.800000
15694.860000
15725.830000
15723.850000
15680.310000
15642.810000
15621.570000
15629.190000
15553.950000
15485.680000
15492.270000
15500.240000
15464.290000
15448.880000
15443.290000
15419.550000
15531.150000
15108.660000
15060.100000
15145.800000
15226.500000
15229.970000
15212.090000
15206.950000
15224.310000
15218.470000
15320.970000
15305.800000
15305.610000
15362.860000
15402.240000
15391.360000
15408.180000
15398.460000
15423.000000
15425.160000
15440.710000
15448.940000
15467.100000
15451.460000
15431.240000
15450.180000
15486.580000
15529.750000
15622.600000
15650.700000
15647.130000
15668.860000
15687.080000
15673.450000
15691.340000
15736.360000
15749.810000
15697.440000
15749.660000
15776.770000
15768.750000
15774.980000
15789.650000
15800.910000
15807.610000
15835.250000
15832.960000
15936.510000
15940.700000
15930.970000
15929.730000
15938.490000
15916.020000
15944.170000
15953.300000
15918.450000
15930.760000
15910.870000
15895.500000
15877.410000
15847.580000
15836.720000
15803.590000
15843.950000
15835.470000
15850.300000
15834.570000
15838.980000
15849.340000
15872.580000
15884.860000
15884.860000
15884.860000
15943.160000
15987.610000
15992.470000
16026.990000
16023.290000
16044.890000
15992.210000
16008.660000
15997.900000
16036.520000
16054.770000
16075.340000
16116.200000
16134.700000
16160.180000
16169.870000
16126.850000
16114.240000
16161.720000
16180.250000
16234.140000
16231.250000
16255.650000
16255.380000
16220.520000
16233.090000
16252.280000
16018.100000
16065.620000
16095.240000
16072.470000
16052.140000
16079.510000
16019.350000
15988.630000
16038.460000
15930.300000
15946.010000
15985.250000
15981.650000
15970.250000
15897.710000
15934.950000
15862.710000
15893.680000
15840.180000
15884.180000
15902.960000
15882.310000
15842.830000
15834.920000
15799.310000
15724.230000
15738.340000
15880.390000
15922.060000
15939.490000
15918.210000
15938.130000
15923.450000
15888.220000
15896.320000
15914.710000
15955.540000
15978.440000
15985.560000
15970.940000
15961.860000
15971.990000
16000.730000
15981.120000
15970.810000
15947.460000
15963.210000
15987.150000
16002.260000
16003.650000
16014.180000
16011.220000
15941.780000
15973.440000
15883.990000
15903.470000
15909.100000
15923.200000
15852.300000
15833.730000
15845.690000
15883.750000
15854.170000
15894.770000
15911.220000
15920.280000
15933.970000
15936.630000
15933.910000
15932.460000
15936.030000
15933.720000
15744.100000
15669.350000
15708.530000
15726.740000
15751.580000
15770.860000
15745.790000
15775.180000
15772.560000
15629.860000
15735.670000
15783.100000
15799.670000
15816.390000
15843.250000
15863.590000
15795.860000
15776.430000
15774.300000
15737.330000
15772.120000
15808.800000
15808.400000
15822.580000
15818.340000
15855.820000
15883.870000
15652.520000
15661.230000
15669.860000
15625.430000
15562.960000
15548.970000
15509.480000
15456.870000
15537.460000
15434.820000
15388.440000
15275.330000
15293.640000
15274.360000
15166.000000
15063.360000
14952.670000
15011.130000
14998.910000
15058.900000
15085.560000
15078.020000
15063.230000
15055.490000
15010.760000
14979.110000
15090.920000
15272.870000
15377.040000
15413.790000
15416.000000
15454.850000
15475.410000
15438.800000
15385.590000
15403.270000
15197.530000
15303.720000
15335.270000
15341.900000
15374.010000
15426.190000
15504.720000
15456.430000
15469.800000
15283.450000
15275.070000
15203.290000
15187.090000
15122.650000
15146.060000
15184.870000
15182.770000
15261.630000
15464.370000
15475.680000
15399.280000
15359.340000
15338.190000
15375.300000
15370.500000
15441.460000
15400.950000
15616.350000
15537.050000
15567.130000
15605.680000
15626.760000
15636.720000
15608.380000
15570.080000
15583.180000
15645.080000
15650.170000
15676.780000
15648.390000
15672.280000
15651.500000
15622.390000
15604.990000
15613.340000
15549.150000
15510.710000
15515.430000
15528.940000
15531.920000
15444.980000
15401.340000
15399.140000
15367.160000
15235.550000
15235.880000
15177.810000
15108.580000
15108.200000
15089.110000
15060.480000
15073.940000
15069.290000
15092.450000
15076.890000
15081.850000
15081.240000
15125.390000
15145.670000
15162.880000
15196.180000
15206.640000
15202.460000
15282.550000
15226.350000
15170.850000
15163.090000
15183.380000
15164.400000
15158.800000
15214.000000
15351.480000
15439.480000
15455.750000
15440.870000
15469.600000
15477.980000
15482.300000
15481.330000
15472.510000
15507.470000
15494.260000
15487.610000
15518.610000
15531.810000
15444.820000
15413.370000
15513.380000
15490.390000
15329.040000
15308.690000
15351.370000
15402.070000
15421.600000
15421.880000
15433.040000
15430.040000
15405.120000
14863.490000
14844.100000
14862.230000
14921.710000
14903.670000
15080.180000
15045.010000
15032.150000
15048.050000
15068.330000
15255.800000
15258.940000
15334.620000
15359.540000
15348.330000
15342.750000
15356.530000
15374.700000
15408.730000
15404.590000
15378.900000
15409.370000
15374.000000
15369.370000
15327.940000
15333.400000
15360.800000
15328.040000
15341.360000
15362.620000
15367.070000
15362.440000
15266.560000
15216.700000
15206.400000
15231.190000
15259.870000
15244.920000
15231.650000
15228.500000
15237.390000
15039.460000
15062.420000
15028.630000
14989.050000
15092.520000
15031.120000
14978.120000
14922.360000
14808.910000
14617.660000
14719.000000
14745.960000
14713.390000
14357.860000
14524.040000
14527.990000
14682.800000
14684.410000
14669.350000
14680.170000
14687.420000
14653.990000
14735.600000
14825.970000
14785.090000
14765.900000
14764.780000
14794.970000
14733.480000
14615.670000
14586.350000
13986.190000
14053.170000
13937.880000
13865.920000
13826.700000
13807.280000
13867.510000
13959.990000
14012.130000
14051.410000
14027.930000
14141.720000
14199.700000
14251.390000
14374.080000
14419.680000
14409.870000
14477.310000
14192.490000
14175.500000
14106.890000
14204.820000
14212.000000
14194.450000
14219.280000
14238.120000
14403.630000
14288.700000
14141.450000
14075.220000
14043.650000
14050.380000
14026.050000
14117.510000
13990.220000
13904.850000
13707.860000
13720.720000
13899.230000
13902.050000
13896.160000
13849.280000
13892.990000
13899.270000
13969.490000
13859.490000
13868.510000
13829.260000
13843.220000
13867.910000
13888.680000
13885.750000
13735.160000
13669.100000
13365.700000
13168.980000
13198.240000
13193.140000
13175.840000
13202.140000
13155.860000
13136.130000
13094.540000
12438.850000
12514.600000
12590.030000
12624.860000
12784.730000
12833.570000
12986.720000
12841.880000
12832.990000
12672.000000
12927.530000
12827.440000
12887.440000
12913.460000
12832.350000
12839.750000
12725.830000
12825.880000
13199.680000
13297.890000
13422.360000
13385.500000
13401.630000
13472.180000
13460.210000
13598.350000
13693.490000
13523.690000
13541.390000
13518.550000
13432.090000
13341.790000
13349.850000
13382.230000
13464.510000
13410.360000
13407.970000
13530.870000
13527.800000
13529.980000
13777.540000
13791.780000
13714.860000
13681.490000
13628.110000
13815.800000
13905.990000
13972.540000
13852.150000
13850.780000
13876.490000
13911.580000
13940.440000
13916.000000
13607.050000
13577.810000
13625.940000
13741.110000
13756.380000
13777.710000
13791.020000
13812.500000
13808.350000
14183.260000
14199.590000
14204.910000
14338.470000
14272.610000
14248.440000
14253.710000
14364.000000
14401.130000
14413.240000
14363.640000
14253.600000
14316.310000
14271.940000
14243.940000
14248.520000
14262.140000
14300.440000
14288.300000
14263.780000
14204.810000
14109.790000
14132.930000
14203.000000
14286.570000
14319.730000
14346.340000
14358.790000
14348.570000
14398.040000
14402.680000
14391.030000
14345.950000
14306.260000
14341.300000
14326.970000
14343.340000
14428.350000
14438.890000
14409.710000
14398.910000
14429.450000
14464.010000
14438.970000
14434.470000
14480.200000
14401.740000
14408.380000
14326.930000
14279.660000
14226.430000
14246.210000
14259.110000
14261.880000
14278.290000
14255.400000
14188.620000
14187.820000
14240.310000
14219.440000
14202.660000
14230.970000
14259.130000
14247.380000
14254.980000
14311.550000
14349.360000
14385.400000
14331.810000
14341.810000
14248.880000
14280.380000
14371.900000
14450.450000
14493.710000
14524.940000
14556.550000
14496.870000
14491.570000
14451.190000
14412.740000
14553.710000
14574.240000
14590.810000
14671.310000
14631.220000
14793.320000
14808.030000
14731.450000
14755.960000
14650.210000
14586.010000
14613.180000
14564.300000
14600.720000
14559.360000
14572.550000
14575.060000
14555.870000
14642.150000
14571.400000
14571.420000
14559.250000
14537.070000
14549.370000
14450.420000
14417.890000
14404.030000
14403.090000
14421.180000
14414.660000
14453.690000
14462.470000
14442.030000
14442.020000
14429.650000
14444.120000
14344.860000
14334.100000
14375.310000
14443.800000
14430.360000
14424.640000
14436.910000
14475.780000
14516.290000
14471.090000
14544.550000
14464.380000
14417.480000
14419.160000
14403.220000
14405.880000
14347.330000
14382.610000
14252.530000
14205.090000
14209.720000
14193.750000
14129.200000
14099.480000
14054.190000
14027.180000
14091.570000
14147.500000
14123.050000
14185.840000
14220.840000
14193.560000
14173.080000
14165.580000
14113.910000
14069.530000
14249.670000
14242.150000
14224.960000
14226.750000
14264.850000
14221.500000
14185.320000
14178.280000
14252.680000
14094.830000
14121.130000
14164.130000
14211.690000
14181.960000
14149.550000
14149.240000
14186.960000
14160.270000
13887.110000
13932.700000
14014.200000
14030.350000
14047.640000
14062.240000
14081.840000
14083.280000
14082.200000
14012.500000
14043.750000
13972.050000
13970.090000
13993.520000
13961.950000
13962.340000
14001.780000
14033.060000
14076.170000
14080.060000
14038.300000
14072.860000
14100.570000
14132.310000
14125.540000
14139.190000
14150.620000
13998.390000
14034.040000
13991.700000
14002.420000
14042.990000
14056.820000
14044.750000
14125.770000
14149.790000
14149.680000
14176.430000
14211.170000
14305.940000
14292.900000
14300.990000
14303.890000
14315.850000
14334.640000
14374.590000
14490.210000
14500.200000
14523.410000
14571.450000
14559.710000
14541.400000
14507.450000
14502.410000
14282.240000
14295.370000
14213.410000
14208.660000
14223.920000
14251.750000
14200.520000
14163.100000
14142.090000
13870.550000
13867.520000
13863.390000
13885.300000
13887.440000
13953.040000
13951.880000
13927.950000
13917.150000
14015.190000
14031.900000
14072.140000
14065.680000
14040.240000
14006.760000
13972.280000
13849.930000
13749.680000
13566.200000
13712.700000
13762.570000
13775.170000
13737.030000
13759.240000
13751.740000
13660.860000
13721.300000
13891.300000
14004.830000
14010.420000
13937.870000
13982.590000
13958.640000
13909.580000
13822.160000
13896.130000
14085.950000
14122.920000
14094.680000
14038.550000
14043.560000
14088.360000
14083.400000
14049.250000
14062.270000
13778.130000
13809.930000
13929.320000
13978.900000
13917.540000
13905.000000
13913.660000
13910.480000
13880.880000
13941.130000
14014.630000
13988.560000
13936.300000
13935.460000
13959.200000
13920.460000
13932.070000
13968.930000
13977.800000
13994.650000
13970.620000
13998.500000
14015.050000
14016.210000
14017.760000
13995.490000
13981.690000
14214.510000
14152.910000
14143.840000
14150.080000
14173.640000
14152.490000
14052.780000
13939.580000
13857.580000
13712.470000
13746.350000
13690.590000
13729.120000
13683.400000
13707.150000
13592.150000
13592.750000
13670.960000
13578.810000
13491.290000
13512.140000
13418.880000
13410.870000
13422.510000
13477.160000
13453.960000
13380.670000
13514.490000
13540.280000
13548.720000
13542.100000
13528.120000
13560.370000
13639.830000
13574.350000
13527.980000
13551.300000
13563.320000
13652.280000
13636.840000
13699.430000
13508.560000
13530.350000
13719.030000
13764.390000
13479.360000
13516.610000
13481.060000
13497.220000
13503.500000
13480.500000
13515.370000
13587.590000
13738.150000
13795.640000
13845.480000
13880.510000
13897.860000
13921.820000
13939.650000
13902.260000
13940.990000
13970.850000
13896.030000
13939.620000
13946.970000
13933.560000
13923.430000
13920.680000
13870.470000
13864.950000
13903.900000
14056.980000
14118.400000
14133.570000
14160.280000
14157.610000
14153.300000
14141.660000
14103.170000
14133.320000
14153.530000
14157.730000
14171.550000
14179.420000
14144.420000
14098.230000
14051.270000
14042.030000
13999.540000
13699.960000
13720.880000
13683.590000
13698.710000
13703.890000
13739.830000
13731.690000
13767.480000
13835.160000
13966.020000
14049.540000
14108.230000
14121.770000
14124.230000
14092.520000
14086.500000
13958.370000
13944.160000
14130.760000
14063.210000
14026.140000
14042.000000
14072.650000
14078.810000
14059.550000
14053.510000
14106.790000
13986.510000
14009.470000
13998.380000
14044.160000
14043.590000
14044.060000
14013.060000
13917.560000
13917.080000
13959.710000
13921.950000
13899.550000
13916.850000
13871.480000
13897.630000
13932.380000
13981.480000
14007.930000
14025.440000
14047.470000
14050.820000
14048.520000
14061.740000
14087.340000
14098.890000
14183.540000
14211.900000
14246.830000
14264.850000
14296.460000
14323.550000
14313.840000
14315.490000
14372.360000
14407.580000
14407.690000
14536.140000
14551.630000
14540.830000
14546.400000
14556.340000
14519.470000
14509.580000
14530.320000
14551.810000
14461.240000
14481.370000
14442.070000
14455.510000
14447.560000
14394.200000
14361.610000
14359.390000
14374.300000
14430.070000
14384.430000
14415.080000
14405.270000
14415.820000
14434.910000
14451.580000
14368.420000
14329.510000
14393.040000
14413.320000
14422.920000
14416.960000
14441.290000
14447.850000
14408.670000
14400.700000
14434.510000
14517.270000
14509.810000
14523.720000
14517.590000
14482.840000
14477.980000
14458.630000
14457.260000
14443.110000
14548.260000
14578.840000
14584.780000
14592.650000
14592.880000
14613.800000
14646.410000
14673.830000
14639.320000
14527.100000
14531.320000
14513.650000
14488.720000
14463.200000
14471.980000
14458.340000
14470.860000
14548.480000
14508.020000
14489.370000
14493.570000
14471.170000
14466.910000
14433.860000
14397.650000
14378.500000
14413.240000
14287.740000
14303.460000
14335.000000
14338.470000
14307.950000
14192.950000
14190.120000
14199.770000
14186.930000
13985.010000
13956.690000
13959.370000
13972.770000
13985.830000
13901.760000
13833.970000
13749.770000
13753.160000
13534.170000
13439.720000
13434.720000
13446.560000
13441.740000
13446.780000
13440.460000
13381.330000
13379.870000
13448.990000
13415.080000
13355.560000
13294.000000
13298.100000
13322.810000
13365.000000
13312.740000
13298.830000
13358.400000
13395.760000
13420.850000
13428.190000
13427.870000
13423.780000
13474.770000
13516.700000
13481.300000
13201.930000
13157.510000
13084.260000
13075.310000
13063.570000
13085.580000
13051.780000
13007.910000
13020.730000
13020.420000
13110.400000
13137.390000
13160.620000
13178.160000
13133.100000
13086.580000
13052.220000
13062.380000
13106.380000
13161.970000
13137.400000
13164.280000
13159.880000
13183.570000
13184.690000
13207.790000
13228.190000
13327.540000
13396.800000
13384.700000
13374.380000
13314.990000
13294.600000
13273.200000
13289.450000
13273.920000
12982.450000
12965.690000
12988.500000
12999.570000
13024.480000
13006.790000
13019.690000
13073.070000
13141.530000
12938.290000
12937.810000
12969.780000
13010.210000
13084.460000
12978.430000
12914.770000
12914.390000
12912.590000
12904.860000
12947.730000
12972.580000
12997.750000
13024.530000
12995.680000
13005.170000
13064.450000
13105.700000
13208.210000
13269.430000
13239.630000
13215.620000
13200.230000
13176.640000
13126.860000
13135.010000
13165.530000
13221.040000
13256.380000
13258.300000
13255.310000
13297.100000
13265.730000
13271.670000
13254.240000
13228.340000
13029.870000
13027.620000
12983.460000
12967.260000
12946.760000
13020.320000
12980.800000
12991.110000
13000.010000
12666.310000
12691.450000
12662.450000
12638.110000
12619.490000
12647.410000
12618.680000
12620.980000
12716.970000
12623.230000
12730.090000
12805.160000
12767.990000
12738.400000
12740.480000
12767.590000
12756.110000
12770.700000
12794.770000
12808.150000
12813.720000
12842.970000
12850.400000
12837.430000
12801.710000
12741.630000
12773.380000
12812.880000
12643.820000
12602.970000
12631.800000
12573.280000
12430.260000
12435.990000
12454.700000
12390.950000
12547.470000
12534.450000
12509.220000
12564.550000
12552.200000
12530.200000
12563.480000
12600.700000
12593.230000
12693.650000
12764.840000
12780.020000
12754.100000
12762.320000
12800.550000
12799.020000
12799.880000
12831.900000
12782.470000
12766.800000
12768.810000
12857.830000
12929.750000
12855.510000
12891.330000
12889.120000
12977.720000
12774.230000
12826.700000
12887.540000
12903.020000
12879.830000
12867.120000
12815.430000
12817.590000
12825.080000
12655.060000
12697.770000
12709.870000
12708.300000
12694.550000
12710.930000
12745.840000
12774.240000
12867.020000
12745.780000
12735.910000
12799.080000
12767.750000
12767.590000
12633.070000
12664.740000
12625.220000
12730.890000
12712.020000
12629.740000
12645.120000
12611.390000
12603.130000
12524.380000
12483.240000
12434.290000
12469.900000
12532.940000
12649.210000
12675.310000
12673.620000
12694.350000
12656.920000
12718.980000
12745.070000
12829.450000
12913.690000
12998.630000
13013.600000
13018.770000
13011.640000
12950.330000
12955.570000
12927.700000
12923.250000
12827.890000
12834.910000
12894.430000
12927.590000
12949.560000
12968.420000
13019.930000
13075.850000
13288.610000
13276.120000
13284.210000
13324.640000
13229.270000
13217.380000
13129.130000
13193.500000
13194.780000
13253.960000
13207.000000
13133.420000
13158.830000
13214.610000
13176.650000
13126.210000
13097.750000
13163.840000
13198.850000
13171.140000
13211.930000
13256.080000
13264.690000
13276.880000
13289.200000
13281.770000
13256.460000
13253.530000
13151.860000
13181.330000
13240.430000
13295.390000
13273.640000
13286.510000
13246.850000
13159.290000
13162.400000
13144.970000
13131.440000
13156.020000
13064.730000
13085.430000
13106.540000
13042.410000
13080.090000
13096.550000
13106.630000
13089.960000
13100.610000
13108.950000
13113.430000
13150.260000
13121.290000
13153.630000
13155.930000
13167.190000
13094.380000
13091.260000
13121.790000
13162.290000
13124.430000
13160.510000
13182.030000
13246.340000
13340.590000
13364.260000
13375.550000
13398.290000
13421.360000
13421.600000
13411.810000
13467.350000
13459.820000
13468.310000
13515.260000
13515.590000
13527.860000
13532.880000
13489.330000
13464.900000
13494.430000
13467.120000
13352.080000
13381.390000
13372.110000
13335.390000
13348.750000
13390.990000
13419.960000
13412.570000
13439.170000
13388.340000
13400.090000
13443.330000
13457.680000
13462.140000
13477.070000
13484.740000
13495.520000
13544.540000
13628.570000
13668.710000
13680.110000
13717.270000
13722.310000
13715.000000
13677.050000
13632.800000
13637.330000
13642.910000
13634.450000
13623.930000
13630.680000
13645.220000
13569.820000
13573.920000
13599.560000
13562.620000
13639.150000
13611.970000
13604.550000
13633.160000
13662.930000
13678.430000
13685.580000
13704.910000
13671.770000
13621.880000
13619.810000
13590.360000
13553.140000
13514.710000
13518.450000
13530.780000
13532.220000
13519.950000
13455.700000
13537.670000
13553.520000
13547.190000
13548.040000
13564.300000
13640.770000
13629.480000
13681.760000
13686.540000
13661.170000
13667.540000
13679.000000
13683.040000
13716.810000
13680.500000
13698.230000
13664.920000
13705.020000
13747.290000
13746.290000
13732.990000
13718.330000
13755.060000
13749.330000
13749.240000
13773.260000
13771.140000
13772.880000
13791.760000
13786.910000
13749.440000
13736.000000
13741.200000
13772.210000
13789.990000
13838.310000
13866.290000
13877.100000
13878.740000
13884.310000
13830.070000
13824.970000
13828.320000
13886.510000
13890.840000
13846.420000
13817.650000
13767.870000
13741.740000
13689.870000
13664.620000
13632.380000
13610.440000
13638.160000
13640.210000
13676.830000
13717.630000
13702.250000
13687.410000
13651.200000
13654.790000
13667.760000
13590.810000
13547.500000
13564.720000
13558.430000
13565.670000
13602.540000
13567.290000
13554.350000
13525.690000
13326.680000
13264.910000
13262.310000
13304.240000
13274.010000
13246.410000
13197.520000
13189.270000
13194.740000
13156.440000
13254.030000
13241.240000
13216.720000
13200.320000
13193.360000
13195.120000
13198.660000
13176.960000
13085.200000
13107.380000
13133.560000
13145.490000
13171.340000
13167.470000
13165.780000
13179.460000
13202.610000
13305.700000
13301.720000
13210.990000
13216.230000
13251.900000
13222.860000
13218.150000
13271.450000
13245.050000
13313.700000
13254.750000
13222.390000
13207.450000
13209.490000
13242.810000
13167.900000
12994.390000
12939.960000
12758.440000
12773.850000
12760.190000
12771.660000
12779.420000
12824.520000
12846.390000
12866.720000
12866.920000
12919.430000
13024.820000
13057.780000
13118.360000
13107.800000
13067.870000
13011.440000
12885.080000
12926.110000
12907.450000
12887.640000
12814.810000
12822.770000
12908.600000
12920.230000
12920.600000
12882.440000
12834.960000
12662.530000
12611.100000
12628.600000
12638.790000
12653.840000
12670.360000
12645.380000
12603.580000
12614.740000
12736.010000
12753.980000
12783.020000
12770.410000
12750.450000
12781.620000
12883.080000
12918.790000
13019.740000
12617.400000
12619.140000
12688.090000
12714.930000
12689.640000
12694.650000
12753.530000
12752.930000
12756.470000
12804.210000
12760.040000
12776.160000
12873.880000
12839.670000
12852.620000
12802.480000
12772.950000
12859.840000
12736.090000
12774.900000
12797.550000
12781.930000
12792.030000
12762.620000
12777.590000
12848.210000
12882.760000
12902.980000
12895.790000
12877.860000
12867.990000
12791.780000
12713.390000
12688.870000
12753.760000
12898.430000
12925.570000
13010.650000
13043.950000
13035.960000
13069.170000
13076.290000
13037.880000
13072.170000
13064.270000
13165.780000
13245.440000
13280.400000
13271.270000
13275.060000
13278.010000
13319.010000
13385.010000
13350.660000
13397.430000
13418.420000
13403.790000
13430.470000
13491.600000
13298.860000
13228.480000
13200.450000
13183.190000
13095.770000
13140.760000
13122.310000
13108.560000
13021.980000
13013.270000
12981.230000
12952.090000
13023.830000
13036.750000
13052.250000
13055.800000
12996.680000
13011.670000
12970.760000
12927.200000
12953.240000
12932.390000
12705.410000
12699.220000
12710.380000
12739.440000
12733.640000
12718.670000
12713.010000
12715.110000
12718.260000
12634.040000
12649.970000
12612.600000
12606.640000
12652.020000
12656.350000
12670.510000
12731.340000
12803.240000
12811.930000
12745.770000
12692.130000
12677.450000
12699.620000
12679.590000
12650.730000
12638.220000
12657.220000
12520.810000
12589.850000
12618.620000
12641.940000
12652.370000
12653.930000
12662.920000
12678.720000
12731.480000
12526.610000
12683.000000
12674.810000
12678.350000
12613.470000
12650.580000
12563.610000
12546.410000
12530.290000
12449.870000
12418.130000
12344.680000
12224.300000
12180.760000
12214.920000
12255.720000
12259.270000
12275.450000
12227.100000
12263.330000
12211.340000
12184.000000
12246.560000
12258.480000
12268.980000
12286.830000
12226.740000
12289.540000
12258.810000
12215.800000
12247.330000
12286.380000
12285.670000
12233.600000
12171.250000
12139.680000
11914.620000
11926.630000
11862.840000
11881.580000
11955.940000
11969.580000
12051.500000
12084.440000
12146.380000
11945.260000
11954.780000
11979.440000
12001.630000
12010.800000
11967.040000
11924.970000
11866.980000
11946.590000
12045.740000
12086.650000
12055.380000
12011.290000
11973.910000
11976.940000
12000.770000
12021.390000
12057.300000
11893.940000
11918.470000
11944.310000
12012.320000
12036.170000
12084.300000
12104.070000
12138.280000
12196.910000
12358.980000
12450.650000
12502.470000
12552.790000
12550.790000
12550.000000
12532.900000
12590.220000
12616.500000
12585.080000
12530.510000
12542.670000
12544.700000
12552.770000
12512.170000
12503.160000
12455.360000
12473.290000
12582.390000
12538.700000
12487.510000
12454.120000
12466.770000
12469.790000
12473.920000
12421.890000
12448.930000
12408.360000
12407.530000
12460.900000
12445.070000
12451.000000
12329.010000
12287.700000
12272.590000
12273.000000
12174.630000
12214.410000
12248.760000
12310.510000
12329.060000
12346.640000
12308.550000
12290.880000
12251.040000
12138.660000
12134.010000
12099.300000
12106.000000
12164.030000
12194.410000
12133.220000
12097.680000
12167.220000
12104.620000
12134.760000
12215.600000
12227.390000
12220.570000
12164.550000
12136.600000
12163.010000
12172.260000
12100.400000
12184.530000
12232.870000
12250.290000
12272.170000
12019.700000
12000.430000
12132.500000
12214.820000
12436.910000
12426.920000
12395.990000
12433.190000
12453.070000
12451.390000
12569.190000
12432.450000
12430.880000
12398.050000
12456.250000
12467.310000
12510.810000
12537.560000
12569.630000
12613.080000
12634.160000
12617.790000
12746.360000
12806.750000
12747.320000
12760.000000
12791.130000
12845.680000
12869.200000
12821.550000
12765.610000
12728.780000
12708.130000
12732.560000
12756.450000
12724.870000
12722.250000
12705.260000
12715.100000
12741.410000
12629.350000
12628.780000
12632.110000
12637.030000
12680.650000
12683.810000
12689.180000
12744.760000
12744.290000
12596.310000
12553.490000
12548.150000
12557.810000
12581.040000
12550.590000
12590.770000
12675.780000
12665.450000
12768.590000
12747.380000
12763.250000
12843.390000
12888.610000
12915.980000
12943.090000
12849.340000
12904.860000
12932.430000
12871.530000
12822.230000
12809.020000
12815.190000
12789.260000
12823.920000
12973.330000
13008.700000
13023.400000
13097.410000
13084.870000
13090.320000
13071.550000
13039.800000
13050.080000
13089.480000
13155.330000
13137.010000
13140.900000
13115.880000
13081.000000
13062.040000
13064.110000
13138.590000
13151.530000
13207.450000
13051.250000
13060.250000
13063.370000
13121.910000
13115.680000
13107.880000
13143.870000
13180.920000
13225.440000
13216.480000
13231.350000
13246.690000
13267.750000
13253.670000
13242.340000
13254.600000
13259.590000
13247.800000
13341.750000
13359.910000
13388.980000
13413.970000
13412.040000
13414.220000
13295.480000
13287.070000
13309.980000
13349.030000
13308.890000
13298.060000
13311.680000
13301.920000
13291.280000
13273.510000
13270.600000
13255.070000
13116.180000
13148.340000
13095.610000
13080.970000
13022.800000
13022.640000
13034.770000
13091.640000
13096.440000
13193.510000
13243.130000
13295.560000
13331.890000
13254.410000
13390.610000
13437.620000
13408.480000
13387.640000
13391.000000
13532.510000
13547.890000
13563.910000
13558.650000
13540.020000
13500.830000
13506.870000
13511.900000
13487.910000
13529.200000
13556.860000
13561.640000
13562.260000
13577.210000
13600.000000
13615.840000
13648.980000
13608.330000
13568.410000
13557.080000
13602.510000
13602.520000
13585.520000
13606.930000
13610.310000
13645.010000
13599.350000
13627.130000
13633.230000
13643.080000
13658.510000
13671.990000
13985.070000
14077.210000
14086.110000
14172.470000
14198.330000
14185.390000
14193.850000
14189.190000
14177.590000
14179.020000
14197.290000
14219.790000
14258.260000
14243.590000
14243.350000
14257.260000
14270.180000
14294.060000
14310.070000
14334.020000
14299.820000
14294.640000
14267.960000
14266.420000
14268.780000
14290.760000
14320.430000
14328.690000
14343.090000
14352.610000
14312.510000
14263.630000
14265.900000
14228.900000
14219.630000
14216.780000
14195.310000
14199.490000
14209.240000
14308.090000
14250.190000
14224.250000
14206.830000
14188.070000
14150.090000
14149.700000
14190.720000
14225.820000
14300.210000
14370.940000
14362.100000
14401.790000
14404.230000
14405.550000
14389.490000
14368.200000
14370.430000
14352.120000
14341.980000
14327.240000
14321.840000
14327.090000
14352.360000
14355.410000
14358.510000
14376.010000
14343.800000
14398.610000
14408.180000
14368.060000
14375.590000
14384.410000
14401.780000
14420.620000
14422.350000
14377.400000
14388.560000
14387.940000
14384.390000
14388.000000
14363.510000
14391.850000
14418.530000
14417.670000
14447.550000
14524.910000
14528.060000
14545.090000
14540.560000
14514.160000
14493.920000
14515.650000
14534.490000
14514.620000
14504.260000
14498.050000
14540.080000
14528.690000
14512.200000
14515.820000
14515.390000
14522.250000
14458.520000
14391.050000
14380.740000
14404.000000
14393.400000
14392.330000
14374.150000
14396.560000
14383.360000
14370.750000
14327.040000
14343.660000
14384.100000
14401.160000
14352.690000
14354.300000
14354.010000
14338.210000
14398.950000
14383.360000
14399.740000
14387.980000
14405.350000
14363.320000
14374.020000
14365.450000
14371.530000
14445.530000
14423.790000
14438.930000
14463.070000
14493.470000
14503.270000
14490.210000
14432.270000
14455.910000
14444.320000
14499.540000
14502.960000
14510.150000
14525.200000
14372.420000
14449.050000
14508.780000
14499.080000
14465.600000
14443.530000
14445.300000
14446.280000
14432.000000
14424.670000
14421.730000
14394.370000
14447.610000
14375.780000
14424.240000
14362.180000
14389.100000
14408.470000
14387.910000
14335.890000
14305.260000
14337.460000
14284.800000
14280.230000
14256.720000
14276.250000
14243.740000
14267.050000
14262.740000
14218.180000
14261.190000
14251.010000
14239.730000
14206.640000
14196.770000
14200.320000
14232.430000
14205.810000
14255.600000
14259.970000
14269.960000
14266.660000
14288.780000
14330.340000
14306.210000
14217.960000
14292.450000
14329.050000
14352.470000
14262.600000
14283.380000
14343.920000
14337.530000
14308.230000
14287.740000
14288.820000
14276.830000
14304.230000
14302.490000
14316.290000
14338.300000
14412.020000
14413.310000
14403.800000
14581.110000
14462.580000
14450.730000
14421.960000
14392.160000
14385.140000
14375.950000
14387.240000
14388.810000
14409.440000
14419.850000
14449.430000
14302.240000
14277.420000
14264.100000
14288.580000
14277.860000
14147.040000
14000.640000
13982.590000
13986.220000
13877.260000
13872.430000
13820.530000
13815.240000
13869.690000
13878.500000
13879.300000
13827.240000
13868.400000
13934.750000
13932.170000
13946.880000
13929.320000
13953.640000
13936.750000
13935.850000
13932.130000
13927.050000
13791.520000
13882.860000
13882.660000
13885.660000
13890.610000
13878.210000
13848.070000
13875.120000
13869.850000
13912.170000
13973.660000
13971.850000
13970.060000
13983.410000
14002.780000
14008.330000
14018.240000
14082.760000
14103.330000
14095.740000
14061.740000
14058.650000
14035.900000
13996.910000
13919.320000
13890.540000
13891.850000
13905.210000
13917.480000
13958.200000
13937.080000
13932.680000
13911.680000
13874.500000
13874.910000
13938.340000
14008.750000
13984.100000
14023.670000
14039.780000
14031.210000
14004.550000
13974.240000
13966.350000
13988.870000
13957.290000
13950.330000
13973.440000
13989.270000
13998.500000
13973.880000
13961.990000
13927.190000
13914.620000
13871.320000
13925.790000
13941.730000
13942.040000
13946.130000
13962.000000
13998.560000
14026.620000
14054.020000
13952.810000
13950.370000
13965.080000
13955.720000
13926.690000
13922.550000
13923.590000
13923.590000
13923.590000
13976.440000
13979.170000
14005.620000
14023.450000
14038.000000
14036.670000
14036.760000
14030.120000
14038.590000
14083.760000
14206.070000
14239.270000
14161.610000
14143.970000
14158.950000
14192.620000
14154.500000
14181.670000
14264.600000
14322.180000
14344.640000
14355.890000
14392.710000
14396.860000
14443.920000
14400.130000
14464.440000
14429.180000
14430.820000
14459.120000
14478.370000
14473.190000
14418.160000
14403.730000
14423.320000
14425.840000
14399.160000
14388.980000
14396.290000
14421.730000
14422.240000
14418.800000
14440.710000
14472.640000
14575.390000
14628.610000
14635.070000
14634.670000
14659.440000
14676.950000
14695.780000
14718.610000
14781.190000
14791.500000
14715.700000
14692.740000
14706.510000
14709.880000
14717.370000
14721.410000
14743.040000
14752.770000
14770.010000
14794.990000
14832.210000
14891.460000
14909.990000
14902.560000
14924.640000
14911.170000
14913.710000
14915.490000
14967.550000
15002.160000
15017.920000
15024.570000
15052.770000
14934.510000
14973.050000
15008.980000
15054.230000
15048.830000
15069.110000
15103.630000
15080.300000
15041.160000
15042.500000
15043.410000
15094.810000
15082.520000
15083.940000
15093.390000
15091.930000
15118.180000
15115.790000
15117.010000
15126.120000
15123.820000
15134.040000
15090.720000
15083.950000
15090.260000
15104.940000
15114.640000
15114.830000
15125.300000
15152.150000
15152.890000
15164.950000
15165.770000
15156.890000
15186.760000
15204.230000
15197.620000
15219.340000
15199.960000
15181.200000
15047.840000
15036.500000
14975.340000
14941.280000
14913.330000
14906.270000
14950.490000
14936.260000
14920.360000
14940.680000
14953.910000
14969.580000
14952.070000
14962.750000
14969.010000
14965.240000
14981.750000
15004.520000
15039.200000
15041.960000
15023.650000
15025.140000
15030.010000
15045.440000
15022.830000
15043.930000
15081.420000
15104.700000
15066.820000
15030.010000
15027.170000
15056.830000
15022.550000
15029.470000
15029.610000
15083.480000
15070.590000
15000.560000
14969.650000
15027.270000
15025.680000
15010.900000
15019.910000
15013.040000
15043.730000
15103.660000
15088.950000
15093.520000
15068.720000
15070.860000
15083.860000
15071.570000
15082.950000
15110.840000
15111.940000
15141.170000
15125.360000
15153.070000
15105.980000
15077.620000
15083.130000
15113.970000
15119.980000
15024.390000
15013.650000
15040.490000
14988.980000
15038.710000
15071.790000
15088.770000
15098.590000
15125.750000
15029.780000
15019.470000
15005.860000
14993.590000
15041.090000
15063.400000
15069.580000
15075.830000
15120.550000
15110.180000
15107.830000
15112.090000
15111.500000
15141.870000
15174.610000
15172.420000
15138.510000
15144.320000
15264.310000
15369.200000
15401.780000
15377.910000
15348.760000
15351.320000
15425.180000
15403.220000
15479.300000
15353.350000
15369.070000
15403.990000
15394.690000
15411.530000
15347.860000
15349.470000
15374.350000
15445.830000
15356.760000
15298.110000
15277.170000
15275.570000
15307.900000
15302.330000
15316.580000
15297.780000
15331.030000
15280.100000
15321.560000
15326.550000
15307.450000
15315.900000
15280.840000
15273.600000
15283.410000
15289.790000
15371.930000
15411.600000
15438.080000
15419.920000
15420.570000
15425.630000
15425.720000
15403.890000
15390.900000
15554.500000
15568.760000
15612.450000
15602.540000
15600.410000
15579.310000
15544.490000
15523.180000
15519.630000
15410.820000
15359.120000
15313.150000
15274.040000
15246.390000
15253.430000
15312.840000
15271.430000
15286.660000
15305.940000
15326.560000
15333.280000
15336.980000
15350.310000
15370.040000
15367.920000
15376.340000
15397.340000
15394.270000
15417.440000
15428.210000
15448.240000
15451.940000
15396.670000
15375.950000
15366.370000
15380.560000
15388.850000
15431.350000
15414.410000
15422.690000
15448.050000
15437.010000
15446.240000
15462.640000
15479.770000
15562.990000
15559.640000
15580.000000
15565.510000
15563.290000
15472.940000
15417.170000
15441.820000
15508.930000
15300.420000
15339.890000
15386.990000
15351.550000
15362.320000
15404.990000
15436.380000
15451.550000
15470.220000
15479.390000
15436.790000
15451.380000
15476.110000
15462.980000
15477.500000
15486.700000
15466.570000
15472.370000
15309.700000
15286.710000
15366.220000
15376.790000
15402.410000
15404.640000
15412.570000
15392.260000
15390.390000
15247.500000
15250.420000
15260.030000
15259.410000
15294.840000
15366.200000
15356.470000
15322.340000
15386.170000
15433.970000
15439.670000
15442.610000
15445.050000
15473.820000
15464.970000
15479.680000
15481.880000
15475.690000
15476.200000
15461.330000
15432.230000
15379.150000
15372.700000
15283.240000
15236.310000
15216.120000
15162.480000
15351.630000
15387.930000
15429.280000
15427.480000
15432.840000
15432.660000
15428.710000
15385.390000
15381.430000
15289.430000
15312.060000
15359.330000
15380.370000
15397.860000
15414.830000
15362.110000
15364.260000
15365.140000
15395.720000
15403.820000
15413.650000
15452.920000
15451.740000
15364.410000
15375.150000
15348.820000
15254.110000
15150.670000
15211.150000
15167.030000
15229.700000
15229.640000
15221.740000
15240.820000
15279.890000
15313.170000
15409.990000
15444.560000
15460.440000
15475.410000
15468.150000
15466.220000
15522.740000
15522.350000
15553.440000
15590.470000
15606.910000
15604.940000
15587.780000
15589.710000
15625.330000
15642.380000
15647.250000
15647.420000
15632.820000
15675.940000
15679.720000
15667.720000
15660.410000
15652.730000
15614.280000
15544.070000
15555.700000
15524.850000
15535.110000
15553.920000
15594.200000
15574.490000
15588.260000
15594.780000
15578.220000
15631.870000
15585.520000
15545.740000
15535.130000
15564.780000
15539.520000
15559.930000
15589.520000
15621.740000
15626.520000
15316.380000
15332.550000
15367.170000
15368.590000
15419.720000
15377.380000
15322.290000
15331.840000
15375.780000
15121.700000
14913.980000
14984.130000
15023.860000
14912.430000
14887.440000
14915.510000
14975.660000
14959.470000
14951.710000
14973.190000
15004.600000
15034.730000
15039.210000
15176.660000
15206.140000
15199.540000
15214.810000
15151.080000
14974.380000
14702.910000
14774.810000
14756.020000
14758.620000
14753.050000
14800.090000
14710.420000
14854.580000
14763.610000
14795.260000
14771.940000
14753.090000
14664.170000
14730.830000
14880.580000
14947.570000
15065.220000
15050.310000
15002.900000
14918.090000
14783.030000
14768.950000
14702.000000
14694.260000
14757.950000
14458.390000
14666.570000
14747.890000
14832.720000
14822.550000
14838.530000
14887.900000
14938.300000
14898.980000
15055.930000
15121.330000
15169.850000
15167.400000
15178.370000
15198.120000
15179.680000
15169.160000
15181.990000
15166.950000
15207.300000
15235.510000
15265.200000
15266.810000
15249.790000
15272.020000
15226.220000
15213.540000
15165.190000
15121.400000
15078.720000
15108.930000
15127.620000
15157.330000
15185.420000
15210.290000
15202.410000
14972.630000
14911.780000
14852.330000
14809.820000
14811.920000
14888.130000
14881.670000
14887.670000
14915.440000
15020.070000
15033.640000
15085.530000
15124.780000
15133.740000
15135.420000
15148.350000
15111.270000
15108.100000
15185.660000
15163.190000
15132.380000
15121.220000
15129.790000
15106.330000
15103.760000
15113.140000
15126.900000
15187.040000
15186.750000
15235.890000
15246.270000
15264.000000
15268.330000
15285.060000
15279.620000
15281.710000
15424.690000
15469.520000
15480.870000
15477.060000
15507.310000
15474.640000
15466.220000
15473.650000
15519.260000
15499.840000
15508.260000
15538.750000
15576.400000
15578.680000
15582.190000
15594.350000
15618.290000
15628.840000
15605.120000
15621.550000
15617.170000
15631.200000
15604.730000
15601.390000
15595.130000
15563.800000
15553.900000
15602.230000
15619.120000
15664.870000
15706.190000
15715.670000
15697.850000
15673.930000
15627.170000
15601.400000
15561.850000
15531.000000
15531.660000
15531.620000
15545.550000
15504.310000
15510.540000
15492.880000
15482.880000
15509.090000
15547.710000
15536.590000
15541.210000
15566.850000
15557.160000
15542.320000
15562.370000
15582.110000
15664.790000
15665.470000
15688.630000
15668.800000
15645.740000
15625.790000
15630.190000
15639.540000
15645.200000
15668.200000
15686.050000
15679.940000
15683.160000
15669.040000
15679.090000
15691.490000
15679.020000
15671.400000
15707.950000
15689.130000
15680.190000
15677.070000
15693.670000
15691.360000
15675.150000
15679.370000
15708.040000
15767.170000
15764.000000
15764.780000
15760.320000
15769.850000
15791.960000
15794.120000
15793.180000
15787.200000
15826.630000
15825.690000
15807.960000
15806.270000
15787.240000
15764.380000
15772.730000
15784.770000
15781.750000
15803.530000
15802.750000
15824.870000
15858.830000
15880.900000
15888.070000
15884.140000
15860.100000
15861.350000
15833.330000
15835.810000
15829.550000
15835.920000
15843.400000
15846.550000
15852.700000
15868.890000
15891.100000
15758.100000
15750.490000
15769.400000
15753.880000
15752.980000
15734.250000
15751.210000
15761.820000
15789.750000
15706.830000
15745.120000
15746.370000
15724.650000
15732.880000
15747.690000
15792.730000
15819.260000
15857.680000
15831.100000
15845.260000
15851.220000
15864.590000
15884.080000
15884.460000
15889.560000
15863.940000
15859.480000
15803.410000
15794.810000
15827.400000
15832.230000
15838.400000
15845.900000
15839.950000
15829.060000
15856.470000
15702.200000
15694.360000
15758.510000
15763.830000
15732.470000
15760.120000
15770.330000
15734.470000
15772.630000
15706.690000
15773.740000
15812.330000
15791.810000
15800.100000
15816.750000
15800.190000
15773.710000
15764.440000
15824.530000
15692.090000
15688.170000
15729.240000
15721.030000
15765.530000
15821.290000
15858.580000
15854.540000
15873.110000
15842.790000
15852.570000
15861.800000
15871.060000
15847.550000
15835.510000
15727.130000
15707.550000
15745.980000
15785.840000
15802.850000
15819.250000
15828.110000
15798.240000
15805.520000
15798.970000
15804.940000
15679.930000
15742.240000
15704.560000
15682.390000
15674.340000
15662.320000
15679.070000
15667.890000
15707.950000
15794.740000
15755.970000
15825.370000
15836.500000
15836.790000
15836.110000
15868.830000
15888.590000
15938.180000
15947.490000
15954.940000
15955.590000
15966.770000
15983.330000
15966.960000
15937.460000
15933.690000
15946.960000
15923.640000
15907.610000
15900.650000
15898.260000
15882.590000
15879.560000
15884.700000
15899.370000
15929.720000
15883.990000
15877.670000
15906.510000
15900.070000
15910.260000
15907.240000
15853.640000
15848.690000
15859.610000
15917.750000
15900.040000
15910.310000
15905.080000
15858.520000
15831.220000
15776.770000
15754.760000
15810.800000
15852.100000
15874.720000
15911.870000
15905.260000
15896.200000
15891.690000
15887.340000
15890.440000
15901.450000
15934.000000
15924.350000
15928.940000
15935.430000
15937.460000
15890.410000
15876.730000
15874.240000
15897.220000
15867.980000
15919.680000
15911.550000
15922.320000
15930.090000
15931.120000
15876.200000
15862.370000
15892.510000
15862.150000
15916.900000
15925.230000
15935.310000
15951.030000
15953.450000
15942.640000
15933.810000
15934.190000
16069.420000
16152.650000
16164.760000
16201.480000
16207.300000
16167.690000
16105.730000
16095.060000
16146.010000
16203.600000
16227.490000
16247.270000
16249.910000
16256.070000
16277.250000
16270.850000
16310.420000
16275.380000
16231.940000
16235.320000
16246.410000
16220.950000
16213.900000
16203.270000
16200.850000
16196.360000
16216.570000
16179.140000
16192.010000
16187.330000
16179.390000
16166.600000
16164.590000
16153.740000
16143.980000
16144.850000
15911.880000
15916.960000
15898.740000
15867.980000
15872.260000
15867.030000
15815.670000
15802.860000
15815.070000
15726.500000
15744.180000
15802.630000
15824.820000
15808.280000
15813.640000
15807.000000
15792.900000
15793.730000
15758.520000
15766.950000
15726.740000
15732.690000
15810.120000
15832.120000
15862.630000
15925.460000
15981.680000
16017.210000
16007.920000
15981.910000
15963.590000
15956.390000
15925.220000
15930.750000
15930.710000
15947.340000
15927.110000
15978.990000
16002.720000
16032.190000
16023.010000
16013.170000
15988.410000
15939.450000
15889.460000
15735.490000
15834.160000
15829.900000
15816.300000
15842.780000
15805.540000
15758.170000
15644.330000
15629.120000
15740.720000
15783.230000
15827.860000
15829.020000
15808.390000
15745.530000
15734.860000
15735.230000
15830.950000
15922.610000
15961.000000
15987.510000
16010.840000
16023.350000
15974.810000
16001.060000
15993.470000
16036.230000
16066.120000
16051.530000
16050.170000
16045.650000
16063.160000
16069.210000
15997.220000
15928.440000
15952.110000
15933.430000
15934.730000
15925.560000
15925.700000
15930.630000
15947.470000
15951.040000
15975.660000
15985.970000
15933.580000
15925.560000
15909.850000
15935.320000
15968.850000
15978.840000
15977.040000
15937.110000
15948.450000
15913.950000
15955.970000
15974.140000
15994.060000
15982.260000
15980.540000
15941.170000
15953.150000
15984.870000
15926.000000
15957.410000
15944.270000
15924.510000
15936.850000
15933.150000
15961.760000
15947.720000
15942.510000
16021.550000
16081.860000
16080.060000
16025.860000
16042.810000
16046.670000
16056.200000
16073.590000
16077.610000
16151.410000
16141.720000
16119.130000
16112.950000
16108.790000
16088.470000
16176.820000
16178.240000
16202.280000
16217.450000
16266.760000
16303.530000
16297.850000
16305.760000
16289.440000
16282.200000
16292.450000
16308.470000
16266.180000
16258.640000
16235.510000
16204.250000
16190.140000
16165.660000
16191.650000
16242.630000
16265.680000
16276.790000
16313.340000
16315.730000
16307.370000
16335.080000
16352.540000
16360.190000
16359.360000
16356.930000
16255.200000
16237.370000
16262.670000
16240.590000
16230.760000
16221.370000
16208.920000
16192.620000
16189.570000
16098.380000
16069.100000
16071.680000
16093.180000
16110.050000
16139.240000
16149.760000
16110.930000
16108.210000
16073.350000
16116.110000
16112.910000
16100.390000
16080.430000
16055.430000
16027.270000
16013.520000
16002.270000
15810.480000
15865.240000
15916.560000
15895.910000
15884.320000
15939.500000
15922.870000
15951.520000
15972.360000
15811.270000
15862.920000
15866.520000
15861.770000
15858.220000
15740.120000
15733.120000
15814.880000
15815.640000
15713.820000
15713.700000
15739.130000
15776.150000
15787.100000
15784.040000
15795.330000
15802.550000
15808.920000
15815.090000
15790.350000
15790.070000
15793.000000
15772.550000
15758.130000
15779.650000
15796.380000
15835.300000
15906.880000
15937.250000
15946.530000
15968.000000
15962.620000
15952.220000
15951.550000
15953.360000
15933.650000
15929.290000
15929.750000
15924.960000
15950.260000
15976.380000
15957.450000
15931.770000
15920.330000
15920.040000
15978.900000
16025.020000
16072.920000
16112.170000
16109.230000
16122.380000
16137.950000
16147.160000
16144.760000
16169.990000
16177.910000
16155.960000
16153.820000
16117.900000
16110.190000
16092.930000
16083.600000
16070.490000
16076.770000
16068.120000
16048.240000
16023.720000
16045.750000
16039.560000
16028.040000
16030.400000
16030.200000
15927.210000
15929.590000
15932.170000
15944.620000
15943.400000
15914.820000
15915.920000
15901.390000
15912.030000
15789.580000
15769.120000
15764.290000
15745.240000
15738.730000
15667.620000
15604.980000
15517.110000
15495.840000
15456.160000
15468.270000
15526.570000
15556.770000
15591.960000
15590.580000
15570.930000
15586.310000
15591.390000
15545.330000
15606.630000
15626.980000
15640.890000
15667.470000
15682.060000
15651.140000
15657.130000
15643.670000
15699.710000
15661.390000
15659.100000
15711.950000
15730.010000
15758.520000
15776.460000
15761.170000
15781.380000
15806.280000
15870.840000
15906.760000
15915.240000
15916.230000
15908.200000
15948.350000
15979.910000
16020.490000
16000.380000
16036.250000
16089.950000
16086.500000
16106.500000
16106.820000
16128.610000
16150.600000
16139.990000
16097.970000
16105.960000
16071.740000
16077.450000
16103.280000
16114.760000
16123.300000
16088.110000
16095.940000
16012.590000
16044.480000
16003.270000
16008.230000
15995.450000
15997.990000
16012.810000
16057.030000
16063.290000
16031.070000
16053.820000
16065.130000
16053.990000
16036.000000
16039.700000
16045.400000
16083.940000
16125.490000
16131.370000
16125.140000
16142.910000
16126.930000
16108.330000
16075.170000
16086.190000
16118.120000
16108.930000
16050.980000
16126.740000
16127.220000
16141.210000
16144.510000
16138.460000
16136.610000
16159.320000
16190.140000
16103.480000
16107.850000
16119.190000
16132.070000
16108.100000
16108.040000
16125.710000
16134.410000
16169.770000
16121.270000
16153.320000
16182.040000
16182.320000
16162.710000
16153.120000
16141.470000
16148.940000
16176.500000
16135.600000
16155.340000
16189.410000
16188.780000
16195.690000
16187.360000
16144.930000
16193.700000
16193.980000
16161.590000
16122.600000
16073.600000
16073.040000
16063.360000
16011.640000
16000.040000
16078.780000
16088.650000
16131.640000
16206.890000
16258.740000
16263.150000
16269.840000
16303.050000
16340.950000
16371.020000
16377.290000
16340.620000
16336.420000
16362.510000
16377.660000
16380.710000
16407.140000
16424.780000
16430.220000
16462.310000
16427.470000
16462.790000
16483.920000
16472.330000
16479.610000
16497.350000
16470.060000
16460.800000
16446.220000
16357.190000
16312.520000
16275.580000
16289.650000
16280.510000
16283.860000
16287.130000
16283.470000
16240.400000
16008.520000
15955.310000
15966.740000
16022.280000
16104.010000
16057.280000
16047.140000
15996.090000
16001.020000
15813.050000
15807.850000
15852.010000
15891.820000
15873.920000
15855.340000
15837.670000
15836.360000
15839.520000
15873.730000
15911.460000
15885.800000
15849.850000
15786.490000
15784.520000
15831.520000
15854.890000
15942.230000
15862.240000
15855.380000
15847.750000
15824.780000
15847.190000
15881.870000
15901.390000
15882.340000
15939.380000
15867.410000
15861.600000
15786.340000
15726.660000
15706.310000
15727.270000
15731.690000
15732.010000
15739.760000
15876.040000
15923.710000
15947.450000
15942.320000
15919.980000
15864.640000
15861.690000
15870.040000
15831.080000
15921.420000
15928.840000
15903.650000
15894.600000
15889.050000
15880.410000
15950.110000
15974.820000
15982.590000
15919.880000
15872.310000
15900.300000
15917.120000
15886.650000
15803.080000
15805.500000
15823.600000
15826.720000
15817.590000
15880.880000
15906.180000
15908.890000
15878.330000
15852.060000
15819.970000
15840.410000
15873.370000
15795.580000
15776.570000
15754.850000
15703.030000
15704.720000
15731.790000
15764.960000
15729.170000
15735.450000
15725.100000
15785.230000
15765.190000
15762.720000
15770.230000
15765.350000
15751.710000
15777.990000
15781.050000
15674.010000
15715.100000
15750.420000
15769.750000
15775.320000
15755.260000
15669.800000
15672.320000
15664.300000
15515.720000
15535.700000
15534.850000
15566.210000
15510.400000
15473.520000
15468.650000
15476.890000
15564.890000
15571.820000
15655.730000
15673.690000
15674.430000
15675.820000
15650.600000
15613.540000
15584.360000
15591.310000
15677.440000
15733.220000
15740.050000
15756.680000
15759.640000
15762.790000
15696.910000
15696.290000
15690.340000
15735.290000
15744.030000
15756.090000
15715.590000
15686.790000
15672.430000
15677.850000
15697.990000
15720.460000
15835.280000
15801.510000
15742.630000
15755.810000
15752.010000
15708.190000
15690.570000
15624.830000
15618.690000
15578.970000
15625.000000
15644.480000
15661.730000
15687.320000
15694.400000
15666.590000
15605.710000
15597.430000
15711.190000
15704.050000
15688.290000
15673.890000
15679.940000
15727.450000
15744.550000
15765.960000
15787.640000
15805.420000
15806.390000
15823.190000
15857.390000
15834.490000
15808.780000
15824.750000
15875.830000
15911.060000
15907.120000
15866.510000
15823.330000
15847.800000
15863.700000
15877.440000
15894.250000
15858.360000
15888.130000
15914.430000
15975.650000
15967.020000
15978.370000
15970.510000
16004.880000
15989.890000
15992.050000
15947.080000
15909.000000
15933.500000
15935.090000
15922.880000
15918.610000
15910.910000
15840.250000
15842.430000
15840.340000
15902.850000
15926.140000
15912.920000
15908.530000
15883.110000
15856.420000
15860.460000
15795.970000
15796.010000
15694.580000
15691.490000
15752.060000
15774.070000
15781.670000
15793.920000
15784.950000
15763.390000
15766.180000
15678.170000
15686.870000
15704.830000
15710.250000
15680.600000
15676.510000
15723.240000
15734.480000
15732.060000
15661.380000
15708.240000
15746.650000
15746.300000
15698.060000
15672.140000
15679.420000
15675.940000
15701.790000
