15714.860000
15652.400000
15704.700000
15748.700000
15755.300000
15743.140000
15723.870000
15711.930000
15644.660000
15564.430000
15585.550000
15581.160000
15588.430000
15619.550000
15642.110000
15647.110000
15693.220000
15674.740000
15666.640000
15702.600000
15702.020000
15696.080000
15701.820000
15689.010000
15692.510000
15648.180000
15617.270000
15731.380000
15731.570000
15731.940000
15787.660000
15785.990000
15787.440000
15774.260000
15730.020000
15726.230000
15732.650000
15734.510000
15739.140000
15721.960000
15721.800000
15760.990000
15763.580000
15737.960000
15724.520000
15740.010000
15735.550000
15729.340000
15726.780000
15706.060000
15718.840000
15722.840000
15695.120000
15642.800000
15728.020000
15727.830000
15716.600000
15700.200000
15714.710000
15737.970000
15745.190000
15695.120000
15684.200000
15791.900000
15749.080000
15735.200000
15645.950000
15635.190000
15660.390000
15662.980000
15580.840000
15508.890000
15262.760000
15196.660000
15173.060000
15166.060000
15143.940000
15074.260000
15156.220000
15148.970000
15156.380000
15322.150000
15369.570000
15357.180000
15366.000000
15365.340000
15380.240000
15394.330000
15373.700000
15348.530000
15463.240000
15451.670000
15458.370000
15461.620000
15445.520000
15469.600000
15490.120000
15493.540000
15508.420000
15675.270000
15676.660000
15685.010000
15695.650000
15644.050000
15633.770000
15677.150000
15672.160000
15658.180000
15573.460000
15567.180000
15566.890000
15548.760000
15541.850000
15534.040000
15559.890000
15561.160000
15540.020000
15704.050000
15676.250000
15682.800000
15650.410000
15618.130000
15594.470000
15600.100000
15611.470000
15602.390000
15542.410000
15472.190000
15469.940000
15405.300000
15415.870000
15431.660000
15413.380000
15346.410000
15289.160000
15416.440000
15399.680000
15413.930000
15422.750000
15406.530000
15400.820000
15379.570000
15382.800000
15386.980000
15448.520000
15439.020000
15403.260000
15352.420000
15344.180000
15341.260000
15334.230000
15302.310000
15315.670000
15176.730000
15146.990000
15169.920000
15178.090000
15262.750000
15260.740000
15247.110000
15189.120000
15179.640000
15140.790000
15148.610000
15167.180000
15170.010000
15160.260000
15161.700000
15174.170000
15175.250000
15064.980000
15104.420000
15085.840000
15121.740000
15114.750000
15117.250000
15113.790000
15108.680000
15177.460000
15202.200000
15049.490000
14928.990000
14892.370000
14868.530000
14921.960000
14972.200000
15010.250000
15017.780000
15016.630000
15183.810000
15168.110000
15155.000000
15171.860000
15193.450000
15190.150000
15207.720000
15248.130000
15253.290000
15265.930000
15232.880000
15218.680000
15242.060000
15245.640000
15266.020000
15267.920000
15241.920000
15223.850000
15195.050000
15185.020000
15202.740000
15193.960000
15170.390000
15151.640000
15184.890000
15195.960000
15199.140000
15106.280000
15123.350000
15169.640000
15169.270000
15165.890000
15174.290000
15164.890000
15159.560000
15154.560000
15195.780000
15278.910000
15262.300000
15265.760000
15266.950000
15274.430000
15302.430000
15269.200000
15264.960000
15350.840000
15368.040000
15386.010000
15384.330000
15392.440000
15437.480000
15445.890000
15459.950000
15464.380000
15505.330000
15501.820000
15518.100000
15525.980000
15522.890000
15565.290000
15590.330000
15598.580000
15592.450000
15542.170000
15536.630000
15526.690000
15510.010000
15515.780000
15491.010000
15460.300000
15472.670000
15497.970000
15510.990000
15503.820000
15485.850000
15508.480000
15503.940000
15507.810000
15521.890000
15527.970000
15527.030000
15567.070000
15547.670000
15546.500000
15541.070000
15539.600000
15532.150000
15501.560000
15531.660000
15533.190000
15512.240000
15512.160000
15520.440000
15528.110000
15520.740000
15532.940000
15513.460000
15507.270000
15505.870000
15593.150000
15570.980000
15576.250000
15593.470000
15614.760000
15609.670000
15603.880000
15606.520000
15586.690000
15580.580000
15577.470000
15588.190000
15606.010000
15593.430000
15603.940000
15607.460000
15600.550000
15618.880000
15738.140000
15781.000000
15759.990000
15756.290000
15752.940000
15764.520000
15779.060000
15779.520000
15775.560000
15744.790000
15733.380000
15708.820000
15724.310000
15718.390000
15706.450000
15723.530000
15723.820000
15716.200000
15706.390000
15692.520000
15703.230000
15700.370000
15695.100000
15682.520000
15688.530000
15680.520000
15698.150000
15686.590000
15619.860000
15593.030000
15575.680000
15594.480000
15614.970000
15645.700000
15661.230000
15689.660000
15836.060000
15849.400000
15837.030000
15824.510000
15807.690000
15792.200000
15795.680000
15820.370000
15822.630000
15879.000000
15884.560000
15888.270000
15909.970000
15917.680000
15960.210000
15958.160000
15951.680000
15955.950000
15966.570000
15952.230000
15960.910000
15972.710000
15969.370000
15955.900000
15952.850000
15952.510000
15960.580000
16050.600000
16027.670000
16048.840000
16049.170000
16061.490000
16050.980000
16064.790000
16045.850000
16043.010000
16035.580000
16056.440000
16056.310000
16073.580000
16081.430000
16075.980000
16068.730000
16038.580000
16028.650000
16063.430000
16058.590000
16073.560000
16085.830000
16089.280000
16095.840000
16092.430000
16093.990000
16104.130000
16068.110000
16063.380000
16061.640000
16047.590000
16046.620000
16031.750000
16034.180000
16036.840000
16064.140000
16076.560000
16067.980000
16085.430000
16114.550000
16107.090000
16092.790000
16093.000000
16099.840000
16098.870000
16084.560000
16088.140000
16117.100000
16101.790000
16122.760000
16115.580000
16115.130000
16109.510000
16113.350000
16098.710000
16103.300000
16113.790000
16119.930000
16124.760000
16123.640000
16138.750000
16149.870000
16134.950000
16128.610000
16148.640000
16189.580000
16195.980000
16199.360000
16238.120000
16233.300000
16230.440000
16258.760000
16266.260000
16263.240000
16283.520000
16278.300000
16275.180000
16272.500000
16269.920000
16272.550000
16272.740000
16281.060000
16271.650000
16290.190000
16288.270000
16256.810000
16266.430000
16270.240000
16254.990000
16249.920000
16236.310000
16225.230000
16282.870000
16267.830000
16236.230000
16238.290000
16196.130000
16154.160000
16199.200000
16197.950000
16179.320000
16202.770000
16185.120000
16179.540000
16182.970000
16165.090000
16139.260000
16149.170000
16175.050000
16165.640000
15993.660000
15948.300000
15987.410000
16003.730000
16028.530000
16026.120000
16054.380000
16038.420000
15971.500000
15974.300000
15951.260000
15892.820000
15867.640000
15867.820000
15836.260000
15806.230000
15877.500000
15901.360000
15962.540000
15949.000000
15931.090000
15911.320000
15907.720000
15900.070000
15913.910000
15923.380000
15918.560000
15495.710000
15493.170000
15540.290000
15529.250000
15510.950000
15458.810000
15467.570000
15404.550000
15358.120000
15441.910000
15384.590000
15381.140000
15395.880000
15374.540000
15387.820000
15405.180000
15384.110000
15309.630000
15155.660000
15092.400000
15100.890000
15084.780000
15140.240000
15223.810000
15252.410000
15280.040000
15228.450000
15271.140000
15347.420000
15345.830000
15351.600000
15392.160000
15411.440000
15405.420000
15439.590000
15509.460000
15330.650000
15373.520000
15346.230000
15318.300000
15281.490000
15250.470000
15294.660000
15293.170000
15310.530000
15422.900000
15329.530000
15295.240000
15307.970000
15321.510000
15337.930000
15354.620000
15226.280000
15169.980000
15324.780000
15320.550000
15211.340000
15247.390000
15251.890000
15291.990000
15328.150000
15404.160000
15415.460000
15664.840000
15691.660000
15713.930000
15717.440000
15706.370000
15711.100000
15760.070000
15811.480000
15827.940000
15834.040000
15812.530000
15775.660000
15821.910000
15798.660000
15750.790000
15740.620000
15722.980000
15713.130000
15721.480000
15701.310000
15685.610000
15668.490000
15673.270000
15652.250000
15649.220000
15658.790000
15653.400000
15607.980000
15601.670000
15620.840000
15676.390000
15672.130000
15686.400000
15689.500000
15658.460000
15636.600000
15757.520000
15794.310000
15789.060000
15793.650000
15784.970000
15774.790000
15743.980000
15689.270000
15637.310000
15697.980000
15691.790000
15621.130000
15631.270000
15635.970000
15619.800000
15563.520000
15549.370000
15483.670000
15531.040000
15528.500000
15513.530000
15508.930000
15514.600000
15521.100000
15517.000000
15494.440000
15500.920000
15775.590000
15743.820000
15742.640000
15780.930000
15766.280000
15731.860000
15690.330000
15686.910000
15673.710000
15609.510000
15570.780000
15552.800000
15535.100000
15532.820000
15502.610000
15504.670000
15552.200000
15565.650000
15201.000000
15146.920000
15244.440000
15284.330000
15296.080000
15254.010000
15259.180000
15282.900000
15250.020000
15395.630000
15384.160000
15372.320000
15422.260000
15422.440000
15433.180000
15446.510000
15452.420000
15449.930000
15484.130000
15478.460000
15485.410000
15488.470000
15484.550000
15461.330000
15509.840000
15542.610000
15593.470000
15668.750000
15681.280000
15679.980000
15698.840000
15699.780000
15695.860000
15744.410000
15757.010000
15768.450000
15786.630000
15796.740000
15799.740000
15786.550000
15805.750000
15827.210000
15825.270000
15845.320000
15854.620000
15946.080000
15955.570000
15963.930000
15947.670000
15962.800000
15974.790000
15966.720000
15969.400000
15973.760000
15955.030000
15952.450000
15937.740000
15914.890000
15906.220000
15885.660000
15886.260000
15852.780000
15873.210000
15865.840000
15887.750000
15869.320000
15870.680000
15890.740000
15890.180000
15884.860000
15884.860000
15884.860000
16049.070000
16034.840000
16033.970000
16049.400000
16067.030000
16069.380000
16059.090000
16064.630000
16044.930000
16073.130000
16086.170000
16137.420000
16155.600000
16166.610000
16187.200000
16202.580000
16194.010000
16152.610000
16196.880000
16244.020000
16278.470000
16267.100000
16285.350000
16273.960000
16277.310000
16267.080000
16274.010000
16136.980000
16114.420000
16156.560000
16140.340000
16096.260000
16116.220000
16109.590000
16067.930000
16077.690000
16025.690000
16018.080000
16044.280000
16036.510000
16004.620000
16000.980000
15995.550000
15967.280000
15947.740000
16015.340000
15953.400000
15944.900000
15924.870000
15920.150000
15891.840000
15878.520000
15806.100000
15821.690000
15944.960000
15979.990000
15973.880000
15956.320000
15960.130000
15952.270000
15927.630000
15954.270000
15948.110000
16061.500000
16044.570000
16039.370000
16020.240000
15996.530000
16048.830000
16042.940000
16051.710000
16023.250000
16004.320000
15998.150000
16021.810000
16025.570000
16028.370000
16069.490000
16090.290000
16041.940000
16031.590000
15970.250000
15970.700000
15940.340000
15945.030000
15927.540000
15872.630000
15951.660000
15949.670000
15907.760000
15962.700000
15949.910000
15959.690000
15952.080000
15960.160000
15955.000000
15951.580000
15959.670000
15949.620000
15843.580000
15773.060000
15790.380000
15776.040000
15784.830000
15802.100000
15798.210000
15839.320000
15816.140000
15758.840000
15812.110000
15815.130000
15841.410000
15846.280000
15887.010000
15898.050000
15892.350000
15810.890000
15856.470000
15803.690000
15808.730000
15851.220000
15839.200000
15848.320000
15873.760000
15902.410000
15912.330000
15728.290000
15711.610000
15712.630000
15697.550000
15635.790000
15585.600000
15572.220000
15567.260000
15609.270000
15587.390000
15451.070000
15427.830000
15377.710000
15321.120000
15275.110000
15166.700000
15103.730000
15081.440000
15155.410000
15175.650000
15205.750000
15150.730000
15126.050000
15120.610000
15152.890000
15158.810000
15162.100000
15419.710000
15456.770000
15468.350000
15496.520000
15497.540000
15523.020000
15517.870000
15524.960000
15474.290000
15321.340000
15410.690000
15426.370000
15399.950000
15435.480000
15524.610000
15582.450000
15572.580000
15542.230000
15416.590000
15344.490000
15301.490000
15252.690000
15236.110000
15261.650000
15286.330000
15287.360000
15335.200000
15560.000000
15566.380000
15497.040000
15418.640000
15405.670000
15419.540000
15465.980000
15501.160000
15483.680000
15687.960000
15670.330000
15625.020000
15652.060000
15664.240000
15672.130000
15666.120000
15641.320000
15627.730000
15715.860000
15736.520000
15730.450000
15685.160000
15691.070000
15686.150000
15661.390000
15662.560000
15644.230000
15602.500000
15589.000000
15541.490000
15564.270000
15568.470000
15571.160000
15477.040000
15477.950000
15427.490000
15423.940000
15296.110000
15246.650000
15192.400000
15188.950000
15176.590000
15143.860000
15164.860000
15116.420000
15229.130000
15177.360000
15128.010000
15131.940000
15167.940000
15184.200000
15229.460000
15250.480000
15256.080000
15323.910000
15338.000000
15284.400000
15229.710000
15192.370000
15231.730000
15216.720000
15225.150000
15246.320000
15453.740000
15481.390000
15486.920000
15481.310000
15497.800000
15506.350000
15513.940000
15509.630000
15507.370000
15614.470000
15542.200000
15519.780000
15556.120000
15565.440000
15575.230000
15521.520000
15579.860000
15534.830000
15456.520000
15373.000000
15431.750000
15436.900000
15469.400000
15477.700000
15511.340000
15485.840000
15462.740000
15085.570000
14967.230000
15019.390000
14970.020000
15150.540000
15141.820000
15135.460000
15112.670000
15113.970000
15310.740000
15344.920000
15343.080000
15390.100000
15394.770000
15392.750000
15389.990000
15415.060000
15418.410000
15542.840000
15500.860000
15441.220000
15436.360000
15425.210000
15414.250000
15379.930000
15382.830000
15389.410000
15440.080000
15382.060000
15408.870000
15400.230000
15394.130000
15405.150000
15335.760000
15258.470000
15267.630000
15317.390000
15302.610000
15277.900000
15265.330000
15257.820000
15257.150000
15152.020000
15135.450000
15053.920000
15192.470000
15114.490000
15047.500000
15013.350000
14962.190000
14847.580000
14816.710000
14857.110000
14798.360000
14628.060000
14649.660000
14753.960000
14753.570000
14762.630000
14721.830000
14782.160000
14774.350000
14711.160000
14845.300000
14901.090000
14849.740000
14835.630000
14832.320000
14857.050000
14842.010000
14734.820000
14638.430000
14177.000000
14221.710000
14102.840000
13973.940000
13964.630000
13983.910000
14017.980000
14148.280000
14087.400000
14249.300000
14157.080000
14271.110000
14312.680000
14436.430000
14525.450000
14502.100000
14522.310000
14567.620000
14310.020000
14270.830000
14239.540000
14265.420000
14355.610000
14314.080000
14327.550000
14441.900000
14510.770000
14448.610000
14331.680000
14176.270000
14165.540000
14096.400000
14192.660000
14214.470000
14184.380000
14024.830000
13892.590000
13944.300000
13995.060000
13988.730000
14025.090000
13963.800000
13990.130000
13999.050000
14114.790000
14057.150000
13948.190000
13912.890000
13918.710000
13930.550000
13996.040000
14056.550000
13906.950000
13749.920000
13562.600000
13375.370000
13314.450000
13274.940000
13279.740000
13316.010000
13286.860000
13246.390000
13165.070000
12660.900000
12698.840000
12700.820000
12789.790000
12965.220000
13034.220000
13150.350000
13036.740000
12925.360000
13106.780000
13048.240000
13011.120000
12967.890000
13084.200000
12968.940000
12974.840000
12899.230000
12915.120000
13371.240000
13480.060000
13530.150000
13486.530000
13512.940000
13528.840000
13675.450000
13782.020000
13847.930000
13829.970000
13749.050000
13602.700000
13545.940000
13481.890000
13504.890000
13627.990000
13631.120000
13475.850000
13553.740000
13625.490000
13665.760000
13943.970000
13941.500000
13906.890000
13905.100000
13738.240000
13717.100000
13966.830000
14082.060000
14074.300000
14025.650000
13953.540000
13953.260000
14025.300000
14037.260000
13948.820000
13816.670000
13707.670000
13784.120000
13821.380000
13873.330000
13896.210000
13930.450000
13974.840000
13923.990000
14301.450000
14287.550000
14367.750000
14392.930000
14390.590000
14313.610000
14553.100000
14486.810000
14455.900000
14509.230000
14441.040000
14408.700000
14396.880000
14359.140000
14336.420000
14365.120000
14319.140000
14396.320000
14403.390000
14332.000000
14319.040000
14236.370000
14271.740000
14295.070000
14352.120000
14379.060000
14413.090000
14451.540000
14436.520000
14426.990000
14457.300000
14422.180000
14429.880000
14380.860000
14392.780000
14367.820000
14475.610000
14486.260000
14483.780000
14457.110000
14436.240000
14475.000000
14508.010000
14491.680000
14474.000000
14539.310000
14521.010000
14443.920000
14426.360000
14362.140000
14290.730000
14347.140000
14311.340000
14316.060000
14375.820000
14340.570000
14256.590000
14283.120000
14281.880000
14265.940000
14259.230000
14356.140000
14307.930000
14341.520000
14343.340000
14366.280000
14421.320000
14425.980000
14407.080000
14428.030000
14404.620000
14321.490000
14527.010000
14529.090000
14546.890000
14557.060000
14627.580000
14617.600000
14549.550000
14512.230000
14492.760000
14664.290000
14616.130000
14731.510000
14729.120000
14835.810000
14894.310000
14925.250000
14839.340000
14820.330000
14744.720000
14668.450000
14651.800000
14648.140000
14639.840000
14621.550000
14633.900000
14610.840000
14606.050000
14732.000000
14652.400000
14611.660000
14600.770000
14578.850000
14575.450000
14589.910000
14491.700000
14486.300000
14502.930000
14458.570000
14497.160000
14496.310000
14483.480000
14495.480000
14506.020000
14494.160000
14479.960000
14515.790000
14401.170000
14476.950000
14481.590000
14471.010000
14461.680000
14500.350000
14530.610000
14535.070000
14603.440000
14591.980000
14563.880000
14491.990000
14482.740000
14479.090000
14460.830000
14459.720000
14424.610000
14437.910000
14280.630000
14265.190000
14258.920000
14208.740000
14165.460000
14132.150000
14122.440000
14151.790000
14234.650000
14214.090000
14237.280000
14240.800000
14315.350000
14242.830000
14216.660000
14208.030000
14148.010000
14306.730000
14321.820000
14277.510000
14279.680000
14289.680000
14271.110000
14226.990000
14282.290000
14286.010000
14298.020000
14247.600000
14235.190000
14246.500000
14260.060000
14192.400000
14227.830000
14257.720000
14202.000000
13968.390000
14068.450000
14059.650000
14090.010000
14077.510000
14180.090000
14168.180000
14165.480000
14138.380000
14080.530000
14100.030000
14088.400000
14024.860000
14041.290000
14009.670000
14040.260000
14053.130000
14077.180000
14127.010000
14146.160000
14107.120000
14111.080000
14172.370000
14187.920000
14198.780000
14176.550000
14179.860000
14109.550000
14117.250000
14042.400000
14050.670000
14067.880000
14079.500000
14132.800000
14199.090000
14173.210000
14236.780000
14219.050000
14323.130000
14339.600000
14331.040000
14342.310000
14353.090000
14359.600000
14362.030000
14510.460000
14532.480000
14543.390000
14589.130000
14598.110000
14590.650000
14587.510000
14559.920000
14532.260000
14372.470000
14361.310000
14322.420000
14246.230000
14261.760000
14294.550000
14298.900000
14259.090000
14207.090000
14037.630000
13994.020000
13942.200000
13919.710000
13975.040000
14032.660000
14031.290000
14022.150000
13974.960000
14087.160000
14100.650000
14108.960000
14112.840000
14081.090000
14107.380000
14056.260000
14024.250000
13850.230000
13783.290000
13820.190000
13827.160000
13844.020000
13831.850000
13826.170000
13849.430000
13809.110000
13794.080000
14033.180000
14069.030000
14074.710000
14046.350000
14029.470000
14019.990000
14006.820000
13933.620000
13979.910000
14157.400000
14173.280000
14163.680000
14134.980000
14097.270000
14142.490000
14186.760000
14187.020000
14103.680000
14036.110000
13981.000000
14013.430000
14020.700000
14011.380000
13966.890000
14003.810000
14030.730000
13961.570000
14059.400000
14081.150000
14028.450000
14024.470000
13991.040000
14002.350000
13971.840000
13984.060000
14039.470000
14073.210000
14043.090000
14014.430000
14031.470000
14042.210000
14045.030000
14071.540000
14048.730000
14006.040000
14315.240000
14239.470000
14183.630000
14193.970000
14210.370000
14202.310000
14153.480000
14070.050000
13966.310000
13851.450000
13827.060000
13780.980000
13785.270000
13740.030000
13814.910000
13727.450000
13733.780000
13744.060000
13697.900000
13585.280000
13593.700000
13556.300000
13482.900000
13512.220000
13535.540000
13535.430000
13466.290000
13578.150000
13625.810000
13619.970000
13584.490000
13567.650000
13681.390000
13719.950000
13714.200000
13601.510000
13623.190000
13668.030000
13685.050000
13718.720000
13735.030000
13736.980000
13779.090000
13817.630000
13829.100000
13636.370000
13617.710000
13533.140000
13560.140000
13615.670000
13532.400000
13623.590000
13757.180000
13808.090000
13885.660000
13942.040000
13930.340000
13937.450000
13955.330000
13965.260000
13949.520000
14025.210000
14034.150000
14002.470000
14038.950000
14043.100000
13961.140000
13960.000000
13961.330000
13937.130000
13957.910000
13964.380000
14150.790000
14184.550000
14194.490000
14201.410000
14197.870000
14189.690000
14203.090000
14174.770000
14186.190000
14221.040000
14186.430000
14217.990000
14226.470000
14192.600000
14166.540000
14108.480000
14092.030000
14078.330000
13860.340000
13776.250000
13750.580000
13755.150000
13813.040000
13806.180000
13831.050000
13882.270000
13882.300000
14074.330000
14130.220000
14161.320000
14156.290000
14159.270000
14158.050000
14139.040000
14100.170000
13984.180000
14217.480000
14183.930000
14089.970000
14113.730000
14112.980000
14117.090000
14132.000000
14135.940000
14175.400000
14065.950000
14071.990000
14069.030000
14068.940000
14105.060000
14075.360000
14061.830000
14022.110000
13955.590000
14032.450000
13984.070000
13958.820000
13978.770000
13936.580000
13939.810000
14002.410000
14053.590000
14042.310000
14095.520000
14094.800000
14097.870000
14101.420000
14146.490000
14133.310000
14200.670000
14223.150000
14253.610000
14307.890000
14339.140000
14347.120000
14350.740000
14352.350000
14377.930000
14426.630000
14438.480000
14463.500000
14582.340000
14589.450000
14583.350000
14588.060000
14581.850000
14572.580000
14545.770000
14578.970000
14582.380000
14517.030000
14547.090000
14529.660000
14496.010000
14500.540000
14456.970000
14427.200000
14418.620000
14420.960000
14482.440000
14440.810000
14453.060000
14431.760000
14436.110000
14472.150000
14489.000000
14472.000000
14400.880000
14444.850000
14463.760000
14462.250000
14461.780000
14468.120000
14475.370000
14458.610000
14456.630000
14492.780000
14589.910000
14545.310000
14552.620000
14545.480000
14529.690000
14526.630000
14503.090000
14493.920000
14468.680000
14607.880000
14618.460000
14617.600000
14610.790000
14615.220000
14663.940000
14673.850000
14706.220000
14709.380000
14590.690000
14568.460000
14541.120000
14532.590000
14513.260000
14500.490000
14509.000000
14578.580000
14568.250000
14602.060000
14534.520000
14532.790000
14500.810000
14500.320000
14473.740000
14457.280000
14448.700000
14446.280000
14372.490000
14383.310000
14388.350000
14383.320000
14420.730000
14317.360000
14267.010000
14267.500000
14225.790000
14121.070000
14022.770000
14007.920000
14000.330000
14038.000000
14044.930000
13942.930000
13845.640000
13793.770000
13648.840000
13561.580000
13493.100000
13493.680000
13520.540000
13510.320000
13509.970000
13472.540000
13464.890000
13569.930000
13507.370000
13429.750000
13358.440000
13359.270000
13437.960000
13455.320000
13465.460000
13366.970000
13481.350000
13510.250000
13501.490000
13467.410000
13492.150000
13508.090000
13554.520000
13566.800000
13543.990000
13443.320000
13275.900000
13157.600000
13148.750000
13144.070000
13157.420000
13126.650000
13077.980000
13083.100000
13133.740000
13205.710000
13233.470000
13219.080000
13237.700000
13218.310000
13180.370000
13161.990000
13134.160000
13210.600000
13210.280000
13184.100000
13196.870000
13202.020000
13201.050000
13217.690000
13243.050000
13265.600000
13422.420000
13439.160000
13443.770000
13410.640000
13393.830000
13331.170000
13324.120000
13334.550000
13318.170000
13070.180000
13017.210000
13034.790000
13039.990000
13061.040000
13043.330000
13125.840000
13206.110000
13185.090000
13103.200000
13031.130000
13042.430000
13109.990000
13120.310000
13094.110000
13010.950000
12979.380000
12973.340000
12968.850000
13007.270000
13003.770000
13036.790000
13057.540000
13058.030000
13084.340000
13160.710000
13152.560000
13365.200000
13378.420000
13282.070000
13246.820000
13238.030000
13214.130000
13206.400000
13201.040000
13214.770000
13358.620000
13305.680000
13327.520000
13320.400000
13324.760000
13319.140000
13358.150000
13346.120000
13289.820000
13132.360000
13084.430000
13072.990000
13034.310000
13038.910000
13085.350000
13067.210000
13068.580000
13033.250000
12795.220000
12780.990000
12737.270000
12731.030000
12663.480000
12721.390000
12704.050000
12741.660000
12811.430000
12789.680000
12843.360000
12860.970000
12858.570000
12782.780000
12794.090000
12894.380000
12889.520000
12824.240000
12919.700000
12844.440000
12881.420000
12875.940000
12877.960000
12864.400000
12849.350000
12802.550000
12808.060000
12870.240000
12822.810000
12658.600000
12682.330000
12665.430000
12579.270000
12499.520000
12543.360000
12460.800000
12668.680000
12634.040000
12574.980000
12609.870000
12590.700000
12591.320000
12627.700000
12666.410000
12625.360000
12797.270000
12827.310000
12836.620000
12805.890000
12809.440000
12833.880000
12867.710000
12848.590000
12852.000000
12855.780000
12848.660000
12874.900000
13019.130000
12966.730000
12973.790000
12969.520000
13012.580000
13015.230000
12861.760000
12907.760000
12924.090000
12934.870000
12930.320000
12916.890000
12912.010000
12867.810000
12856.550000
12763.710000
12772.970000
12766.840000
12754.480000
12766.010000
12760.540000
12826.610000
12874.430000
12905.480000
12813.540000
12824.050000
12825.040000
12807.850000
12798.790000
12851.900000
12745.880000
12754.340000
12787.550000
12788.010000
12748.080000
12697.470000
12694.510000
12648.540000
12610.500000
12568.470000
12487.770000
12537.330000
12677.230000
12764.610000
12770.730000
12729.320000
12741.960000
12763.470000
12800.260000
12850.040000
12875.670000
13025.190000
13061.720000
13062.230000
13041.550000
13055.960000
13054.840000
12985.190000
12975.170000
12959.810000
12935.300000
12899.540000
12951.340000
12982.260000
12978.860000
13032.680000
13097.090000
13351.200000
13323.690000
13399.400000
13356.190000
13374.560000
13361.840000
13273.640000
13274.580000
13244.480000
13300.150000
13295.190000
13318.640000
13223.280000
13226.990000
13260.160000
13232.120000
13289.290000
13236.300000
13239.130000
13246.980000
13261.790000
13293.500000
13321.820000
13309.050000
13307.630000
13334.560000
13367.040000
13302.500000
13297.080000
13224.660000
13251.130000
13316.870000
13319.060000
13337.060000
13317.350000
13305.380000
13291.980000
13210.320000
13189.060000
13180.280000
13197.950000
13187.150000
13125.470000
13150.690000
13121.160000
13135.730000
13141.000000
13164.060000
13147.210000
13131.490000
13151.540000
13154.230000
13195.780000
13186.470000
13204.580000
13174.410000
13239.350000
13167.700000
13154.790000
13171.950000
13184.830000
13196.050000
13259.870000
13247.910000
13289.390000
13398.480000
13401.180000
13424.080000
13445.740000
13457.000000
13453.330000
13497.760000
13515.030000
13494.490000
13545.250000
13540.150000
13547.200000
13542.730000
13570.220000
13563.570000
13525.860000
13561.630000
13548.790000
13431.400000
13423.910000
13397.730000
13380.830000
13418.160000
13419.450000
13464.610000
13484.550000
13465.130000
13439.950000
13458.840000
13492.680000
13493.030000
13489.370000
13511.750000
13524.950000
13544.890000
13595.070000
13720.550000
13711.380000
13720.570000
13792.880000
13760.830000
13736.960000
13722.500000
13700.440000
13663.750000
13685.420000
13693.340000
13663.110000
13659.020000
13677.610000
13680.400000
13631.900000
13654.650000
13617.270000
13715.570000
13667.900000
13638.640000
13680.990000
13688.110000
13725.120000
13745.590000
13733.180000
13716.910000
13674.600000
13649.130000
13641.890000
13597.650000
13580.650000
13562.500000
13582.150000
13575.230000
13570.660000
13568.220000
13579.360000
13581.440000
13568.730000
13566.060000
13697.670000
13685.390000
13684.070000
13715.560000
13763.260000
13696.160000
13699.440000
13699.090000
13728.920000
13760.510000
13735.920000
13741.570000
13714.480000
13799.950000
13790.930000
13812.930000
13806.230000
13768.310000
13786.600000
13788.970000
13795.250000
13813.050000
13857.980000
13821.220000
13818.130000
13810.100000
13805.210000
13786.210000
13814.250000
13816.110000
13816.610000
13880.340000
13947.850000
13933.760000
13905.630000
13911.850000
13887.600000
13866.270000
13896.580000
13918.300000
13930.570000
13892.510000
13861.500000
13825.350000
13788.210000
13769.590000
13710.590000
13701.890000
13647.890000
13696.220000
13690.790000
13737.530000
13775.660000
13732.850000
13738.280000
13702.460000
13690.410000
13699.120000
13660.340000
13641.050000
13643.260000
13617.800000
13622.080000
13634.560000
13645.070000
13593.580000
13557.900000
13510.290000
13339.320000
13315.650000
13351.690000
13318.890000
13286.450000
13269.300000
13240.260000
13242.580000
13277.850000
13298.260000
13281.030000
13274.970000
13238.510000
13241.880000
13262.500000
13270.340000
13214.370000
13214.480000
13196.900000
13196.710000
13187.370000
13219.940000
13220.240000
13215.830000
13236.110000
13238.610000
13364.550000
13334.780000
13312.360000
13263.440000
13299.470000
13279.750000
13279.270000
13313.040000
13310.750000
13375.020000
13317.180000
13268.680000
13242.750000
13278.870000
13290.040000
13341.540000
13235.740000
13009.100000
12855.430000
12840.480000
12816.960000
12816.350000
12836.310000
12886.540000
12912.990000
12942.460000
12899.420000
13065.540000
13103.340000
13142.310000
13148.940000
13141.510000
13154.150000
13075.740000
13018.190000
12978.010000
13020.540000
12945.670000
12918.210000
12934.390000
12954.970000
12969.110000
12983.480000
12942.480000
12881.260000
12743.050000
12714.390000
12691.320000
12687.710000
12716.150000
12715.940000
12693.400000
12678.780000
12662.150000
12796.530000
12839.760000
12823.520000
12827.360000
12815.930000
12902.000000
12966.810000
13027.950000
13051.570000
12827.580000
12712.790000
12763.490000
12777.860000
12728.960000
12753.590000
12793.230000
12790.920000
12784.030000
12896.350000
12822.770000
12884.050000
12927.790000
12886.090000
12901.200000
12913.270000
12914.250000
12918.910000
12805.460000
12866.630000
12865.140000
12831.430000
12840.350000
12825.050000
12885.410000
12907.100000
12953.990000
13008.820000
12927.660000
12929.770000
12905.310000
12893.660000
12908.950000
12811.740000
12917.960000
12947.700000
13021.980000
13120.260000
13114.160000
13098.450000
13095.290000
13121.130000
13108.520000
13120.490000
13104.220000
13265.610000
13309.570000
13321.070000
13308.920000
13311.210000
13330.700000
13441.540000
13437.350000
13405.010000
13452.820000
13464.590000
13448.810000
13499.990000
13522.150000
13564.830000
13323.310000
13283.440000
13223.160000
13191.390000
13192.820000
13174.140000
13154.750000
13124.030000
13059.650000
13057.000000
13057.600000
13062.210000
13111.380000
13109.560000
13086.280000
13068.850000
13046.180000
13018.520000
13017.170000
13052.240000
12982.020000
12815.330000
12750.170000
12762.910000
12793.720000
12785.300000
12765.370000
12757.590000
12813.540000
12765.250000
12688.530000
12709.370000
12680.430000
12657.050000
12700.870000
12715.660000
12769.730000
12855.640000
12866.700000
12936.570000
12820.430000
12762.770000
12721.880000
12731.160000
12714.090000
12713.970000
12687.970000
12688.820000
12637.600000
12656.400000
12683.370000
12685.000000
12679.490000
12700.990000
12716.610000
12753.250000
12771.780000
12720.110000
12781.560000
12750.460000
12706.390000
12700.470000
12722.680000
12708.290000
12604.880000
12574.670000
12521.250000
12499.260000
12427.470000
12379.970000
12240.410000
12289.210000
12363.310000
12332.380000
12326.100000
12352.930000
12335.180000
12342.500000
12286.780000
12292.500000
12311.360000
12343.380000
12368.490000
12314.950000
12414.090000
12391.840000
12277.710000
12326.150000
12337.610000
12352.200000
12307.490000
12293.930000
12285.270000
12056.650000
12008.180000
11988.420000
12127.500000
12047.270000
12095.310000
12126.620000
12175.120000
12198.370000
12147.310000
12042.760000
12082.470000
12064.580000
12080.030000
12041.520000
12017.760000
11962.340000
12012.460000
12124.990000
12132.330000
12114.820000
12094.530000
12026.610000
12074.160000
12096.410000
12088.790000
12137.770000
12011.100000
11973.980000
12024.470000
12055.240000
12100.650000
12141.920000
12172.090000
12225.280000
12227.870000
12452.060000
12508.660000
12577.320000
12605.030000
12583.600000
12584.440000
12598.450000
12636.560000
12673.350000
12661.880000
12622.590000
12597.180000
12592.730000
12599.730000
12562.710000
12549.470000
12533.100000
12522.140000
12643.220000
12612.930000
12553.060000
12490.460000
12509.720000
12530.960000
12533.330000
12494.750000
12486.680000
12474.580000
12463.570000
12489.920000
12487.980000
12488.370000
12497.520000
12406.560000
12344.470000
12339.450000
12287.220000
12261.250000
12340.860000
12356.550000
12369.920000
12408.090000
12410.830000
12356.760000
12306.910000
12251.920000
12226.240000
12175.760000
12177.080000
12203.720000
12258.150000
12216.970000
12198.210000
12221.650000
12215.220000
12229.770000
12292.260000
12298.620000
12272.020000
12261.440000
12226.620000
12217.280000
12210.090000
12209.810000
12242.930000
12286.080000
12283.040000
12369.300000
12365.590000
12135.470000
12243.890000
12379.240000
12587.550000
12496.950000
12445.390000
12519.960000
12535.410000
12607.700000
12676.420000
12569.490000
12510.400000
12508.090000
12506.960000
12521.200000
12559.100000
12594.790000
12617.360000
12716.810000
12711.230000
12660.620000
12842.070000
12859.120000
12811.190000
12810.390000
12849.280000
12924.710000
12931.760000
12905.800000
12852.410000
12819.110000
12776.160000
12806.290000
12806.710000
12791.420000
12765.000000
12780.010000
12796.510000
12772.100000
12695.890000
12686.210000
12670.840000
12700.360000
12707.410000
12754.050000
12756.850000
12818.340000
12784.530000
12693.070000
12599.980000
12594.800000
12602.420000
12622.530000
12603.690000
12742.450000
12775.520000
12730.900000
12929.670000
12822.250000
12851.320000
12905.230000
12973.530000
13000.690000
13020.450000
12981.460000
12947.150000
12992.480000
12983.280000
12881.270000
12857.720000
12854.150000
12833.780000
12999.090000
13027.240000
13053.240000
13111.640000
13147.480000
13140.520000
13134.970000
13128.220000
13091.160000
13110.340000
13185.260000
13203.240000
13186.950000
13179.410000
13158.020000
13123.470000
13096.950000
13184.560000
13231.340000
13259.490000
13246.570000
13128.050000
13114.520000
13145.600000
13147.010000
13153.080000
13231.270000
13230.160000
13250.660000
13249.780000
13260.460000
13272.970000
13269.080000
13290.200000
13273.210000
13286.650000
13307.090000
13305.580000
13283.940000
13419.190000
13394.100000
13426.750000
13439.120000
13435.650000
13444.070000
13425.520000
13327.200000
13340.920000
13398.640000
13362.700000
13346.360000
13345.400000
13345.490000
13320.730000
13308.570000
13307.160000
13287.130000
13194.320000
13188.560000
13169.200000
13121.060000
13122.110000
13084.270000
13131.390000
13137.950000
13137.580000
13244.810000
13305.780000
13356.690000
13389.440000
13402.340000
13456.100000
13542.350000
13527.580000
13465.570000
13533.930000
13592.080000
13599.130000
13611.300000
13584.220000
13584.700000
13565.420000
13546.240000
13536.170000
13548.500000
13582.000000
13576.680000
13591.610000
13584.690000
13608.190000
13632.770000
13682.700000
13689.610000
13677.600000
13620.900000
13608.940000
13626.090000
13631.960000
13631.020000
13635.270000
13691.120000
13684.160000
13674.830000
13667.360000
13671.180000
13688.800000
13681.900000
14111.020000
14077.390000
14151.180000
14157.250000
14263.480000
14260.890000
14231.840000
14243.350000
14228.610000
14207.370000
14238.620000
14263.530000
14259.610000
14330.900000
14290.500000
14285.100000
14287.050000
14303.900000
14319.490000
14358.900000
14431.180000
14341.560000
14374.530000
14313.960000
14312.390000
14307.280000
14336.330000
14440.780000
14405.950000
14385.880000
14378.510000
14382.620000
14324.310000
14321.880000
14272.740000
14254.110000
14285.120000
14278.490000
14233.150000
14246.520000
14384.540000
14312.190000
14281.400000
14252.250000
14244.830000
14193.280000
14220.730000
14273.300000
14267.940000
14374.370000
14427.630000
14452.040000
14448.380000
14457.760000
14444.200000
14443.110000
14409.170000
14436.320000
14407.450000
14379.880000
14379.190000
14359.170000
14360.790000
14375.310000
14421.850000
14425.950000
14399.600000
14398.570000
14485.490000
14471.710000
14427.030000
14404.950000
14402.530000
14432.560000
14450.380000
14447.060000
14445.010000
14440.410000
14434.630000
14403.610000
14425.690000
14420.280000
14440.510000
14441.160000
14446.330000
14541.880000
14551.790000
14558.750000
14567.330000
14570.710000
14542.210000
14526.020000
14541.150000
14552.600000
14554.960000
14532.640000
14571.660000
14563.480000
14550.940000
14533.410000
14538.660000
14531.050000
14550.680000
14514.730000
14462.880000
14431.500000
14426.120000
14416.270000
14415.060000
14431.570000
14437.620000
14409.370000
14429.870000
14385.790000
14415.720000
14412.590000
14424.650000
14421.570000
14390.320000
14407.350000
14403.190000
14460.840000
14487.700000
14439.360000
14416.180000
14433.170000
14425.110000
14405.430000
14399.720000
14416.350000
14563.700000
14489.160000
14485.470000
14505.400000
14527.020000
14546.530000
14534.190000
14539.360000
14497.420000
14505.150000
14530.340000
14541.640000
14534.090000
14567.280000
14584.590000
14513.090000
14544.440000
14532.880000
14507.160000
14507.140000
14481.470000
14474.210000
14465.280000
14466.210000
14468.270000
14465.360000
14482.050000
14471.500000
14470.010000
14434.210000
14420.110000
14439.280000
14423.360000
14426.900000
14372.790000
14358.800000
14346.020000
14372.350000
14298.240000
14312.130000
14290.060000
14309.090000
14322.140000
14337.120000
14341.020000
14291.490000
14279.250000
14261.740000
14228.070000
14250.570000
14268.520000
14263.080000
14298.810000
14285.150000
14330.320000
14297.190000
14348.620000
14363.400000
14385.570000
14382.500000
14365.930000
14362.950000
14370.720000
14314.080000
14348.920000
14366.390000
14360.380000
14340.530000
14333.750000
14312.610000
14307.460000
14329.180000
14370.890000
14388.030000
14432.870000
14434.470000
14449.280000
14631.890000
14675.840000
14664.070000
14504.260000
14465.910000
14443.640000
14411.200000
14432.160000
14434.360000
14434.420000
14444.140000
14458.530000
14470.740000
14363.120000
14335.900000
14304.420000
14315.990000
14304.130000
14303.490000
14191.150000
14076.170000
14056.240000
14011.260000
13911.100000
13898.300000
13883.180000
13954.500000
13940.590000
13937.570000
13917.590000
13901.150000
13998.230000
13987.830000
14001.370000
13978.740000
13982.200000
13967.000000
13977.510000
13980.540000
13954.670000
13897.600000
13912.800000
13917.900000
13919.550000
13931.290000
13907.730000
13885.220000
13916.150000
13912.670000
13983.960000
14001.070000
14005.570000
14007.410000
14009.590000
14031.210000
14043.040000
14092.690000
14099.750000
14160.870000
14146.960000
14097.480000
14085.340000
14074.430000
14059.810000
14010.980000
13928.720000
13914.070000
13963.780000
13961.710000
13989.350000
13983.780000
13955.680000
14000.680000
13926.940000
13984.370000
13958.070000
14063.140000
14034.420000
14050.290000
14056.520000
14055.130000
14059.320000
14025.080000
14016.110000
14008.220000
14014.250000
13975.410000
13995.890000
14003.130000
14018.470000
14010.160000
13993.750000
13979.110000
13934.820000
13932.460000
13961.350000
13965.360000
13972.940000
13964.420000
14012.810000
14031.110000
14064.570000
14071.720000
14008.970000
13993.060000
13997.160000
13974.040000
13960.570000
13933.190000
13923.590000
13923.590000
13923.590000
14045.030000
14064.280000
14048.140000
14076.120000
14074.540000
14058.700000
14063.130000
14060.350000
14095.910000
14208.160000
14293.870000
14281.030000
14267.170000
14183.880000
14236.740000
14286.930000
14245.280000
14252.400000
14378.080000
14371.660000
14382.360000
14426.690000
14422.580000
14465.610000
14482.150000
14473.910000
14492.780000
14464.840000
14466.550000
14483.650000
14499.030000
14497.140000
14480.780000
14446.040000
14501.600000
14459.540000
14484.550000
14418.760000
14445.790000
14449.410000
14436.960000
14518.350000
14517.040000
14577.680000
14610.230000
14659.520000
14656.660000
14673.700000
14689.910000
14724.660000
14747.570000
14781.420000
14832.890000
14825.240000
14763.570000
14725.900000
14748.430000
14726.750000
14732.360000
14757.380000
14775.680000
14790.820000
14789.550000
14833.520000
14900.340000
14925.470000
14950.530000
14937.540000
14948.550000
14948.790000
14965.470000
14947.910000
15017.800000
15046.080000
15046.800000
15087.140000
15076.620000
15091.400000
15095.030000
15085.850000
15080.160000
15079.930000
15121.620000
15129.150000
15118.760000
15098.190000
15066.150000
15109.640000
15132.370000
15112.150000
15135.200000
15119.140000
15126.610000
15137.660000
15135.740000
15153.090000
15150.320000
15141.270000
15153.190000
15172.130000
15125.790000
15130.190000
15122.720000
15130.150000
15146.930000
15155.450000
15269.710000
15187.610000
15206.140000
15191.510000
15195.490000
15206.760000
15221.620000
15242.280000
15250.360000
15240.660000
15214.980000
15134.070000
15073.710000
15063.430000
15012.210000
14947.810000
14963.900000
14989.200000
14991.610000
14967.710000
14999.680000
14992.930000
15004.580000
14995.080000
15010.940000
14998.510000
14998.810000
15021.420000
15034.430000
15145.900000
15079.170000
15063.020000
15048.270000
15061.880000
15078.230000
15052.610000
15088.620000
15122.650000
15147.450000
15119.900000
15089.020000
15076.270000
15071.310000
15066.250000
15069.630000
15096.780000
15100.560000
15114.410000
15092.120000
15037.280000
15063.830000
15045.480000
15032.780000
15058.620000
15062.670000
15085.980000
15151.540000
15125.100000
15136.390000
15130.830000
15105.670000
15124.000000
15133.340000
15151.260000
15140.620000
15164.560000
15156.640000
15176.250000
15186.490000
15165.790000
15123.630000
15140.540000
15161.130000
15150.030000
15120.010000
15112.830000
15073.340000
15048.690000
15075.740000
15096.790000
15144.500000
15161.070000
15148.250000
15103.370000
15062.540000
15043.560000
15044.430000
15069.060000
15111.650000
15100.530000
15122.500000
15136.220000
15184.740000
15147.340000
15153.760000
15156.120000
15183.430000
15203.490000
15222.340000
15218.100000
15181.430000
15433.500000
15445.710000
15420.850000
15416.970000
15387.520000
15473.300000
15488.490000
15499.810000
15520.970000
15417.540000
15419.940000
15423.380000
15428.010000
15434.280000
15448.070000
15428.550000
15476.670000
15476.430000
15406.930000
15363.440000
15317.000000
15323.470000
15355.710000
15357.900000
15370.010000
15344.490000
15356.490000
15363.250000
15358.300000
15363.410000
15342.690000
15344.030000
15338.150000
15311.400000
15313.110000
15320.880000
15452.310000
15457.700000
15469.880000
15467.320000
15442.260000
15450.770000
15486.130000
15476.340000
15430.030000
15616.220000
15626.160000
15658.560000
15654.890000
15624.320000
15606.870000
15585.640000
15554.260000
15549.850000
15487.980000
15451.500000
15382.630000
15338.140000
15315.540000
15330.110000
15356.740000
15337.570000
15314.440000
15362.140000
15378.180000
15352.730000
15353.670000
15387.300000
15387.970000
15402.120000
15409.270000
15409.140000
15442.580000
15469.130000
15459.150000
15467.280000
15469.330000
15526.280000
15482.710000
15500.770000
15451.330000
15447.000000
15467.110000
15446.510000
15450.180000
15489.850000
15472.290000
15489.160000
15508.740000
15520.390000
15634.040000
15592.250000
15617.570000
15594.350000
15594.890000
15571.990000
15492.570000
15531.760000
15543.120000
15402.120000
15419.690000
15434.090000
15395.300000
15432.410000
15440.160000
15466.220000
15514.720000
15496.020000
15532.440000
15500.300000
15495.110000
15500.060000
15485.460000
15499.680000
15500.500000
15489.070000
15486.020000
15470.520000
15444.030000
15424.410000
15427.030000
15435.580000
15434.110000
15454.750000
15442.500000
15421.040000
15383.900000
15326.120000
15311.930000
15307.160000
15373.920000
15396.290000
15398.830000
15391.020000
15408.580000
15527.060000
15486.800000
15467.130000
15480.660000
15500.740000
15505.770000
15552.770000
15542.750000
15509.480000
15530.460000
15508.900000
15486.150000
15460.610000
15403.940000
15388.610000
15333.990000
15283.480000
15276.790000
15413.610000
15438.780000
15455.560000
15452.920000
15451.050000
15481.060000
15475.130000
15457.060000
15413.230000
15360.800000
15366.910000
15396.080000
15409.020000
15435.940000
15443.170000
15428.100000
15399.500000
15402.720000
15457.040000
15448.650000
15468.910000
15478.840000
15471.580000
15459.670000
15417.350000
15415.760000
15372.360000
15253.470000
15253.160000
15240.350000
15269.680000
15260.270000
15280.610000
15310.140000
15329.290000
15329.100000
15468.040000
15474.140000
15486.990000
15500.210000
15503.600000
15522.900000
15566.350000
15569.840000
15590.440000
15651.920000
15643.100000
15630.240000
15633.610000
15632.530000
15677.930000
15670.930000
15674.140000
15665.020000
15688.770000
15706.370000
15705.900000
15695.300000
15677.270000
15673.290000
15656.460000
15621.090000
15578.710000
15585.200000
15569.280000
15598.950000
15619.410000
15607.030000
15638.360000
15622.720000
15667.210000
15654.540000
15629.700000
15623.200000
15580.330000
15593.070000
15585.070000
15603.610000
15644.180000
15667.050000
15646.480000
15400.510000
15435.930000
15431.080000
15445.270000
15453.470000
15495.870000
15483.850000
15391.960000
15427.970000
15435.810000
15146.300000
15103.850000
15128.250000
15047.400000
15044.340000
15037.190000
15058.090000
15053.640000
15073.510000
15067.100000
15046.170000
15105.880000
15210.320000
15263.370000
15272.110000
15268.210000
15253.640000
15246.170000
15159.490000
15017.520000
14861.940000
14863.450000
14867.650000
14868.060000
14852.980000
14823.450000
14990.240000
14870.240000
14859.970000
14874.390000
14843.520000
14900.680000
14951.570000
15018.310000
14999.030000
15153.110000
15106.080000
15065.720000
15024.600000
14963.520000
14832.270000
14849.470000
14782.640000
14785.400000
14715.400000
14789.800000
14880.240000
14891.250000
14918.360000
14922.590000
14943.630000
14980.430000
14951.920000
15145.640000
15178.570000
15211.770000
15203.190000
15217.470000
15241.530000
15253.100000
15217.230000
15204.480000
15229.570000
15270.200000
15296.680000
15298.490000
15291.930000
15284.040000
15295.920000
15277.430000
15230.800000
15231.610000
15217.110000
15148.810000
15148.710000
15189.560000
15198.680000
15232.720000
15244.320000
15242.170000
15135.650000
15051.670000
14930.060000
14897.280000
14939.190000
14969.290000
14958.130000
14964.250000
14984.960000
15166.260000
15108.080000
15135.170000
15175.780000
15179.290000
15166.480000
15185.350000
15159.860000
15136.780000
15261.490000
15205.130000
15184.890000
15161.320000
15171.680000
15159.360000
15138.270000
15156.250000
15146.960000
15249.300000
15247.750000
15287.300000
15282.980000
15289.880000
15289.890000
15342.270000
15334.350000
15328.950000
15504.300000
15508.610000
15505.230000
15525.750000
15536.420000
15514.670000
15499.890000
15529.620000
15535.880000
15570.800000
15568.240000
15584.410000
15599.970000
15599.390000
15619.790000
15641.300000
15659.060000
15657.560000
15657.320000
15659.350000
15656.300000
15647.030000
15636.450000
15618.990000
15614.090000
15617.120000
15581.060000
15666.530000
15682.570000
15730.090000
15736.560000
15736.390000
15729.090000
15717.290000
15698.040000
15635.520000
15627.290000
15585.020000
15570.570000
15570.460000
15575.120000
15555.530000
15546.380000
15537.920000
15520.170000
15567.060000
15586.500000
15585.180000
15578.440000
15582.860000
15590.270000
15572.100000
15599.570000
15601.490000
15726.020000
15695.920000
15705.260000
15695.960000
15679.060000
15649.080000
15658.300000
15673.310000
15662.600000
15709.720000
15733.800000
15709.400000
15722.900000
15693.350000
15827.280000
15748.540000
15722.290000
15707.850000
15754.990000
15747.600000
15721.190000
15699.770000
15718.590000
15732.310000
15725.570000
15722.000000
15730.530000
15810.730000
15806.960000
15802.380000
15796.880000
15803.910000
15818.620000
15841.470000
15835.280000
15813.320000
15903.250000
15860.340000
15837.800000
15825.060000
15817.780000
15796.680000
15791.820000
15808.550000
15798.450000
15843.870000
15835.880000
15871.350000
15892.920000
15896.650000
15916.280000
15911.900000
15891.540000
15882.670000
15864.110000
15872.530000
15866.710000
15853.040000
15860.070000
15860.770000
15874.650000
15897.990000
15908.470000
15883.310000
15790.740000
15798.120000
15780.530000
15782.900000
15760.970000
15775.170000
15810.420000
15811.140000
15802.050000
15792.920000
15782.100000
15761.770000
15756.020000
15794.910000
15838.170000
15899.620000
15881.660000
15879.230000
15879.660000
15883.530000
15887.210000
15900.400000
15902.230000
15919.110000
15910.500000
15873.260000
15862.650000
15857.240000
15854.580000
15853.000000
15867.560000
15872.240000
15876.680000
15865.680000
15891.730000
15826.020000
15799.860000
15807.690000
15796.410000
15793.970000
15790.690000
15792.860000
15777.990000
15806.060000
15820.270000
15822.980000
15835.200000
15823.740000
15819.030000
15851.070000
15859.250000
15806.280000
15800.450000
15919.470000
15834.870000
15764.520000
15777.800000
15788.840000
15831.000000
15868.850000
15908.570000
15922.380000
16011.560000
15890.590000
15900.830000
15896.810000
15896.310000
15879.960000
15867.240000
15853.270000
15739.600000
15823.070000
15828.600000
15836.860000
15849.530000
15868.880000
15860.630000
15846.110000
15837.290000
15819.380000
15787.400000
15796.710000
15759.590000
15725.790000
15701.900000
15745.140000
15752.980000
15755.650000
15750.130000
15853.460000
15866.300000
15868.700000
15874.960000
15878.150000
15882.900000
15914.780000
15944.580000
15961.540000
15984.400000
15985.460000
15980.830000
15986.560000
15995.440000
15996.160000
15977.740000
15955.400000
15956.850000
15962.620000
15955.650000
15930.600000
15917.690000
15910.610000
15902.530000
15920.650000
15935.980000
15955.930000
15980.830000
15930.000000
15927.130000
15919.320000
15920.970000
15975.180000
15984.820000
15917.990000
15896.850000
15970.540000
15961.550000
15939.110000
15923.960000
15913.740000
15893.800000
15831.450000
15811.900000
15837.700000
15921.300000
15931.360000
15938.010000
15924.030000
15915.100000
15912.620000
15911.080000
15923.460000
15922.210000
15982.100000
15948.550000
15949.410000
15960.380000
15957.510000
15944.850000
15898.260000
15904.590000
15917.240000
15968.410000
15951.950000
15944.830000
15942.090000
15949.130000
15947.100000
15935.420000
15895.900000
15908.950000
15934.640000
15957.540000
15952.810000
15955.860000
15970.510000
15978.850000
15992.770000
15954.960000
15955.570000
16154.780000
16224.870000
16202.910000
16226.300000
16230.440000
16209.140000
16169.460000
16146.800000
16177.300000
16237.730000
16277.620000
16285.420000
16266.560000
16287.140000
16293.680000
16331.140000
16331.940000
16331.140000
16267.930000
16267.530000
16263.030000
16255.070000
16234.770000
16223.740000
16228.670000
16229.790000
16231.740000
16221.040000
16224.320000
16212.290000
16213.160000
16197.060000
16182.570000
16176.180000
16182.730000
16159.810000
16013.290000
15974.180000
15977.800000
15914.180000
15897.180000
15906.380000
15881.100000
15839.460000
15842.240000
15872.600000
15815.510000
15839.040000
15845.360000
15828.060000
15860.370000
15851.830000
15834.480000
15830.820000
15856.930000
15803.940000
15787.170000
15813.020000
15852.540000
15863.030000
15936.140000
16006.210000
16008.590000
16079.730000
16039.160000
16024.720000
15987.860000
15970.200000
15960.570000
15944.640000
15954.420000
15957.730000
16004.940000
16015.370000
16055.360000
16058.430000
16057.340000
16032.800000
16029.420000
15997.190000
15948.550000
15851.870000
15870.360000
15871.700000
15852.760000
15860.880000
15852.200000
15808.480000
15763.180000
15665.010000
15813.250000
15863.410000
15858.360000
15847.920000
15843.280000
15818.200000
15777.240000
15839.820000
15855.060000
15980.910000
16000.790000
16044.130000
16051.660000
16044.980000
16029.390000
16031.300000
16047.390000
16071.320000
16114.840000
16097.540000
16067.960000
16074.410000
16078.400000
16083.870000
16080.580000
16014.870000
15965.720000
15981.720000
15993.150000
15958.980000
15949.280000
15950.020000
15967.740000
15987.260000
16001.620000
16009.280000
15998.450000
15947.970000
15942.050000
15977.640000
16011.460000
16008.130000
16020.280000
16011.060000
15965.370000
15980.340000
16000.460000
15999.340000
16019.000000
16008.950000
16015.070000
15988.480000
15995.550000
16003.980000
15998.900000
15988.520000
15992.880000
15960.640000
15975.840000
15973.450000
15980.410000
15981.660000
15977.120000
16082.210000
16118.150000
16126.300000
16081.780000
16073.860000
16083.020000
16097.150000
16092.330000
16101.430000
16223.320000
16162.440000
16153.740000
16135.890000
16126.340000
16181.490000
16206.950000
16223.840000
16232.700000
16277.420000
16305.870000
16332.670000
16332.960000
16336.270000
16324.770000
16312.640000
16321.680000
16324.190000
16291.580000
16301.730000
16266.170000
16249.960000
16213.130000
16227.420000
16251.400000
16282.040000
16299.440000
16333.680000
16361.890000
16356.190000
16339.040000
16372.850000
16427.420000
16422.660000
16390.710000
16391.340000
16302.290000
16271.160000
16278.640000
16275.980000
16254.170000
16244.980000
16242.250000
16211.960000
16203.640000
16168.520000
16158.900000
16123.460000
16114.120000
16152.240000
16184.300000
16178.360000
16163.340000
16131.430000
16141.630000
16145.040000
16141.480000
16145.290000
16106.620000
16088.480000
16056.160000
16049.630000
16054.330000
15886.920000
15923.650000
15945.570000
15930.330000
15943.970000
15955.630000
15954.800000
15988.210000
15988.160000
15917.140000
15900.080000
15901.430000
15896.610000
15878.270000
15859.930000
15815.040000
15871.890000
15858.040000
15874.900000
15803.280000
15800.310000
15796.840000
15810.450000
15820.990000
15861.080000
15848.590000
15831.890000
15895.700000
15831.000000
15806.220000
15827.900000
15825.520000
15799.960000
15802.660000
15849.180000
15856.930000
15970.260000
15985.900000
15971.840000
15991.720000
15992.750000
15981.590000
15987.380000
15994.310000
15963.010000
15974.770000
15960.640000
15958.520000
15986.190000
15998.670000
15994.350000
15967.750000
15946.970000
15946.770000
16032.510000
16076.450000
16123.170000
16138.330000
16137.630000
16148.780000
16162.040000
16176.550000
16169.420000
16209.290000
16205.490000
16197.290000
16171.710000
16157.480000
16136.120000
16125.330000
16103.730000
16086.680000
16103.950000
16103.330000
16074.740000
16067.050000
16062.790000
16063.770000
16051.500000
16053.080000
16042.490000
15982.960000
15970.560000
15964.480000
15971.430000
15969.280000
15946.750000
15951.210000
15938.050000
15937.650000
15846.250000
15809.350000
15795.980000
15770.110000
15760.090000
15742.970000
15677.800000
15631.150000
15528.540000
15525.100000
15528.990000
15574.480000
15596.100000
15616.420000
15661.410000
15617.680000
15615.600000
15610.590000
15612.180000
15657.630000
15662.140000
15667.270000
15696.720000
15722.030000
15697.220000
15704.380000
15673.160000
15755.440000
15699.940000
15740.190000
15750.010000
15765.210000
15807.660000
15802.950000
15790.140000
15798.180000
15873.510000
15913.580000
15926.620000
15933.570000
15942.940000
15991.580000
15995.220000
16044.280000
16038.570000
16063.440000
16093.250000
16128.760000
16119.510000
16125.160000
16138.370000
16182.150000
16185.110000
16161.480000
16133.820000
16124.160000
16112.810000
16109.520000
16125.030000
16142.030000
16149.120000
16135.380000
16115.340000
16091.270000
16102.510000
16062.820000
16035.440000
16031.980000
16020.640000
16056.940000
16076.370000
16074.160000
16078.800000
16097.310000
16089.960000
16083.650000
16066.780000
16064.390000
16090.810000
16127.140000
16140.200000
16240.790000
16176.110000
16174.430000
16157.430000
16161.580000
16116.670000
16140.020000
16151.560000
16126.610000
16129.100000
16175.350000
16159.540000
16163.340000
16162.000000
16156.810000
16204.580000
16207.460000
16211.430000
16160.790000
16149.520000
16155.480000
16151.130000
16137.430000
16170.030000
16170.750000
16175.370000
16181.340000
16185.500000
16187.950000
16207.670000
16208.760000
16195.260000
16168.600000
16167.510000
16182.850000
16194.060000
16183.760000
16216.430000
16224.200000
16225.890000
16215.220000
16215.740000
16214.060000
16213.580000
16211.720000
16212.910000
16174.390000
16147.870000
16116.980000
16090.190000
16074.360000
16093.760000
16114.880000
16137.890000
16219.300000
16291.740000
16287.570000
16284.920000
16319.740000
16356.920000
16408.430000
16405.000000
16408.800000
16406.470000
16378.730000
16406.550000
16400.330000
16429.390000
16457.330000
16465.940000
16464.600000
16490.130000
16470.380000
16505.590000
16528.970000
16492.980000
16499.890000
16521.140000
16512.380000
16482.000000
16481.580000
16430.660000
16373.160000
16343.370000
16331.500000
16338.140000
16310.150000
16327.270000
16329.570000
16296.080000
16076.070000
16029.440000
16038.410000
16119.340000
16140.760000
16120.850000
16103.840000
16082.990000
16024.720000
15901.430000
15915.440000
15902.300000
15920.320000
15917.730000
15889.190000
15886.610000
15893.330000
15895.250000
15954.610000
15973.960000
15938.480000
15912.640000
15855.410000
15858.970000
15908.090000
15954.060000
15956.300000
15961.480000
15962.610000
15901.300000
15899.230000
15898.610000
15939.020000
15947.070000
15953.750000
15956.030000
15939.720000
15946.570000
15894.480000
15816.860000
15750.410000
15764.060000
15793.200000
15772.200000
15776.270000
15939.320000
15983.130000
15983.780000
15967.790000
15949.570000
15937.350000
15900.610000
15906.620000
15876.030000
16013.050000
15962.760000
15946.650000
15927.720000
15949.190000
15967.820000
16027.460000
16060.270000
16006.620000
15962.450000
15920.410000
15940.400000
15951.240000
15933.750000
15899.400000
15860.120000
15861.580000
15852.830000
15918.950000
15929.220000
15932.960000
15937.780000
15909.730000
15897.720000
15878.290000
15902.810000
15904.250000
15923.130000
15816.830000
15808.700000
15764.850000
15759.350000
15783.220000
15806.320000
15786.680000
15774.540000
15806.340000
15814.660000
15809.600000
15792.940000
15808.720000
15802.350000
15804.640000
15802.650000
15802.850000
15741.650000
15781.000000
15784.470000
15793.530000
15790.400000
15781.010000
15766.140000
15719.620000
15701.410000
15612.880000
15586.680000
15599.500000
15601.630000
15569.810000
15531.310000
15518.580000
15565.300000
15597.190000
15682.300000
15689.280000
15710.210000
15700.570000
15705.590000
15698.220000
15654.280000
15624.790000
15610.430000
15764.380000
15770.170000
15775.160000
15781.370000
15788.820000
15799.340000
15770.940000
15727.400000
15706.960000
15820.950000
15793.630000
15796.330000
15794.580000
15728.390000
15726.300000
15720.730000
15731.310000
15733.230000
15896.740000
15864.090000
15807.060000
15784.700000
15794.570000
15752.570000
15737.160000
15733.960000
15637.370000
15643.430000
15663.710000
15679.660000
15701.730000
15709.830000
15739.780000
15718.190000
15713.730000
15639.700000
15770.560000
15733.640000
15709.350000
15696.770000
15727.380000
15760.950000
15804.950000
15804.830000
15801.560000
15894.050000
15868.290000
15879.270000
15886.040000
15863.740000
15848.130000
15898.620000
15936.070000
15942.120000
15960.400000
15958.270000
15876.330000
15891.460000
15889.830000
15927.630000
15933.090000
15937.130000
15904.090000
15994.950000
16001.740000
16003.700000
16001.260000
16034.190000
16039.280000
16035.850000
16042.660000
15994.750000
15979.060000
15980.150000
15984.590000
15954.980000
15946.360000
15947.770000
15963.010000
15904.840000
15871.540000
15958.740000
15955.450000
15949.680000
15931.530000
15920.420000
15891.410000
15878.780000
15865.070000
15824.850000
15754.980000
15771.200000
15795.150000
15807.220000
15829.860000
15838.140000
15838.440000
15801.650000
15794.750000
15743.290000
15732.370000
15740.330000
15732.130000
15719.490000
15729.100000
15767.800000
15781.890000
15748.420000
15731.320000
15757.060000
15794.720000
15771.900000
15751.520000
15712.320000
15759.910000
15734.460000
15722.380000
