14221.709961
14567.620117
14510.769531
14448.610352
14114.790039
14057.150391
13562.599609
13150.349609
13106.780273
13847.929688
13829.969727
13943.969727
14082.059570
13974.839844
14553.099609
14509.230469
14413.089844
14457.299805
14508.009766
14539.309570
14375.820312
14428.030273
14627.580078
14925.250000
14744.719727
14732.000000
14506.019531
14535.070312
14603.440430
14437.910156
14315.349609
14321.820312
14298.019531
14180.089844
14100.030273
14198.780273
14199.089844
14362.030273
14598.110352
14372.469727
14037.629883
14112.839844
13849.429688
14074.709961
14187.019531
14036.110352
14081.150391
14073.209961
14315.240234
13851.450195
13697.900391
13719.950195
13829.099609
13808.089844
14034.150391
14043.099609
14203.089844
14226.469727
13882.299805
14161.320312
14217.480469
14105.059570
14053.589844
14253.610352
14463.500000
14589.450195
14547.089844
14489.000000
14492.780273
14589.910156
14709.379883
14590.690430
14602.059570
14420.730469
14121.070312
13648.839844
13569.929688
13566.799805
13443.320312
13237.700195
13265.599609
13443.769531
13206.110352
13120.309570
13160.709961
13378.419922
13358.620117
13132.360352
12811.429688
12894.379883
12919.700195
12870.240234
12668.679688
12867.709961
13019.129883
12934.870117
12905.480469
12851.900391
12788.009766
12875.669922
13062.230469
13351.200195
13399.400391
13318.639648
13367.040039
13337.059570
13197.950195
13204.580078
13289.389648
13515.030273
13570.219727
13484.549805
13595.070312
13792.879883
13693.339844
13745.589844
13745.589844
13715.559570
13763.259766
13813.049805
13857.980469
13947.849609
13930.570312
13775.660156
13660.339844
13510.290039
13298.259766
13238.610352
13364.549805
13375.019531
12942.459961
13154.150391
13020.540039
12743.049805
13051.570312
12827.580078
12927.790039
12953.990234
13008.820312
13121.129883
13441.540039
13564.830078
13192.820312
13111.379883
12815.330078
12866.700195
12936.570312
12771.780273
12781.559570
12521.250000
12368.490234
12414.089844
12198.370117
12147.309570
12137.769531
12227.870117
12673.349609
12661.879883
12643.219727
12497.519531
12410.830078
12258.150391
12298.620117
12379.240234
12676.419922
12716.809570
12931.759766
12819.110352
12818.339844
12775.519531
13020.450195
13053.240234
13203.240234
13259.490234
13250.660156
13307.089844
13444.070312
13398.639648
13194.320312
13542.349609
13611.299805
13689.610352
13691.120117
14157.250000
14263.530273
14431.179688
14440.780273
14382.620117
14384.540039
14457.759766
14425.950195
14485.490234
14446.330078
14570.709961
14571.660156
14514.730469
14429.870117
14487.700195
14563.700195
14584.589844
14507.160156
14471.500000
14372.349609
14298.809570
14385.570312
14366.389648
14675.839844
14470.740234
14363.120117
14011.259766
14001.370117
13931.290039
14099.750000
14160.870117
14000.679688
14063.139648
14018.469727
14071.719727
14008.969727
14095.910156
14293.870117
14492.780273
14501.599609
14610.230469
14832.889648
14790.820312
14965.469727
15095.030273
15132.370117
15153.190430
15269.709961
15250.360352
15134.070312
15034.429688
15145.900391
15147.450195
15114.410156
15151.540039
15186.490234
15161.070312
15136.219727
15222.339844
15520.969727
15476.669922
15406.929688
15363.410156
15486.129883
15658.559570
15487.980469
15409.269531
15526.280273
15520.389648
15634.040039
15514.719727
15532.440430
15470.519531
15408.580078
15552.769531
15530.459961
