15492.290039
15531.950195
15650.349609
15671.589844
15629.330078
15495.509766
15760.349609
15824.110352
15922.099609
15997.629883
16008.400391
16016.200195
16022.639648
15985.900391
16032.500000
16065.059570
16072.290039
16157.580078
16240.509766
16193.339844
16092.629883
16090.540039
15866.009766
15740.599609
15865.410156
15244.459961
15237.870117
15015.419922
15187.089844
15172.900391
15101.709961
15150.540039
15544.790039
15683.669922
15613.400391
15550.450195
15591.620117
15448.450195
15451.740234
15621.570312
15419.549805
15060.099609
15305.610352
15425.160156
15622.599609
15697.440430
15832.959961
15803.589844
15834.570312
15943.160156
16036.519531
16161.719727
15988.629883
15862.709961
15724.230469
15880.389648
15955.540039
15941.780273
15833.730469
15894.769531
15669.349609
15629.860352
15737.330078
15456.870117
14952.669922
14979.110352
15272.870117
15197.530273
15122.650391
15338.190430
15537.049805
15604.990234
15367.160156
15060.480469
15076.889648
15158.799805
15351.480469
15413.370117
15308.690430
14844.099609
15068.330078
15327.940430
15206.400391
14989.049805
14617.660156
14357.860352
14586.349609
13807.280273
14027.929688
14106.889648
13904.849609
13707.860352
13669.099609
13094.540039
12438.849609
12672.000000
13199.679688
13341.790039
13407.969727
13815.799805
13577.809570
14183.259766
14243.940430
14109.790039
14306.259766
14343.339844
14226.429688
14187.820312
14247.379883
14371.900391
14553.709961
14555.870117
14404.030273
14403.089844
14334.099609
14347.330078
14027.179688
14069.530273
14178.280273
14094.830078
13887.110352
13961.950195
14038.299805
13991.700195
14149.679688
14374.589844
14142.089844
13863.389648
13749.679688
13566.200195
13822.160156
14038.549805
13778.129883
13920.459961
13970.620117
13857.580078
13592.150391
13380.669922
13514.490234
13508.559570
13479.360352
13795.639648
13864.950195
14056.980469
13999.540039
13683.589844
13944.160156
14026.139648
13917.080078
13871.480469
14025.440430
14246.830078
14509.580078
14359.389648
14329.509766
14393.040039
14443.110352
14548.259766
14458.339844
14378.500000
14186.929688
13749.769531
13379.870117
13294.000000
13358.400391
13007.910156
13020.419922
13106.379883
13273.200195
12965.690430
12912.589844
12904.860352
13126.860352
13221.040039
12946.759766
12618.679688
12623.230469
12741.629883
12390.950195
12509.219727
12693.650391
12766.799805
12774.230469
12655.059570
12625.219727
12434.290039
12532.940430
12913.690430
12827.889648
13129.129883
13097.750000
13171.139648
13151.860352
13042.410156
13089.959961
13091.259766
13340.589844
13464.900391
13335.389648
13388.339844
13628.570312
13562.620117
13604.549805
13514.709961
13455.700195
13661.169922
13705.019531
13736.000000
13824.969727
13610.440430
13638.160156
13525.690430
13189.269531
13156.440430
13085.200195
13210.990234
12939.959961
12758.440430
12885.080078
12814.809570
12603.580078
12736.009766
12617.400391
12760.040039
12736.089844
12688.870117
12925.570312
13165.780273
13183.190430
12952.089844
12927.200195
12699.219727
12606.639648
12638.219727
12520.809570
12526.610352
12180.759766
12184.000000
12139.679688
11862.839844
11866.980469
11973.910156
11893.940430
12358.980469
12455.360352
12421.889648
12272.589844
12174.629883
12097.679688
12104.620117
12000.429688
12395.990234
12398.049805
12746.360352
12705.259766
12628.780273
12548.150391
12747.379883
12789.259766
13023.400391
13062.040039
13051.250000
13216.480469
13287.070312
13255.070312
13022.639648
13193.509766
13391.000000
13487.910156
13557.080078
13599.349609
14172.469727
14243.349609
14266.419922
14195.309570
14149.700195
14300.209961
14321.839844
14343.799805
14363.509766
14447.549805
14498.049805
14374.150391
14327.040039
14363.320312
14423.790039
14372.419922
14394.370117
14305.259766
14218.179688
14196.769531
14217.959961
14262.599609
14302.490234
14375.950195
13982.589844
13815.240234
13927.049805
13791.519531
13912.169922
13890.540039
13874.500000
13966.349609
13914.620117
13871.320312
13922.549805
13976.440430
14083.759766
14264.599609
14403.730469
14388.980469
14628.610352
14692.740234
14794.990234
14934.509766
15041.160156
15083.940430
15083.950195
15156.889648
14906.269531
14940.679688
15022.830078
15022.549805
14969.650391
15068.719727
15077.620117
14988.980469
14993.589844
15107.830078
15264.309570
15347.860352
15275.570312
15273.599609
15371.929688
15519.629883
15246.389648
15305.940430
15366.370117
15388.849609
