13989.410156
14230.089844
14263.730469
14404.219727
13836.929688
13990.250000
13485.980469
12614.080078
12673.889648
13215.059570
13819.440430
13479.690430
13827.219727
13768.440430
14245.769531
14500.049805
14374.410156
14385.820312
14365.669922
14532.839844
14305.799805
14332.259766
14376.000000
14592.740234
14712.320312
14674.830078
14447.780273
14503.959961
14504.799805
14402.160156
14187.129883
14275.870117
14162.969727
13956.559570
14062.700195
14098.480469
14057.429688
14154.480469
14376.049805
14320.509766
13908.049805
14087.080078
13760.219727
13907.059570
14095.929688
13996.820312
13958.919922
14020.900391
14282.769531
13832.650391
13624.919922
13550.019531
13587.290039
13512.129883
13837.419922
13986.169922
14072.669922
14197.179688
13822.349609
13968.259766
14179.839844
14043.219727
14022.269531
14025.440430
14289.530273
14572.799805
14513.339844
14478.370117
14394.360352
14585.179688
14576.870117
14569.299805
14595.780273
14364.589844
14110.030273
13564.469727
13557.440430
13480.500000
13440.429688
13092.849609
13207.790039
13335.150391
13062.259766
13082.620117
12949.870117
13217.900391
13264.620117
13089.990234
12795.219727
12627.660156
12904.089844
12851.290039
12587.549805
12757.629883
12814.099609
12783.089844
12751.299805
12800.870117
12759.290039
12562.150391
12935.049805
12884.830078
13356.669922
13261.820312
13179.559570
13183.240234
13181.919922
13158.639648
13214.410156
13353.280273
13471.200195
13419.190430
13398.700195
13629.700195
13642.910156
13703.379883
13703.379883
13482.629883
13747.070312
13709.830078
13847.879883
13849.620117
13928.120117
13653.820312
13591.240234
13471.440430
13163.519531
13131.120117
13328.490234
13335.099609
12838.419922
12919.429688
13018.480469
12713.750000
12768.440430
12827.580078
12807.269531
12770.719727
12985.610352
12926.150391
13171.919922
13450.389648
13131.339844
13040.360352
12814.919922
12685.290039
12849.780273
12555.309570
12531.660156
12506.639648
12231.839844
12332.849609
12025.429688
12143.209961
12063.089844
11951.839844
12360.719727
12611.070312
12593.410156
12414.780273
12175.519531
12168.660156
12207.969727
12114.230469
12549.019531
12467.540039
12788.530273
12817.629883
12685.160156
12641.120117
12868.769531
12965.190430
13054.490234
13152.990234
13072.919922
13254.309570
13344.849609
13369.330078
13130.969727
13201.240234
13398.790039
13506.650391
13653.980469
13603.790039
14179.389648
14295.809570
14372.419922
14374.860352
14348.459961
14320.610352
14395.530273
14352.540039
14438.200195
14456.150391
14547.580078
14471.099609
14404.669922
14429.219727
14543.799805
14465.700195
14487.429688
14406.870117
14304.950195
14277.750000
14325.799805
14300.429688
14345.879883
14453.540039
14351.309570
13978.440430
13934.750000
13829.900391
13944.690430
14113.009766
13945.589844
14047.419922
14013.719727
13890.809570
14005.839844
13992.709961
14116.070312
14266.980469
14451.230469
14476.719727
14650.730469
14741.969727
14805.400391
14972.280273
15063.209961
15112.049805
15130.030273
15182.950195
15115.549805
14986.519531
15077.400391
15140.500000
15095.719727
15146.290039
15115.750000
15070.299805
15081.169922
15125.120117
15275.000000
15408.400391
15367.040039
15359.589844
15450.669922
15560.150391
15438.940430
15322.059570
15419.000000
15394.440430
15612.429688
15372.059570
15524.160156
15450.620117
15342.599609
15453.290039
15501.820312
