0.000000
0.000000
0.000000
0.000000
0.000000
0.000000
0.000000
0.000000
0.000000
0.000000
0.000000
0.000000
0.000000
0.000000
0.000000
0.000000
0.000000
0.000000
0.000000
0.000000
0.000000
0.000000
0.000000
0.000000
0.000000
0.000000
0.000000
0.000000
0.000000
0.000000
0.000000
0.000000
0.000000
0.000000
0.000000
0.000000
0.000000
0.000000
0.000000
0.000000
0.000000
0.000000
0.000000
0.000000
0.000000
0.000000
0.000000
0.000000
0.000000
0.000000
0.000000
0.000000
0.000000
0.000000
0.000000
0.000000
0.000000
0.000000
0.000000
0.000000
0.000000
0.000000
0.000000
0.000000
0.000000
0.000000
0.000000
0.000000
0.000000
0.000000
0.000000
0.000000
0.000000
0.000000
0.000000
0.000000
0.000000
0.000000
0.000000
0.000000
0.000000
0.000000
0.000000
0.000000
0.000000
0.000000
0.000000
0.000000
0.000000
0.000000
0.000000
0.000000
0.000000
0.000000
0.000000
0.000000
0.000000
0.000000
0.000000
0.000000
0.000000
0.000000
0.000000
0.000000
0.000000
0.000000
0.000000
0.000000
0.000000
0.000000
0.000000
0.000000
0.000000
0.000000
0.000000
0.000000
0.000000
0.000000
0.000000
0.000000
0.000000
0.000000
0.000000
0.000000
0.000000
0.000000
0.000000
0.000000
0.000000
0.000000
0.000000
0.000000
0.000000
0.000000
0.000000
0.000000
0.000000
0.000000
0.000000
0.000000
0.000000
0.000000
0.000000
0.000000
0.000000
0.000000
0.000000
0.000000
0.000000
0.000000
0.000000
0.000000
0.000000
0.000000
0.000000
0.000000
0.000000
0.000000
0.000000
0.000000
0.000000
0.000000
0.000000
0.000000
0.000000
0.000000
0.000000
0.000000
0.000000
0.000000
0.000000
0.000000
0.000000
0.000000
0.000000
0.000000
0.000000
0.000000
0.000000
0.000000
0.000000
0.000000
0.000000
0.000000
0.000000
0.000000
0.000000
0.000000
0.000000
0.000000
0.000000
0.000000
0.000000
0.000000
0.000000
0.000000
0.000000
0.000000
0.000000
0.000000
0.000000
0.000000
0.000000
0.000000
0.000000
0.000000
0.000000
0.000000
0.000000
0.000000
0.000000
0.000000
0.000000
0.000000
0.000000
0.000000
0.000000
0.000000
0.000000
0.000000
0.000000
0.000000
0.000000
0.000000
0.000000
0.000000
0.000000
0.000000
0.000000
0.000000
0.000000
0.000000
0.000000
0.000000
0.000000
0.000000
0.000000
0.000000
0.000000
0.000000
0.000000
0.000000
0.000000
0.000000
0.000000
0.000000
0.000000
0.000000
0.000000
0.000000
0.000000
0.000000
0.000000
0.000000
0.000000
0.000000
0.000000
0.000000
0.000000
0.000000
0.000000
0.000000
0.000000
0.000000
0.000000
0.000000
0.000000
0.000000
0.000000
0.000000
0.000000
0.000000
0.000000
0.000000
0.000000
0.000000
0.000000
0.000000
0.000000
0.000000
0.000000
0.000000
0.000000
0.000000
0.000000
0.000000
0.000000
0.000000
0.000000
39.240000
35.620000
20.330000
-4.560000
-23.430000
-59.040000
-85.290000
-134.690000
-155.610000
-194.240000
-149.460000
-102.070000
-130.520000
-162.690000
-152.820000
-192.390000
-171.090000
-217.120000
-218.910000
-218.910000
-218.910000
-218.910000
-218.840000
-218.140000
-193.410000
-170.460000
128.210000
128.210000
128.210000
128.210000
128.210000
128.210000
128.210000
128.210000
128.210000
128.210000
128.210000
128.210000
128.210000
128.210000
128.210000
128.210000
128.210000
128.210000
128.210000
128.210000
128.210000
128.210000
128.210000
128.210000
128.210000
128.210000
128.210000
128.210000
128.210000
128.210000
128.210000
128.210000
128.210000
128.210000
128.210000
128.210000
128.210000
128.210000
128.210000
128.210000
128.210000
128.210000
128.210000
128.210000
128.210000
128.210000
128.210000
128.210000
128.210000
128.210000
128.210000
128.210000
128.210000
128.210000
128.210000
128.210000
128.210000
128.210000
128.210000
128.210000
128.210000
128.210000
128.210000
128.210000
128.210000
128.210000
128.210000
128.210000
128.210000
128.210000
128.210000
128.210000
128.210000
128.210000
128.210000
128.210000
128.210000
128.210000
128.210000
128.210000
153.590000
152.220000
168.650000
158.850000
178.360000
124.470000
119.380000
146.770000
171.050000
144.570000
129.650000
128.910000
115.470000
85.740000
69.090000
68.550000
99.660000
46.680000
15.120000
74.290000
37.990000
66.680000
70.390000
96.270000
141.880000
156.510000
160.790000
160.790000
160.790000
160.790000
160.790000
160.790000
160.790000
160.790000
160.790000
160.790000
160.790000
160.790000
160.790000
160.790000
160.790000
160.790000
160.790000
160.790000
160.790000
160.790000
160.790000
160.790000
160.790000
160.790000
160.790000
160.790000
160.790000
160.790000
160.790000
160.790000
160.790000
160.790000
160.790000
160.790000
160.790000
160.790000
160.790000
160.790000
160.790000
160.790000
160.790000
160.790000
160.790000
160.790000
160.790000
160.790000
160.790000
160.790000
160.790000
160.790000
160.790000
160.790000
160.790000
160.790000
160.790000
160.790000
160.790000
160.790000
160.790000
160.790000
160.790000
160.790000
160.790000
160.790000
160.790000
160.790000
160.790000
160.790000
160.790000
160.790000
160.790000
160.790000
160.790000
160.790000
160.790000
160.790000
160.790000
111.820000
79.740000
101.630000
25.020000
-20.900000
-29.010000
-41.940000
-119.990000
-33.050000
-40.820000
-80.430000
-71.000000
-140.870000
-140.870000
-140.870000
-140.870000
-140.870000
-140.870000
-140.870000
-140.870000
-140.870000
-230.570000
-179.740000
-202.350000
-164.340000
-114.820000
-139.660000
-272.100000
-215.530000
-194.730000
-151.900000
-171.660000
-164.790000
-217.840000
-179.590000
-172.680000
-183.260000
-193.140000
-198.380000
-298.990000
-298.990000
-298.990000
-298.990000
-298.990000
-298.990000
-298.990000
-298.990000
-298.990000
-298.990000
-298.990000
-298.990000
-298.990000
-298.990000
-298.990000
-298.990000
-298.990000
-298.990000
-298.990000
-298.990000
-298.990000
-298.990000
-298.990000
-298.990000
-298.990000
-298.990000
-298.990000
-298.990000
-298.990000
-298.990000
-298.990000
-298.990000
-298.990000
-298.990000
-298.990000
-278.660000
-316.900000
-346.710000
-337.820000
-248.170000
-149.190000
-218.640000
-217.660000
-183.840000
-278.440000
-284.080000
-239.090000
-249.750000
-471.150000
-468.440000
-492.890000
-883.430000
-883.430000
-883.430000
-883.430000
-833.840000
-817.700000
-757.390000
-810.790000
-779.890000
-827.980000
-838.390000
-876.620000
-937.490000
-875.990000
-884.840000
-933.030000
-940.920000
-943.320000
-938.190000
-946.520000
-940.380000
-930.890000
-951.000000
-951.000000
-951.000000
-951.000000
-951.000000
-951.000000
-951.000000
-951.000000
-951.000000
-951.000000
-951.000000
-951.000000
-951.000000
-951.000000
-951.000000
-951.000000
-951.000000
-951.000000
-951.000000
-951.000000
-951.000000
-951.000000
-951.000000
-951.000000
-951.000000
-951.000000
-951.000000
-951.000000
-951.000000
-951.000000
-951.000000
-951.000000
-951.000000
-951.000000
-951.000000
-951.000000
-951.000000
-951.000000
-951.000000
-951.000000
-951.000000
-951.000000
-951.000000
-951.000000
-951.000000
-951.000000
-951.000000
-951.000000
-951.000000
-951.000000
-951.000000
-951.000000
-951.000000
-951.000000
-951.000000
-951.000000
-951.000000
-951.000000
-951.000000
-951.000000
-951.000000
-951.000000
-951.000000
-951.000000
-951.000000
-951.000000
-951.000000
-951.000000
-951.000000
-951.000000
-951.000000
-951.000000
-951.000000
-951.000000
-951.000000
-951.000000
-951.000000
-951.000000
-951.000000
-951.000000
-951.000000
-951.000000
-951.000000
-951.000000
-951.000000
-951.000000
-951.000000
-951.000000
-951.000000
-951.000000
-951.000000
-951.000000
-951.000000
-951.000000
-951.000000
-951.000000
-951.000000
-951.000000
-951.000000
-951.000000
-951.000000
-951.000000
-951.000000
-951.000000
-951.000000
-951.000000
-951.000000
-951.000000
-951.000000
-951.000000
-960.410000
-981.980000
-1005.040000
-983.740000
-1018.950000
-1053.020000
-1033.790000
-1001.100000
-906.480000
-1029.800000
-1008.240000
-1045.050000
-1033.090000
-1017.330000
-1025.050000
-1014.920000
-1005.370000
-997.620000
-941.200000
-950.580000
-963.070000
-963.070000
-963.070000
-963.070000
-963.070000
-963.070000
-963.070000
-963.070000
-963.070000
-963.070000
-963.070000
-963.070000
-963.070000
-963.070000
-963.070000
-963.070000
-963.070000
-963.070000
-963.070000
-963.070000
-963.070000
-963.070000
-963.070000
-963.070000
-963.070000
-963.070000
-963.070000
-961.700000
-929.060000
-953.810000
-950.080000
-935.720000
-932.920000
-925.420000
-928.540000
-945.200000
-948.100000
-986.760000
-964.170000
-947.660000
-932.840000
-915.190000
-917.930000
-778.480000
-793.370000
-778.880000
-810.830000
-810.830000
-810.830000
-810.830000
-810.830000
-810.830000
-810.830000
-810.830000
-810.830000
-810.830000
-810.830000
-810.830000
-810.830000
-810.830000
-810.830000
-810.830000
-810.830000
-810.830000
-810.830000
-810.830000
-810.830000
-810.830000
-810.830000
-810.830000
-810.830000
-810.830000
-810.830000
-810.830000
-810.830000
-810.830000
-810.830000
-810.830000
-810.830000
-810.830000
-810.830000
-810.830000
-810.830000
-810.830000
-810.830000
-810.830000
-810.830000
-810.830000
-810.830000
-810.830000
-810.830000
-810.830000
-810.830000
-810.830000
-810.830000
-810.830000
-810.830000
-810.830000
-810.830000
-810.830000
-810.830000
-810.830000
-810.830000
-810.830000
-810.830000
-810.830000
-810.830000
-810.830000
-810.830000
-810.830000
-810.830000
-810.830000
-810.830000
-810.830000
-810.830000
-810.830000
-810.830000
-810.830000
-810.830000
-810.830000
-810.830000
-810.830000
-810.830000
-810.830000
-810.830000
-810.830000
-810.830000
-810.830000
-810.830000
-810.830000
-810.830000
-810.830000
-810.830000
-810.830000
-810.830000
-810.830000
-810.830000
-810.830000
-810.830000
-810.830000
-810.830000
-810.830000
-810.830000
-810.830000
-810.830000
-810.830000
-810.830000
-810.830000
-810.830000
-810.830000
-810.830000
-810.830000
-810.830000
-808.420000
-794.070000
-782.380000
-784.550000
-742.230000
-735.570000
-726.450000
-715.370000
-719.960000
-738.970000
-736.480000
-721.130000
-683.850000
-683.850000
-683.850000
-683.850000
-683.850000
-683.850000
-683.850000
-683.850000
-683.850000
-683.850000
-683.850000
-683.850000
-683.850000
-683.850000
-683.850000
-683.850000
-683.850000
-683.850000
-683.850000
-683.850000
-683.850000
-683.850000
-683.850000
-683.850000
-683.850000
-683.850000
-683.850000
-683.850000
-683.850000
-683.850000
-683.850000
-683.850000
-683.850000
-683.850000
-685.990000
-693.470000
-684.240000
-733.220000
-743.920000
-711.840000
-841.590000
-816.840000
-813.900000
-803.700000
-792.340000
-774.800000
-793.120000
-754.840000
-769.420000
-562.860000
-577.820000
-636.660000
-597.580000
-567.200000
-504.860000
-545.580000
-545.580000
-545.580000
-545.580000
-545.580000
-545.580000
-545.580000
-545.580000
-545.580000
-545.580000
-545.580000
-545.580000
-545.580000
-545.580000
-545.580000
-545.580000
-545.580000
-545.580000
-545.580000
-545.580000
-545.580000
-545.580000
-545.580000
-545.580000
-545.580000
-545.580000
-545.580000
-545.580000
-545.580000
-545.580000
-545.580000
-545.580000
-545.580000
-545.580000
-545.580000
-545.580000
-545.580000
-545.580000
-545.580000
-545.580000
-545.580000
-545.580000
-545.580000
-545.580000
-545.580000
-545.580000
-545.580000
-545.580000
-545.580000
-545.580000
-545.580000
-545.580000
-545.580000
-545.580000
-545.580000
-545.580000
-545.580000
-545.580000
-545.580000
-545.580000
-545.580000
-542.110000
-583.040000
-588.270000
-579.890000
-582.560000
-614.400000
-627.230000
-642.870000
-656.150000
-621.530000
-593.930000
-562.200000
-592.710000
-567.860000
-489.750000
-440.320000
-454.960000
-448.960000
-448.960000
-448.960000
-448.960000
-448.960000
-448.960000
-448.960000
-448.960000
-448.960000
-448.960000
-448.960000
-448.960000
-448.960000
-448.960000
-448.960000
-448.960000
-448.960000
-448.960000
-448.960000
-448.960000
-448.960000
-448.960000
-448.960000
-448.960000
-448.960000
-448.960000
-448.960000
-448.960000
-448.960000
-448.960000
-448.960000
-448.960000
-476.690000
-729.840000
-693.080000
-612.320000
-552.240000
-570.630000
-483.700000
-491.550000
-448.370000
-431.220000
-567.620000
-566.450000
-561.010000
-533.390000
-569.450000
-575.120000
-576.560000
-544.420000
-664.280000
-664.280000
-678.890000
-667.600000
-637.170000
-628.000000
-638.130000
-664.020000
-658.930000
-630.160000
-480.620000
-447.040000
-447.970000
-486.660000
-486.660000
-486.660000
-486.660000
-486.660000
-486.660000
-486.660000
-486.660000
-486.660000
-486.660000
-486.660000
-486.660000
-486.660000
-486.660000
-486.660000
-486.660000
-486.660000
-486.660000
-486.660000
-486.660000
-486.660000
-486.660000
-486.660000
-486.660000
-486.660000
-486.660000
-486.660000
-503.460000
-509.220000
-490.950000
-459.340000
-469.670000
-463.330000
-481.280000
-504.000000
-484.990000
-509.730000
-527.770000
-535.190000
-535.030000
-516.430000
-466.520000
-438.150000
-383.500000
-389.690000
-411.720000
-411.720000
-411.720000
-411.720000
-411.720000
-411.720000
-411.720000
-411.720000
-411.720000
-411.720000
-411.720000
-411.720000
-411.720000
-411.720000
-411.720000
-411.720000
-411.720000
-411.720000
-411.720000
-411.720000
-411.720000
-411.720000
-411.720000
-411.720000
-411.720000
-411.720000
-411.720000
-411.720000
-411.720000
-411.720000
-411.720000
-411.720000
-411.720000
-411.720000
-411.720000
-411.720000
-411.720000
-411.720000
-411.720000
-411.720000
-411.720000
-411.720000
-411.720000
-411.720000
-411.720000
-411.720000
-411.720000
-411.720000
-411.720000
-411.720000
-411.720000
-411.720000
-411.720000
-411.720000
-411.720000
-411.720000
-411.720000
-411.720000
-411.720000
-411.720000
-411.720000
-411.720000
-411.720000
-411.720000
-411.720000
-411.720000
-411.720000
-411.720000
-411.720000
-411.720000
-411.720000
-411.720000
-411.720000
-411.720000
-411.720000
-411.720000
-411.720000
-411.720000
-411.720000
-411.720000
-411.720000
-411.720000
-411.720000
-411.720000
-411.720000
-411.720000
-411.720000
-411.720000
-411.720000
-411.720000
-411.720000
-411.720000
-411.720000
-411.720000
-411.720000
-411.720000
-411.720000
-411.720000
-411.720000
-411.720000
-411.720000
-411.720000
-411.720000
-411.720000
-411.720000
-411.720000
-411.720000
-411.720000
-411.720000
-421.100000
-457.590000
-433.770000
-406.230000
-355.770000
-332.420000
-329.960000
-304.050000
-262.560000
-254.520000
-298.850000
-298.850000
-298.850000
-298.850000
-298.850000
-298.850000
-298.850000
-298.850000
-298.850000
-298.850000
-298.850000
-298.850000
-298.850000
-298.850000
-298.850000
-298.850000
-298.850000
-298.850000
-298.850000
-298.850000
-298.850000
-298.850000
-298.850000
-298.850000
-298.850000
-298.850000
-298.850000
-298.850000
-298.850000
-298.850000
-298.850000
-298.850000
-298.850000
-298.850000
-298.850000
-298.850000
-298.850000
-298.850000
-298.850000
-298.850000
-298.850000
-298.850000
-298.850000
-298.850000
-298.850000
-298.850000
-298.850000
-298.850000
-298.850000
-298.850000
-298.850000
-298.850000
-298.850000
-298.850000
-298.850000
-298.850000
-298.850000
-298.850000
-298.850000
-298.850000
-298.850000
-298.850000
-298.850000
-298.850000
-298.850000
-298.850000
-298.850000
-298.850000
-298.850000
-298.850000
-294.840000
-313.240000
-350.170000
-361.170000
-354.860000
-356.990000
-348.150000
-341.450000
-357.030000
-342.100000
-389.820000
-380.690000
-385.970000
-382.840000
-386.130000
-300.470000
-299.970000
-305.460000
-280.170000
-305.600000
-305.600000
-305.600000
-305.600000
-311.720000
-352.010000
-347.330000
-333.780000
-322.820000
-315.410000
-336.320000
-311.610000
-254.910000
-270.750000
-330.730000
-349.540000
-359.100000
-360.950000
-358.780000
-389.580000
-380.850000
-384.350000
-352.970000
-356.500000
-361.290000
-361.670000
-354.030000
-353.330000
-367.840000
-350.210000
-378.220000
-392.000000
-487.160000
-528.080000
-570.170000
-509.140000
-534.150000
-513.010000
-526.430000
-588.410000
-588.410000
-588.410000
-588.410000
-588.410000
-588.410000
-588.410000
-588.410000
-588.410000
-588.410000
-588.410000
-588.410000
-588.410000
-588.410000
-588.410000
-588.410000
-588.410000
-588.410000
-588.410000
-588.410000
-588.410000
-588.410000
-588.410000
-588.410000
-588.410000
-588.410000
-588.410000
-588.410000
-588.410000
-588.410000
-588.410000
-588.410000
-588.410000
-588.410000
-588.410000
-588.410000
-588.410000
-588.410000
-588.410000
-588.410000
-588.410000
-588.410000
-588.410000
-588.410000
-588.410000
-588.410000
-588.410000
-588.410000
-588.410000
-588.410000
-588.410000
-588.410000
-588.410000
-588.410000
-588.410000
-588.410000
-588.410000
-588.410000
-588.410000
-588.410000
-588.410000
-588.410000
-588.410000
-588.410000
-588.410000
-588.410000
-588.410000
-589.780000
-595.920000
-590.900000
-600.530000
-643.100000
-688.260000
-689.800000
-685.720000
-681.370000
-680.830000
-696.080000
-684.140000
-668.920000
-666.660000
-689.570000
-689.530000
-774.160000
-770.970000
-740.550000
-713.210000
-739.060000
-758.880000
-749.650000
-765.940000
-773.150000
-922.290000
-921.270000
-911.720000
-939.650000
-947.870000
-912.510000
-910.330000
-910.000000
-878.660000
-887.400000
-877.980000
-868.990000
-868.990000
-868.990000
-868.990000
-868.990000
-868.990000
-868.990000
-868.990000
-868.990000
-868.990000
-868.990000
-868.990000
-868.990000
-868.990000
-868.990000
-868.990000
-868.990000
-868.990000
-868.990000
-868.990000
-868.990000
-868.990000
-866.490000
-879.900000
-889.520000
-874.450000
-893.560000
-904.870000
-902.470000
-907.930000
-906.860000
-907.700000
-896.760000
-870.360000
-912.180000
-914.310000
-933.070000
-890.340000
-881.710000
-915.450000
-911.770000
-911.770000
-911.770000
-911.770000
-911.770000
-911.770000
-911.770000
-911.770000
-911.770000
-911.770000
-911.770000
-911.770000
-911.770000
-911.770000
-911.770000
-911.770000
-911.770000
-911.770000
-911.770000
-911.770000
-911.770000
-990.630000
-1013.340000
-1054.580000
-1030.220000
-1075.360000
-1081.720000
-1077.580000
-1107.020000
-1116.190000
-1119.050000
-1114.460000
-1052.260000
-1049.240000
-1077.040000
-1075.320000
-1051.000000
-966.340000
-935.200000
-889.000000
-859.390000
-788.510000
-804.870000
-768.690000
-766.690000
-766.690000
-766.690000
-766.690000
-766.690000
-766.690000
-766.690000
-766.690000
-766.690000
-766.690000
-766.690000
-766.690000
-766.690000
-766.690000
-766.690000
-766.690000
-766.690000
-766.690000
-766.690000
-766.690000
-766.690000
-766.690000
-766.690000
-766.690000
-766.690000
-766.690000
-766.690000
-766.690000
-766.690000
-766.690000
-766.690000
-766.690000
-766.690000
-766.690000
-766.690000
-766.690000
-766.690000
-766.690000
-766.690000
-766.690000
-766.690000
-766.690000
-766.690000
-766.690000
-766.690000
-766.690000
-766.690000
-766.690000
-766.690000
-766.690000
-766.690000
-766.690000
-766.690000
-766.690000
-766.690000
-766.690000
-766.690000
-766.690000
-766.690000
-766.690000
-766.690000
-766.690000
-766.690000
-766.690000
-766.690000
-766.690000
-766.690000
-766.690000
-766.690000
-766.690000
-766.690000
-766.690000
-766.690000
-766.690000
-766.690000
-766.690000
-766.690000
-766.690000
-766.690000
-766.690000
-766.690000
-766.690000
-766.690000
-766.690000
-766.690000
-766.690000
-766.690000
-766.690000
-766.690000
-766.690000
-766.690000
-766.690000
-766.690000
-766.690000
-766.690000
-766.690000
-766.690000
-766.690000
-766.690000
-766.690000
-766.690000
-766.690000
-766.690000
-766.690000
-766.690000
-766.690000
-766.690000
-766.690000
-766.690000
-766.690000
-766.690000
-766.690000
-766.690000
-766.690000
-766.690000
-766.690000
-766.690000
-766.690000
-766.690000
-766.690000
-766.690000
-766.690000
-766.690000
-766.690000
-766.690000
-766.690000
-766.690000
-766.690000
-766.690000
-766.690000
-766.690000
-766.690000
-766.690000
-766.690000
-766.690000
-766.690000
-766.690000
-766.690000
-766.690000
-766.690000
-766.690000
-766.690000
-766.690000
-766.690000
-766.690000
-766.690000
-766.690000
-766.690000
-766.690000
-766.690000
-766.690000
-766.690000
-766.690000
-766.690000
-766.690000
-766.690000
-766.690000
-766.690000
-766.690000
-766.690000
-766.690000
-766.690000
-766.690000
-766.690000
-766.690000
-766.690000
-766.690000
-766.690000
-766.690000
-766.690000
-766.690000
-766.690000
-766.690000
-766.690000
-766.690000
-766.690000
-766.690000
-766.690000
-766.690000
-766.690000
-766.690000
-766.690000
-766.690000
-766.690000
-766.690000
-766.690000
-766.690000
-766.690000
-766.690000
-766.690000
-766.690000
-766.690000
-766.690000
-766.690000
-766.690000
-766.690000
-766.690000
-766.690000
-766.690000
-766.690000
-766.690000
-766.690000
-766.690000
-766.690000
-766.690000
-766.690000
-766.690000
-766.690000
-766.690000
-766.690000
-766.690000
-766.690000
-766.690000
-766.690000
-766.690000
-766.690000
-766.690000
-766.690000
-766.690000
-766.690000
-766.690000
-766.690000
-766.690000
-766.690000
-766.690000
-766.690000
-766.690000
-766.690000
-766.690000
-766.690000
-766.690000
-766.690000
-766.690000
-766.690000
-766.690000
-766.690000
-766.690000
-766.690000
-766.690000
-766.690000
-766.690000
-766.690000
-766.690000
-766.690000
-766.690000
-766.690000
-766.690000
-766.690000
-766.690000
-766.690000
-766.690000
-766.690000
-766.690000
-766.690000
-766.690000
-766.690000
-766.690000
-766.690000
-766.690000
-766.690000
-766.690000
-766.690000
-766.690000
-766.690000
-766.690000
-766.690000
-766.690000
-766.690000
-766.690000
-766.690000
-766.690000
-766.690000
-766.690000
-766.690000
-766.690000
-766.690000
-766.690000
-766.690000
-766.690000
-766.690000
-766.690000
-766.690000
-766.690000
-792.270000
-760.560000
-762.720000
-765.530000
-773.130000
-783.230000
-774.810000
-829.310000
-826.920000
-800.000000
-828.430000
-824.940000
-851.920000
-846.870000
-846.460000
-850.360000
-834.310000
-811.170000
-799.010000
-799.010000
-799.010000
-799.010000
-799.010000
-799.010000
-799.010000
-799.010000
-799.010000
-799.010000
-799.010000
-799.010000
-799.010000
-799.010000
-799.010000
-799.010000
-799.010000
-799.010000
-799.010000
-799.010000
-799.010000
-799.010000
-799.010000
-799.010000
-799.010000
-799.010000
-799.010000
-799.010000
-799.010000
-799.010000
-799.010000
-799.010000
-799.010000
-799.010000
-799.010000
-799.010000
-799.010000
-799.010000
-799.010000
-799.010000
-799.010000
-799.010000
-799.010000
-799.010000
-799.010000
-799.010000
-799.010000
-799.010000
-799.010000
-799.010000
-799.010000
-799.010000
-799.010000
-799.010000
-799.010000
-799.010000
-799.010000
-799.010000
-799.010000
-799.010000
-799.010000
-799.010000
-799.010000
-799.010000
-799.010000
-799.010000
-799.010000
-799.010000
-799.010000
-799.010000
-799.010000
-799.010000
-799.010000
-799.010000
-799.010000
-799.010000
-799.010000
-799.010000
-799.010000
-799.010000
-799.010000
-799.010000
-799.010000
-799.010000
-799.010000
-799.010000
-799.010000
-799.010000
-799.010000
-799.010000
-799.010000
-799.010000
-799.010000
-799.010000
-799.010000
-799.010000
-799.010000
-799.010000
-799.010000
-799.010000
-799.010000
-799.010000
-799.010000
-799.010000
-799.010000
-799.010000
-799.010000
-799.010000
-799.010000
-731.940000
-737.070000
-746.700000
-740.570000
-736.060000
-725.500000
-719.510000
-715.860000
-737.350000
-747.890000
-731.160000
-739.530000
-734.560000
-731.120000
-745.330000
-712.320000
-697.120000
-700.610000
-717.310000
-712.220000
-720.140000
-676.850000
-669.480000
-693.580000
-693.580000
-693.580000
-693.580000
-693.580000
-693.580000
-693.580000
-693.580000
-742.850000
-744.280000
-709.330000
-693.040000
-655.460000
-512.510000
-500.140000
-500.140000
-500.140000
-500.140000
-500.140000
-500.140000
-500.140000
-500.140000
-500.140000
-500.140000
-500.140000
-500.140000
-500.140000
-500.140000
-500.140000
-500.140000
-500.140000
-500.140000
-500.140000
-500.140000
-500.140000
-500.140000
-500.140000
-500.140000
-500.140000
-500.140000
-500.140000
-500.140000
-500.140000
-500.140000
-500.140000
-500.140000
-500.140000
-500.140000
-500.140000
-500.140000
-500.140000
-500.140000
-500.140000
-500.140000
-500.140000
-500.140000
-500.140000
-500.140000
-500.140000
-500.140000
-500.140000
-500.140000
-500.140000
-500.140000
-500.140000
-500.140000
-500.140000
-500.140000
-500.140000
-500.140000
-500.140000
-500.140000
-500.140000
-500.140000
-500.140000
-500.140000
-500.140000
-500.140000
-500.140000
-500.140000
-500.140000
-500.140000
-500.140000
-500.140000
-500.140000
-500.140000
-500.140000
-500.140000
-500.140000
-500.140000
-500.140000
-500.140000
-500.140000
-500.140000
-500.140000
-500.140000
-500.140000
-500.140000
-500.140000
-500.140000
-500.140000
-500.140000
-500.140000
-500.140000
-500.140000
-500.140000
-500.140000
-500.140000
-500.140000
-500.140000
-500.140000
-500.140000
-500.140000
-500.140000
-500.140000
-500.140000
-500.140000
-500.140000
-500.140000
-500.140000
-500.140000
-500.140000
-500.140000
-500.140000
-500.140000
-500.140000
-500.140000
-500.140000
-500.140000
-705.700000
-785.880000
-776.940000
-813.660000
-883.390000
-883.390000
-883.390000
-883.390000
-883.390000
-883.390000
-883.390000
-883.390000
-883.390000
-883.390000
-883.390000
-883.390000
-883.390000
-883.390000
-883.390000
-883.390000
-883.390000
-883.390000
-883.390000
-883.390000
-883.390000
-883.390000
-883.390000
-883.390000
-883.390000
-883.390000
-883.390000
-883.390000
-883.390000
-883.390000
-883.390000
-883.390000
-883.390000
-883.390000
-883.390000
-883.390000
-883.390000
-883.390000
-883.390000
-883.390000
-883.390000
-883.390000
-883.390000
-883.390000
-883.390000
-883.390000
-883.390000
-883.390000
-883.390000
-883.390000
-883.390000
-883.390000
-883.390000
-883.390000
-883.390000
-883.390000
-883.390000
-883.390000
-883.390000
-883.390000
-883.390000
-883.390000
-883.390000
-883.390000
-883.390000
-883.390000
-883.390000
-883.390000
-883.390000
-883.390000
-883.390000
-883.390000
-883.390000
-883.390000
-883.390000
-883.390000
-883.390000
-883.390000
-883.390000
-883.390000
-883.390000
-883.390000
-883.390000
-883.390000
-883.390000
-883.390000
-883.390000
-883.390000
-883.390000
-883.390000
-883.390000
-883.390000
-883.390000
-883.390000
-883.390000
-883.390000
-883.390000
-883.390000
-883.390000
-883.390000
-883.390000
-883.390000
-883.390000
-883.390000
-883.390000
-883.390000
-883.390000
-883.390000
-883.390000
-883.390000
-883.390000
-883.390000
-883.390000
-883.390000
-883.390000
-883.390000
-863.050000
-867.770000
-883.270000
-903.360000
-903.960000
-911.410000
-923.320000
-933.350000
-943.520000
-934.100000
-930.260000
-953.940000
-945.100000
-939.780000
-928.190000
-925.010000
-918.560000
-902.470000
-900.550000
-900.550000
-900.550000
-900.550000
-900.550000
-900.550000
-900.550000
-900.550000
-900.550000
-900.550000
-900.550000
-900.550000
-900.550000
-900.550000
-900.550000
-900.550000
-900.550000
-900.550000
-900.550000
-900.550000
-900.550000
-900.550000
-900.550000
-900.550000
-900.550000
-900.550000
-900.550000
-900.550000
-900.550000
-900.550000
-900.550000
-900.550000
-900.550000
-900.550000
-900.550000
-900.550000
-900.550000
-900.550000
-900.550000
-900.550000
-900.550000
-900.550000
-900.550000
-900.550000
-900.550000
-900.550000
-900.550000
-900.550000
-900.550000
-900.550000
-900.550000
-900.550000
-900.550000
-900.550000
-900.550000
-900.550000
-900.550000
-900.550000
-900.550000
-900.550000
-900.550000
-900.550000
-900.550000
-900.550000
-900.550000
-900.550000
-900.550000
-900.550000
-900.550000
-900.550000
-900.550000
-900.550000
-915.660000
-936.370000
-961.470000
-861.970000
-822.740000
-830.290000
-914.720000
-883.550000
-902.720000
-905.260000
-902.900000
-874.950000
-819.860000
-801.540000
-788.060000
-759.550000
-768.950000
-756.470000
-747.140000
-751.170000
-761.600000
-771.250000
-749.260000
-743.310000
-711.470000
-691.940000
-709.870000
-693.050000
-691.460000
-735.420000
-735.420000
-735.420000
-735.420000
-735.420000
-735.420000
-735.420000
-735.420000
-735.420000
-735.420000
-735.420000
-735.420000
-735.420000
-735.420000
-735.420000
-735.420000
-735.420000
-735.420000
-735.420000
-735.420000
-735.420000
-735.420000
-735.420000
-735.420000
-735.420000
-735.420000
-735.420000
-735.420000
-735.420000
-735.420000
-735.420000
-735.420000
-735.420000
-735.420000
-735.420000
-735.420000
-735.420000
-735.420000
-735.420000
-735.420000
-735.420000
-735.420000
-735.420000
-735.420000
-735.420000
-735.420000
-735.420000
-735.420000
-735.420000
-735.420000
-735.420000
-735.420000
-735.420000
-735.420000
-735.420000
-735.420000
-735.420000
-735.420000
-735.420000
-735.420000
-735.420000
-735.420000
-735.420000
-735.420000
-735.420000
-735.420000
-735.420000
-735.420000
-735.420000
-735.420000
-735.420000
-735.420000
-735.420000
-735.420000
-735.420000
-735.420000
-735.420000
-735.420000
-735.420000
-735.420000
-735.420000
-735.420000
-735.420000
-735.420000
-735.420000
-735.420000
-735.420000
-735.420000
-735.420000
-735.420000
-735.420000
-735.420000
-735.420000
-735.420000
-735.420000
-735.420000
-735.420000
-735.420000
-735.420000
-735.420000
-735.420000
-735.420000
-735.420000
-735.420000
-735.420000
-735.420000
-735.420000
-735.420000
-735.420000
-735.420000
-735.420000
-735.420000
-735.420000
-735.420000
-735.420000
-735.420000
-735.420000
-735.420000
-735.420000
-735.420000
-735.420000
-735.420000
-735.420000
-735.420000
-735.420000
-735.420000
-735.420000
-735.420000
-735.420000
-735.420000
-735.420000
-735.420000
-735.420000
-735.420000
-735.420000
-735.420000
-735.420000
-735.420000
-735.420000
-735.420000
-735.420000
-735.420000
-735.420000
-735.420000
-735.420000
-735.420000
-735.420000
-735.420000
-735.420000
-735.420000
-735.420000
-735.420000
-735.420000
-735.420000
-735.420000
-735.420000
-735.420000
-735.420000
-735.420000
-735.420000
-735.420000
-735.420000
-735.420000
-735.420000
-735.420000
-735.420000
-735.420000
-735.420000
-735.420000
-735.420000
-735.420000
-735.420000
-735.420000
-735.420000
-735.420000
-735.420000
-735.420000
-735.420000
-735.420000
-735.420000
-735.420000
-735.420000
-735.420000
-735.420000
-735.420000
-735.420000
-735.420000
-735.420000
-735.420000
-735.420000
-735.420000
-735.420000
-735.420000
-735.420000
-735.420000
-735.420000
-735.420000
-735.420000
-735.420000
-735.420000
-735.420000
-735.420000
-735.420000
-735.420000
-735.420000
-735.420000
-735.420000
-735.420000
-735.420000
-735.420000
-735.420000
-735.420000
-735.420000
-735.420000
-735.420000
-735.420000
-735.420000
-735.420000
-735.420000
-735.420000
-735.420000
-735.420000
-735.420000
-735.420000
-735.420000
-735.420000
-735.420000
-735.420000
-735.420000
-735.420000
-735.420000
-735.420000
-735.420000
-735.420000
-735.420000
-735.420000
-735.420000
-735.420000
-735.420000
-735.420000
-735.420000
-735.420000
-735.420000
-735.420000
-735.420000
-735.420000
-735.420000
-735.420000
-735.420000
-735.420000
-725.880000
-643.840000
-675.400000
-734.410000
-738.990000
-724.490000
-768.450000
-762.740000
-727.980000
-720.700000
-756.010000
-724.840000
-707.000000
-833.090000
-844.380000
-862.830000
-795.310000
-770.520000
-792.290000
-792.290000
-792.290000
-792.290000
-792.290000
-792.290000
-792.290000
-792.290000
-792.290000
-792.290000
-792.290000
-792.290000
-792.290000
-792.290000
-792.290000
-792.290000
-792.290000
-792.290000
-792.290000
-792.290000
-792.290000
-792.290000
-792.290000
-792.290000
-792.290000
-792.290000
-792.290000
-792.290000
-792.290000
-792.290000
-792.290000
-792.290000
-792.290000
-792.290000
-792.290000
-792.290000
-792.290000
-792.290000
-792.290000
-792.290000
-792.290000
-792.290000
-792.290000
-792.290000
-792.290000
-792.290000
-792.290000
-792.290000
-792.290000
-792.290000
-792.290000
-792.290000
-792.290000
-792.290000
-792.290000
-792.290000
-792.290000
-792.290000
-792.290000
-792.290000
-792.290000
-792.290000
-792.290000
-792.290000
-802.510000
-840.730000
-845.910000
-861.750000
-873.530000
-885.150000
-903.600000
-926.100000
-908.340000
-930.490000
-974.450000
-997.160000
-984.340000
-998.170000
-929.580000
-922.240000
-915.190000
-901.660000
-899.170000
-899.170000
-899.170000
-899.170000
-899.170000
-899.170000
-899.170000
-899.170000
-899.170000
-899.170000
-899.170000
-899.170000
-899.170000
-899.170000
-899.170000
-899.170000
-899.170000
-899.170000
-899.170000
-899.170000
-899.170000
-899.170000
-899.170000
-899.170000
-899.170000
-899.170000
-899.170000
-899.170000
-899.170000
-899.170000
-899.170000
-899.170000
-899.170000
-899.170000
-899.170000
-899.170000
-899.170000
-899.170000
-899.170000
-899.170000
-899.170000
-899.170000
-899.170000
-899.170000
-899.170000
-899.170000
-899.170000
-899.170000
-899.170000
-899.170000
-899.170000
-899.170000
-899.170000
-899.170000
-899.170000
-899.170000
-899.170000
-899.170000
-899.170000
-899.170000
-899.170000
-899.170000
-899.170000
-899.170000
-899.170000
-899.170000
-899.170000
-899.170000
-899.170000
-899.170000
-899.170000
-899.170000
-899.170000
-899.170000
-899.170000
-899.170000
-899.170000
-899.170000
-899.170000
-899.170000
-899.170000
-899.170000
-899.170000
-899.170000
-899.170000
-899.170000
-899.170000
-899.170000
-899.170000
-899.170000
-899.170000
-899.170000
-899.170000
-899.170000
-899.170000
-899.170000
-899.170000
-899.170000
-899.170000
-899.170000
-899.170000
-899.170000
-899.170000
-899.170000
-899.170000
-899.170000
-899.170000
-899.170000
-899.170000
-899.170000
-899.170000
-899.170000
-899.170000
-899.170000
-899.170000
-899.170000
-899.170000
-900.990000
-913.580000
-908.830000
-902.080000
-892.340000
-881.200000
-917.190000
-918.440000
-908.240000
-936.690000
-937.270000
-936.270000
-902.120000
-917.050000
-915.490000
-898.780000
-896.430000
-881.840000
-888.600000
-905.720000
-905.720000
-905.720000
-905.720000
-905.720000
-905.720000
-905.720000
-915.370000
-907.540000
-909.500000
-860.730000
-880.830000
-867.140000
-846.280000
-866.690000
-846.810000
-837.360000
-851.630000
-855.270000
-886.320000
-890.600000
-894.500000
-877.380000
-919.330000
-911.720000
-911.410000
-911.410000
-911.410000
-911.410000
-911.410000
-911.410000
-911.410000
-911.410000
-911.410000
-911.410000
-911.410000
-911.750000
-896.330000
-899.710000
-903.940000
-908.770000
-929.350000
-932.850000
-923.610000
-940.560000
-939.500000
-928.760000
-931.830000
-958.510000
-969.530000
-1004.500000
-1003.360000
-1040.470000
-1031.510000
-1036.780000
-1036.780000
-1036.780000
-1036.780000
-1036.780000
-1036.780000
-1036.780000
-1036.780000
-1036.780000
-1036.780000
-1036.780000
-1036.780000
-1036.780000
-1036.780000
-1036.780000
-1036.780000
-1036.780000
-1036.780000
-1036.780000
-1036.780000
-1036.780000
-1036.780000
-1036.780000
-1036.780000
-1036.780000
-1036.780000
-1036.780000
-1036.780000
-1036.780000
-1036.780000
-1036.780000
-1036.780000
-1036.780000
-1036.780000
-1036.780000
-1036.780000
-1036.780000
-1036.780000
-1036.780000
-1036.780000
-1036.780000
-1036.780000
-1009.220000
-978.230000
-958.910000
-975.780000
-942.340000
-1054.860000
-1039.600000
-1028.620000
-1102.210000
-1163.350000
-1132.330000
-1160.810000
-1210.480000
-1172.070000
-1105.150000
-1098.210000
-1032.090000
-1047.870000
-1070.680000
-1070.680000
-1070.680000
-1070.680000
-1070.680000
-1070.680000
-1070.680000
-1070.680000
-1070.680000
-1070.680000
-1070.680000
-1091.910000
-1100.540000
-1130.580000
-1170.700000
-1272.110000
-1223.610000
-1229.050000
-1164.400000
-1176.700000
-1158.700000
-1147.090000
-1155.220000
-1258.790000
-1248.290000
-1436.340000
-1444.900000
-1459.290000
-1459.290000
-1422.180000
-1320.510000
-1323.180000
-1390.120000
-1440.520000
-1271.440000
-1201.890000
-1222.340000
-1189.350000
-1152.250000
-1135.270000
-1155.290000
-1107.280000
-1067.980000
-1067.980000
-1067.980000
-1067.980000
-1067.980000
-1067.980000
-1067.980000
-1067.980000
-1067.980000
-1067.980000
-1067.980000
-1067.980000
-1067.980000
-1067.980000
-1067.980000
-1067.980000
-1067.980000
-1067.980000
-1067.980000
-1067.980000
-1067.980000
-1067.980000
-1067.980000
-1067.980000
-1067.980000
-1067.980000
-1067.980000
-1067.980000
-1067.980000
-1067.980000
-1067.980000
-1067.980000
-1067.980000
-1067.980000
-1067.980000
-1067.980000
-1067.980000
-1067.980000
-1067.980000
-1067.980000
-1067.980000
-1067.980000
-1067.980000
-1067.980000
-1067.980000
-1067.980000
-1067.980000
-1067.980000
-1067.980000
-1067.980000
-1067.980000
-1067.980000
-1067.980000
-1067.980000
-1067.980000
-1067.980000
-1067.980000
-1067.980000
-1067.980000
-1067.980000
-1067.980000
-1067.980000
-1067.980000
-1067.980000
-1067.980000
-1067.980000
-1067.980000
-1092.490000
-1077.470000
-1051.380000
-975.490000
-943.250000
-929.320000
-965.800000
-915.600000
-917.380000
-922.750000
-925.690000
-842.840000
-844.240000
-766.130000
-761.160000
-761.160000
-761.160000
-761.160000
-761.160000
-761.160000
-761.160000
-761.160000
-761.160000
-761.160000
-761.160000
-761.160000
-761.160000
-761.160000
-761.160000
-761.160000
-761.160000
-761.160000
-761.160000
-761.160000
-761.160000
-761.160000
-761.160000
-761.160000
-761.160000
-761.160000
-761.160000
-761.160000
-761.160000
-761.160000
-761.160000
-761.160000
-761.160000
-761.160000
-761.160000
-761.160000
-761.160000
-761.160000
-761.160000
-761.160000
-761.160000
-761.160000
-761.160000
-761.160000
-761.160000
-761.160000
-761.160000
-761.160000
-761.160000
-761.160000
-761.160000
-761.160000
-761.160000
-761.160000
-761.160000
-761.160000
-761.160000
-761.160000
-761.160000
-761.160000
-761.160000
-761.160000
-761.160000
-761.160000
-761.160000
-761.160000
-761.160000
-761.160000
-761.160000
-761.160000
-761.160000
-761.160000
-761.160000
-761.160000
-761.160000
-761.160000
-752.480000
-780.400000
-757.390000
-776.250000
-773.200000
-782.220000
-761.450000
-751.680000
-733.370000
-724.170000
-696.590000
-682.560000
-659.470000
-666.730000
-670.770000
-677.740000
-687.520000
-661.180000
-685.450000
-691.250000
-703.380000
-703.380000
-703.380000
-703.380000
-832.970000
-832.970000
-832.970000
-832.970000
-832.970000
-832.970000
-797.480000
-820.780000
-808.410000
-843.560000
-865.910000
-910.530000
-930.710000
-954.200000
-974.700000
-979.230000
-918.880000
-940.290000
-972.390000
-1024.040000
-1037.220000
-1052.450000
-1057.500000
-1060.230000
-1020.670000
-1020.670000
-1020.670000
-1020.670000
-1020.670000
-1020.670000
-1020.670000
-1020.670000
-1020.670000
-1020.670000
-1020.670000
-1020.670000
-1020.670000
-1020.670000
-1020.670000
-1020.670000
-1020.670000
-1020.670000
-1020.670000
-1020.670000
-1020.670000
-1020.670000
-1020.670000
-1020.670000
-1020.670000
-1020.670000
-1020.670000
-1020.670000
-1020.670000
-1020.670000
-863.430000
-827.610000
-840.700000
-844.810000
-846.190000
-865.490000
-866.360000
-871.020000
-847.130000
-808.190000
-751.040000
-782.410000
-817.910000
-793.750000
-780.270000
-746.350000
-780.030000
-780.030000
-780.030000
-780.030000
-780.030000
-780.030000
-780.030000
-780.030000
-780.030000
-723.910000
-774.350000
-650.130000
-682.250000
-682.250000
-682.250000
-682.250000
-682.250000
-682.250000
-682.250000
-682.250000
-682.250000
-682.250000
-682.250000
-682.250000
-682.250000
-682.250000
-682.250000
-682.250000
-682.250000
-682.250000
-682.250000
-682.250000
-682.250000
-682.250000
-682.250000
-682.250000
-682.250000
-682.250000
-682.250000
-682.250000
-682.250000
-682.250000
-682.250000
-682.250000
-682.250000
-682.250000
-682.250000
-682.250000
-682.250000
-682.250000
-682.250000
-682.250000
-682.250000
-682.250000
-682.250000
-682.250000
-682.250000
-682.250000
-682.250000
-682.250000
-682.250000
-682.250000
-682.250000
-682.250000
-682.250000
-682.250000
-682.250000
-682.250000
-682.250000
-682.250000
-682.250000
-682.250000
-682.250000
-682.250000
-682.250000
-682.250000
-682.250000
-682.250000
-682.250000
-682.250000
-682.250000
-682.250000
-682.250000
-682.250000
-682.250000
-682.250000
-682.250000
-682.250000
-682.250000
-682.250000
-682.250000
-682.250000
-682.250000
-682.250000
-682.250000
-682.250000
-682.250000
-682.250000
-682.250000
-682.250000
-682.250000
-682.250000
-682.250000
-682.250000
-682.250000
-682.250000
-682.250000
-682.250000
-682.250000
-682.250000
-682.250000
-682.250000
-682.250000
-682.250000
-682.250000
-682.250000
-682.250000
-682.250000
-682.250000
-682.250000
-682.250000
-716.580000
-745.740000
-768.960000
-764.600000
-750.130000
-721.300000
-730.120000
-762.190000
-841.010000
-791.840000
-790.800000
-786.580000
-762.560000
-741.940000
-754.270000
-724.500000
-690.650000
-632.710000
-647.070000
-647.070000
-647.070000
-647.070000
-647.070000
-647.070000
-647.070000
-647.070000
-647.070000
-647.070000
-647.070000
-647.070000
-647.070000
-647.070000
-647.070000
-647.070000
-647.070000
-647.070000
-647.070000
-647.070000
-647.070000
-647.070000
-647.070000
-647.070000
-647.070000
-647.070000
-647.070000
-647.070000
-647.070000
-647.070000
-647.070000
-647.070000
-647.070000
-647.070000
-647.070000
-647.070000
-647.070000
-647.070000
-647.070000
-647.070000
-647.070000
-647.070000
-647.070000
-647.070000
-647.070000
-647.070000
-647.070000
-647.070000
-647.070000
-691.340000
-703.870000
-666.310000
-517.260000
-531.660000
-599.740000
-599.740000
-599.740000
-599.740000
-599.740000
-599.740000
-599.740000
-599.740000
-599.740000
-599.740000
-599.740000
-599.740000
-599.740000
-599.740000
-599.740000
-599.740000
-599.740000
-599.740000
-599.740000
-599.740000
-599.740000
-599.740000
-599.740000
-599.740000
-599.740000
-599.740000
-599.740000
-599.740000
-599.740000
-599.740000
-599.740000
-599.740000
-599.740000
-599.740000
-599.740000
-599.740000
-599.740000
-599.740000
-599.740000
-599.740000
-599.740000
-599.740000
-599.740000
-599.740000
-599.740000
-599.740000
-599.740000
-599.740000
-599.740000
-599.740000
-599.740000
-599.740000
-599.740000
-599.740000
-599.740000
-599.740000
-599.740000
-599.740000
-599.740000
-599.740000
-599.740000
-599.740000
-599.740000
-599.740000
-599.740000
-599.740000
-599.740000
-599.740000
-599.740000
-599.740000
-599.740000
-599.740000
-599.740000
-599.740000
-599.740000
-599.740000
-599.740000
-599.740000
-599.740000
-599.740000
-599.740000
-599.740000
-599.740000
-672.250000
-679.560000
-560.370000
-532.110000
-510.670000
-488.980000
-412.940000
-291.930000
-307.930000
-150.380000
-150.380000
-150.380000
-150.380000
-150.380000
-150.380000
-150.380000
-150.380000
-150.380000
-150.380000
-150.380000
-150.380000
-150.380000
-150.380000
-150.380000
-150.380000
-150.380000
-150.380000
-150.380000
-150.380000
-150.380000
-150.380000
-150.380000
-150.380000
-150.380000
-150.380000
-150.380000
-150.380000
-150.380000
-150.380000
-150.380000
-150.380000
-150.380000
-150.380000
-150.380000
-150.380000
-150.380000
-150.380000
-150.380000
-150.380000
-150.380000
-150.380000
-150.380000
-150.380000
-150.380000
-150.380000
-150.380000
-150.380000
-150.380000
-150.380000
-150.380000
-150.380000
-150.380000
-150.380000
-150.380000
-150.380000
-150.380000
-150.380000
-150.380000
-150.380000
-150.380000
-150.380000
-150.380000
-150.380000
-150.380000
-150.380000
-150.380000
-150.380000
-150.380000
-150.380000
-150.380000
-150.380000
-150.380000
-150.380000
-150.380000
-150.380000
-150.380000
-150.380000
-150.380000
-150.380000
-150.380000
-150.380000
-150.380000
-150.380000
-150.380000
-150.380000
-150.380000
-150.380000
-150.380000
-150.380000
-150.380000
-150.380000
-150.380000
-150.380000
-150.380000
-150.380000
-150.380000
-150.380000
-150.380000
-150.380000
-150.380000
-150.380000
-150.380000
-150.380000
-150.380000
-150.380000
-150.380000
-150.380000
-150.380000
-150.380000
-150.380000
-150.380000
-150.380000
-150.380000
-150.380000
-150.380000
-150.380000
-150.380000
-150.380000
-150.380000
-150.380000
-150.380000
-150.380000
-150.380000
-150.380000
-150.380000
-150.380000
-150.380000
-150.380000
-150.380000
-150.380000
-150.380000
-150.380000
-150.380000
-150.380000
-150.380000
-150.380000
-150.380000
-150.380000
-150.380000
-150.380000
-150.380000
-150.380000
-150.380000
-150.380000
-150.380000
-150.380000
-150.380000
-150.380000
-150.380000
-150.380000
-150.380000
-123.710000
-135.990000
-165.290000
-182.090000
-169.080000
-174.660000
-212.390000
-134.230000
-125.040000
-55.770000
11.310000
39.620000
18.200000
18.200000
18.200000
18.200000
18.200000
18.200000
18.200000
18.200000
18.200000
18.200000
18.200000
18.200000
18.200000
18.200000
18.200000
18.200000
18.200000
18.200000
18.200000
18.200000
18.200000
18.200000
18.200000
18.200000
18.200000
18.200000
18.200000
18.200000
18.200000
18.200000
18.200000
18.200000
18.200000
18.200000
18.200000
18.200000
18.200000
18.200000
18.200000
18.200000
18.200000
18.200000
18.200000
18.200000
18.200000
18.200000
18.200000
18.200000
18.200000
18.200000
18.200000
18.200000
18.200000
18.200000
18.200000
18.200000
18.200000
18.200000
18.200000
18.200000
18.200000
18.200000
18.200000
18.200000
18.200000
18.200000
18.200000
18.200000
18.200000
18.200000
18.200000
18.200000
18.200000
18.200000
18.200000
18.200000
18.200000
18.200000
18.200000
18.200000
18.200000
18.200000
18.200000
18.200000
18.200000
18.200000
18.200000
18.200000
18.200000
18.200000
18.200000
18.200000
72.990000
78.960000
134.760000
151.050000
147.570000
152.980000
112.670000
120.140000
38.640000
-0.550000
222.830000
173.750000
197.800000
187.950000
188.660000
147.460000
113.650000
203.590000
204.970000
150.700000
99.010000
133.390000
167.800000
105.360000
90.390000
148.010000
120.760000
114.080000
-117.740000
-117.740000
-115.900000
-93.440000
-72.800000
11.550000
12.740000
-59.610000
-25.360000
-99.610000
-65.360000
-169.550000
-128.490000
-151.080000
-177.680000
-128.450000
-113.840000
-73.870000
-42.170000
-47.500000
-74.760000
-45.030000
-16.350000
0.690000
-5.850000
12.500000
13.540000
-48.520000
-109.270000
-135.030000
-135.030000
-135.030000
-135.030000
-135.030000
-135.030000
-135.030000
-135.030000
-135.030000
-135.030000
-135.030000
-135.030000
-135.030000
-135.030000
-135.030000
-135.030000
-135.030000
-135.030000
-135.030000
-135.030000
-135.030000
-135.030000
-135.030000
-135.030000
-135.030000
-135.030000
-135.030000
-135.030000
-135.030000
-135.030000
-135.030000
-135.030000
-135.030000
-135.030000
-135.030000
-135.030000
-135.030000
-135.030000
-135.030000
-135.030000
-135.030000
-135.030000
-135.030000
-135.030000
-135.030000
-135.030000
-135.030000
-135.030000
-135.030000
-135.030000
-135.030000
-135.030000
-135.030000
-135.030000
-135.030000
-135.030000
-135.030000
-135.030000
-135.030000
-135.030000
-135.030000
-135.030000
-135.030000
-135.030000
-135.030000
-135.030000
-135.030000
-135.030000
-135.030000
-135.030000
-135.030000
-135.030000
-135.030000
-135.030000
-135.030000
-135.030000
-135.030000
-135.030000
-135.030000
-135.030000
-135.030000
-135.030000
-135.030000
-135.030000
-135.030000
-135.030000
-135.030000
-135.030000
-135.030000
-135.030000
-135.030000
-135.030000
-135.030000
-135.030000
-135.030000
-135.030000
-135.030000
-135.030000
-135.030000
-135.030000
-135.030000
-135.030000
-135.030000
-135.030000
-135.030000
-135.030000
-135.030000
-135.030000
-135.030000
-135.030000
-135.030000
-135.030000
-135.030000
-135.030000
-135.030000
-135.030000
-135.030000
-135.030000
-135.030000
-135.030000
-135.030000
-135.030000
-135.030000
-135.030000
-135.030000
-135.030000
-135.030000
-135.030000
-135.030000
-135.030000
-135.030000
-135.030000
-135.030000
-135.030000
-135.030000
-135.030000
-135.030000
-135.030000
-135.030000
-135.030000
-135.030000
-135.030000
-135.030000
-135.030000
-135.030000
-135.030000
-135.030000
-135.030000
-135.030000
-135.030000
-135.030000
-135.030000
-135.030000
-135.030000
-135.030000
-135.030000
-135.030000
-135.030000
-135.030000
-135.030000
-135.030000
-135.030000
-135.030000
-135.030000
-135.030000
-135.030000
-135.030000
-135.030000
-135.030000
-135.030000
-135.030000
-135.030000
-135.030000
-135.030000
-135.030000
-135.030000
-135.030000
-135.030000
-135.030000
-135.030000
-135.030000
-135.030000
-124.190000
-115.740000
-94.820000
-82.190000
-134.190000
-113.150000
-129.540000
-166.240000
-137.430000
-99.490000
-48.160000
-1.720000
-26.300000
43.990000
281.740000
281.740000
281.740000
281.740000
281.740000
281.740000
281.740000
281.740000
281.740000
281.740000
281.740000
281.740000
281.740000
281.740000
281.740000
281.740000
281.740000
281.740000
281.740000
281.740000
281.740000
281.740000
281.740000
281.740000
281.740000
281.740000
281.740000
281.740000
281.740000
281.740000
281.740000
281.740000
281.740000
281.740000
281.740000
281.740000
281.740000
281.740000
281.740000
281.740000
281.740000
281.740000
281.740000
281.740000
281.740000
281.740000
281.740000
281.740000
281.740000
281.740000
281.740000
281.740000
281.740000
281.740000
281.740000
281.740000
281.740000
281.740000
281.740000
281.740000
281.740000
281.740000
281.740000
281.740000
281.740000
281.740000
281.740000
281.740000
281.740000
281.740000
281.740000
281.740000
281.740000
281.740000
281.740000
281.740000
281.740000
281.740000
281.740000
281.740000
281.740000
281.740000
281.740000
281.740000
281.740000
281.740000
281.740000
281.740000
281.740000
281.740000
281.740000
281.740000
281.740000
281.740000
281.740000
281.740000
281.740000
281.740000
281.740000
281.740000
281.740000
281.740000
281.740000
281.740000
281.740000
281.740000
281.740000
281.740000
281.740000
281.740000
281.740000
281.740000
281.740000
281.740000
281.740000
281.740000
281.740000
281.740000
281.740000
281.740000
281.740000
281.740000
281.740000
281.740000
281.740000
281.740000
281.740000
281.740000
281.740000
281.740000
281.740000
281.740000
281.740000
281.740000
281.740000
281.740000
281.740000
281.740000
281.740000
281.740000
281.740000
281.740000
281.740000
281.740000
281.740000
281.740000
281.740000
281.740000
281.740000
281.740000
281.740000
281.740000
281.740000
281.740000
281.740000
281.740000
281.740000
281.740000
281.740000
281.740000
281.740000
281.740000
281.740000
281.740000
281.740000
281.740000
281.740000
281.740000
281.740000
281.740000
281.740000
281.740000
281.740000
281.740000
281.740000
281.740000
281.740000
281.740000
281.740000
281.740000
281.740000
281.740000
281.740000
281.740000
281.740000
281.740000
281.740000
281.740000
281.740000
281.740000
281.740000
281.740000
281.740000
281.740000
281.740000
281.740000
281.740000
281.740000
281.740000
281.740000
281.740000
281.740000
281.740000
281.740000
281.740000
281.740000
281.740000
281.740000
281.740000
281.740000
281.740000
281.740000
281.740000
281.740000
281.740000
281.740000
281.740000
281.740000
281.740000
281.740000
281.740000
281.740000
281.740000
281.740000
281.740000
281.740000
281.740000
281.740000
281.740000
281.740000
281.740000
281.740000
281.740000
281.740000
281.740000
281.740000
281.740000
281.740000
281.740000
281.740000
281.740000
281.740000
281.740000
281.740000
281.740000
281.740000
281.740000
281.740000
281.740000
281.740000
281.740000
281.740000
281.740000
281.740000
281.740000
281.740000
281.740000
281.740000
281.740000
281.740000
333.100000
534.310000
495.430000
580.440000
580.170000
530.620000
530.620000
530.620000
530.620000
530.620000
530.620000
530.620000
530.620000
530.620000
530.620000
530.620000
530.620000
530.620000
530.620000
530.620000
530.620000
530.620000
530.620000
530.620000
530.620000
530.620000
530.620000
530.620000
530.620000
530.620000
530.620000
530.620000
530.620000
530.620000
530.620000
530.620000
530.620000
530.620000
530.620000
530.620000
539.270000
461.100000
333.740000
364.500000
346.760000
287.140000
516.580000
430.790000
451.370000
474.750000
445.310000
450.490000
508.170000
506.070000
480.460000
664.370000
678.330000
670.960000
687.290000
695.020000
708.260000
734.760000
719.350000
729.160000
720.930000
684.030000
745.580000
829.890000
836.390000
805.030000
786.640000
883.420000
883.420000
883.420000
883.420000
883.420000
883.420000
883.420000
883.420000
883.420000
883.420000
883.420000
883.420000
883.420000
883.420000
883.420000
883.420000
883.420000
883.420000
883.420000
883.420000
883.420000
883.420000
883.420000
883.420000
883.420000
883.420000
883.420000
883.420000
883.420000
883.420000
883.420000
883.420000
883.420000
883.420000
883.420000
883.420000
883.420000
883.420000
1026.630000
1102.670000
1066.810000
1087.210000
1058.930000
1098.730000
1111.440000
1194.940000
1228.480000
1228.480000
1228.480000
1228.480000
1228.480000
1228.480000
1228.480000
1228.480000
1228.480000
1228.480000
1228.480000
1228.480000
1228.480000
1228.480000
1228.480000
1228.480000
1228.480000
1228.480000
1228.480000
1228.480000
1228.480000
1228.480000
1228.480000
1228.480000
1228.480000
1228.480000
1228.480000
1228.480000
1228.480000
1228.480000
1228.480000
1228.480000
1228.480000
1228.480000
1228.480000
1228.480000
1228.480000
1228.480000
1196.450000
1191.920000
1161.940000
1151.760000
1139.360000
1171.540000
1160.480000
1200.540000
1265.980000
1211.600000
1148.610000
1142.740000
1152.430000
1148.890000
1177.820000
1273.600000
1243.900000
1243.900000
1243.900000
1243.900000
1243.900000
1243.900000
1243.900000
1243.900000
1243.900000
1243.900000
1243.900000
1243.900000
1243.900000
1243.900000
1243.900000
1243.900000
1243.900000
1243.900000
1243.900000
1243.900000
1243.900000
1243.900000
1243.900000
1243.900000
1243.900000
1243.900000
1243.900000
1243.900000
1243.900000
1243.900000
1243.900000
1243.900000
1243.900000
1243.900000
1243.900000
1243.900000
1243.900000
1243.900000
1243.900000
1243.900000
1243.900000
1243.900000
1243.900000
1243.900000
1243.900000
1243.900000
1243.900000
1243.900000
1243.900000
1243.900000
1243.900000
1243.900000
1243.900000
1243.900000
1243.900000
1243.900000
1243.900000
1243.900000
1243.900000
1243.900000
1243.900000
1243.900000
1243.900000
1243.900000
1243.900000
1243.900000
1243.900000
1243.900000
1243.900000
1243.900000
1243.900000
1243.900000
1243.900000
1243.900000
1243.900000
1243.900000
1243.900000
1243.900000
1243.900000
1243.900000
1243.900000
1243.900000
1243.900000
1243.900000
1243.900000
1243.900000
1243.900000
1243.900000
1243.900000
1243.900000
1243.900000
1243.900000
1243.900000
1243.900000
1243.900000
1243.900000
1243.900000
1243.900000
1243.900000
1243.900000
1243.900000
1243.900000
1243.900000
1243.900000
1243.900000
1243.900000
1243.900000
1243.900000
1243.900000
1243.900000
1243.900000
1243.900000
1243.900000
1243.900000
1243.900000
1243.900000
1243.900000
1243.900000
1243.900000
1243.900000
1243.900000
1243.900000
1243.900000
1243.900000
1243.900000
1243.900000
1243.900000
1243.900000
1243.900000
1243.900000
1243.900000
1243.900000
1243.900000
1243.900000
1243.900000
1243.900000
1243.900000
1243.900000
1243.900000
1245.370000
1263.760000
1307.380000
1303.720000
1254.350000
1238.790000
1257.760000
1299.700000
1323.740000
1362.050000
1399.380000
1454.950000
1452.680000
1452.680000
1452.680000
1452.680000
1452.680000
1452.680000
1452.680000
1452.680000
1452.680000
1452.680000
1452.680000
1452.680000
1452.680000
1452.680000
1452.680000
1411.920000
1464.140000
1456.560000
1416.250000
1398.130000
1386.580000
1175.640000
1151.150000
1154.290000
1155.340000
1127.110000
1092.580000
1092.580000
1092.580000
1092.580000
1092.580000
1092.580000
1092.580000
1092.580000
1092.580000
1092.580000
1092.580000
1055.380000
1049.960000
964.700000
1043.300000
1002.370000
1026.960000
1070.090000
1046.900000
1056.400000
1065.420000
1075.790000
1175.130000
1162.760000
1162.760000
1162.760000
1162.760000
1162.760000
1162.760000
1162.760000
1162.760000
1162.760000
1162.760000
1162.760000
1162.760000
1162.760000
1162.760000
1162.760000
1162.760000
1162.760000
1162.760000
1162.760000
1162.760000
1162.760000
1162.760000
1162.760000
1162.760000
1162.760000
1162.760000
1162.760000
1162.760000
1162.760000
1162.760000
1162.760000
1162.760000
1162.760000
1162.760000
1162.760000
1162.760000
1162.760000
1162.760000
1162.760000
1162.760000
1162.760000
1162.760000
1162.760000
1162.760000
1162.760000
1162.760000
1162.760000
1162.760000
1162.760000
1162.760000
1162.760000
1162.760000
1162.760000
1162.760000
1162.760000
1162.760000
1162.760000
1162.760000
1162.760000
1162.760000
1162.760000
1162.760000
1162.760000
1162.760000
1162.760000
1162.760000
1162.760000
1162.760000
1162.760000
1162.760000
1162.760000
1162.760000
1162.760000
1162.760000
1162.760000
1162.760000
1162.760000
1162.760000
1162.760000
1162.760000
1162.760000
1162.760000
1162.760000
1162.760000
1162.760000
1162.760000
1162.760000
1162.760000
1162.760000
1162.760000
1162.760000
1162.760000
1184.010000
1255.390000
1335.310000
1276.160000
1276.160000
1276.160000
1276.160000
1276.160000
1276.160000
1276.160000
1276.160000
1276.160000
1276.160000
1276.160000
1276.160000
1276.160000
1276.160000
1276.160000
1276.160000
1276.160000
1276.160000
1276.160000
1276.160000
1276.160000
1276.160000
1276.160000
1276.160000
1276.160000
1276.160000
1276.160000
1276.160000
1276.160000
1276.160000
1276.160000
1276.160000
1276.160000
1276.160000
1276.160000
1276.160000
1276.160000
1276.160000
1276.160000
1276.160000
1276.160000
1276.160000
1276.160000
1276.160000
1276.160000
1276.160000
1276.160000
1276.160000
1049.400000
1033.340000
1072.360000
1104.740000
1082.350000
1039.830000
1035.910000
1078.510000
1060.760000
973.560000
972.390000
950.250000
950.250000
950.250000
950.250000
950.250000
950.250000
950.250000
950.250000
950.250000
950.250000
950.250000
950.250000
950.250000
950.250000
950.250000
950.250000
950.250000
950.250000
950.250000
950.250000
950.250000
950.250000
950.250000
950.250000
950.250000
950.250000
950.250000
950.250000
950.250000
950.250000
950.250000
950.250000
950.250000
950.250000
950.250000
950.250000
950.250000
950.250000
950.250000
950.250000
931.120000
978.710000
956.920000
961.020000
997.660000
894.630000
934.680000
956.300000
979.650000
1008.380000
985.840000
900.650000
1043.380000
931.540000
920.330000
988.070000
989.180000
958.940000
908.370000
908.370000
908.370000
908.370000
908.370000
908.370000
908.370000
830.580000
939.730000
978.480000
1017.550000
1044.240000
850.740000
840.530000
924.050000
907.100000
877.290000
848.900000
794.380000
810.640000
836.510000
979.000000
971.820000
938.050000
874.550000
861.710000
861.710000
861.710000
861.710000
861.710000
861.710000
861.710000
861.710000
861.710000
861.710000
861.710000
861.710000
861.710000
861.710000
861.710000
861.710000
861.710000
861.710000
861.710000
861.710000
861.710000
861.710000
861.710000
861.710000
861.710000
861.710000
861.710000
861.710000
861.710000
861.710000
861.710000
861.710000
861.710000
861.710000
861.710000
861.710000
861.710000
861.710000
861.710000
861.710000
861.710000
861.710000
861.710000
861.710000
861.710000
861.710000
861.710000
861.710000
861.710000
861.710000
861.710000
861.710000
861.710000
861.710000
861.710000
861.710000
861.710000
861.710000
861.710000
861.710000
861.710000
861.710000
861.710000
861.710000
861.710000
861.710000
861.710000
861.710000
861.710000
861.710000
861.710000
861.710000
861.710000
861.710000
861.710000
861.710000
861.710000
861.710000
861.710000
861.710000
861.710000
861.710000
861.710000
861.710000
952.820000
1082.490000
1206.930000
1206.930000
1206.930000
1206.930000
1206.930000
1206.930000
1206.930000
1206.930000
1206.930000
1206.930000
1206.930000
1206.930000
1206.930000
1206.930000
1206.930000
1206.930000
1206.930000
1206.930000
1206.930000
1206.930000
1206.930000
1206.930000
1206.930000
1206.930000
1206.930000
1206.930000
1206.930000
1206.930000
1206.930000
1206.930000
1206.930000
1206.930000
1206.930000
1206.930000
1206.930000
1206.930000
1206.930000
1206.930000
1206.930000
1206.930000
1206.930000
1206.930000
1206.930000
1206.930000
1206.930000
1206.930000
1206.930000
1206.930000
1206.930000
1206.930000
1206.930000
1206.930000
1206.930000
1206.930000
1206.930000
1206.930000
1206.930000
1206.930000
1206.930000
1206.930000
1206.930000
1206.930000
1206.930000
1206.930000
1206.930000
1206.930000
1206.930000
1206.930000
1206.930000
1206.930000
1206.930000
1206.930000
1206.930000
1206.930000
1206.930000
1206.930000
1206.930000
1206.930000
1206.930000
1206.930000
1206.930000
1206.930000
1206.930000
1206.930000
1206.930000
1206.930000
1206.930000
1206.930000
1206.930000
1206.930000
1344.480000
1307.920000
1278.870000
1280.700000
1273.220000
1259.850000
1210.520000
1178.120000
1174.830000
1180.000000
1162.580000
1151.720000
1147.120000
1149.620000
1172.920000
1122.260000
1159.640000
1179.220000
902.880000
901.830000
869.220000
870.400000
871.760000
879.400000
1112.080000
1071.480000
1041.700000
1013.900000
1049.260000
1090.620000
1053.960000
1076.800000
1134.440000
1137.360000
1141.160000
1170.070000
1264.720000
1262.420000
1306.840000
1345.840000
1345.840000
1345.840000
1345.840000
1345.840000
1345.840000
1345.840000
1345.840000
1345.840000
1345.840000
1345.840000
1345.840000
1345.840000
1345.840000
1345.840000
1345.840000
1345.840000
1345.840000
1345.840000
1345.840000
1345.840000
1345.840000
1345.840000
1345.840000
1345.840000
1345.840000
1345.840000
1345.840000
1345.840000
1345.840000
1345.840000
1345.840000
1345.840000
1345.840000
1380.960000
1357.120000
1345.900000
1335.500000
1342.720000
1347.980000
1317.120000
1295.930000
1323.380000
1313.440000
1291.070000
1296.750000
1281.440000
948.020000
948.020000
948.020000
948.020000
948.020000
948.020000
947.800000
936.740000
962.230000
955.510000
926.510000
921.750000
936.190000
872.100000
900.980000
897.270000
883.490000
857.420000
848.600000
806.450000
820.680000
847.750000
849.060000
869.710000
878.860000
878.860000
878.860000
878.860000
878.860000
878.860000
878.860000
878.860000
878.860000
878.860000
878.860000
878.860000
878.860000
878.860000
878.860000
878.860000
878.860000
878.860000
878.860000
878.860000
878.860000
878.860000
878.860000
878.860000
878.860000
878.860000
878.860000
878.860000
878.860000
878.860000
878.860000
878.860000
878.860000
878.860000
878.860000
878.860000
878.860000
878.860000
878.860000
878.860000
878.860000
878.860000
878.860000
878.860000
878.860000
878.860000
878.860000
878.860000
878.860000
878.860000
878.860000
878.860000
878.860000
878.860000
878.860000
878.860000
878.860000
878.860000
878.860000
878.860000
878.860000
878.860000
878.860000
878.860000
878.860000
878.860000
878.860000
878.860000
878.860000
878.860000
878.860000
878.860000
878.860000
878.860000
878.860000
878.860000
878.860000
878.860000
878.860000
878.860000
878.860000
878.860000
878.860000
878.860000
878.860000
878.860000
878.860000
878.860000
878.860000
878.860000
878.860000
902.280000
910.750000
870.900000
865.100000
887.360000
845.140000
919.720000
903.360000
895.760000
900.180000
913.320000
875.440000
887.880000
870.820000
886.730000
969.220000
954.120000
954.120000
954.120000
954.120000
954.120000
954.120000
954.120000
954.120000
954.120000
954.120000
954.120000
954.120000
954.120000
954.120000
954.120000
954.120000
954.120000
954.120000
954.120000
954.120000
954.120000
954.120000
954.120000
954.120000
954.120000
954.120000
954.120000
954.120000
954.120000
954.120000
954.120000
954.120000
954.120000
954.120000
954.120000
954.120000
954.120000
954.120000
954.120000
954.120000
954.120000
954.120000
954.120000
954.120000
954.120000
954.120000
954.120000
954.120000
954.120000
954.120000
954.120000
954.120000
954.120000
954.120000
954.120000
954.120000
954.120000
954.120000
954.120000
954.120000
954.120000
954.120000
954.120000
954.120000
954.120000
954.120000
954.120000
954.120000
954.120000
954.120000
954.120000
954.120000
954.120000
954.120000
954.120000
954.120000
954.120000
954.120000
954.120000
954.120000
954.120000
954.120000
954.120000
954.120000
954.120000
954.120000
954.120000
954.120000
954.120000
954.120000
954.120000
954.120000
954.120000
954.120000
954.120000
954.120000
954.120000
954.120000
954.120000
954.120000
954.120000
954.120000
954.120000
954.120000
954.120000
954.120000
954.120000
954.120000
954.120000
954.120000
954.120000
954.120000
954.120000
954.120000
954.120000
954.120000
954.120000
954.120000
954.120000
954.120000
954.120000
954.120000
954.120000
954.120000
954.120000
954.120000
954.120000
954.120000
954.120000
954.120000
954.120000
954.120000
954.120000
954.120000
954.120000
954.120000
954.120000
954.120000
954.120000
954.120000
954.120000
954.120000
954.120000
954.120000
954.120000
954.120000
954.120000
954.120000
954.120000
954.120000
954.120000
954.120000
954.120000
954.120000
954.120000
954.120000
954.120000
954.120000
954.120000
954.120000
954.120000
954.120000
954.120000
954.120000
954.120000
954.120000
954.120000
954.120000
954.120000
954.120000
954.120000
954.120000
954.120000
954.120000
954.120000
954.120000
954.120000
954.120000
954.120000
954.120000
954.120000
954.120000
954.120000
954.120000
954.120000
954.120000
954.120000
954.120000
954.120000
954.120000
954.120000
954.120000
954.120000
954.120000
954.120000
954.120000
954.120000
954.120000
954.120000
954.120000
954.120000
954.120000
954.120000
954.120000
954.120000
954.120000
954.120000
954.120000
952.700000
900.310000
908.180000
844.990000
845.910000
839.960000
819.820000
854.270000
847.680000
829.820000
827.920000
835.930000
876.000000
877.280000
860.390000
874.290000
894.190000
894.500000
874.110000
874.110000
874.110000
874.110000
874.110000
874.110000
874.110000
874.110000
874.110000
843.100000
833.520000
789.460000
792.550000
731.030000
695.350000
719.620000
796.750000
787.560000
796.910000
790.960000
783.000000
757.100000
754.310000
725.370000
737.850000
679.310000
619.290000
599.100000
599.100000
599.100000
599.100000
599.100000
599.100000
599.100000
599.100000
599.100000
599.100000
599.100000
599.100000
599.100000
599.100000
599.100000
599.100000
599.100000
599.100000
599.100000
599.100000
599.100000
599.100000
599.100000
599.100000
599.100000
599.100000
599.100000
599.100000
599.100000
599.100000
599.100000
599.100000
599.100000
599.100000
599.100000
599.100000
599.100000
599.100000
599.100000
599.100000
599.100000
599.100000
599.100000
599.100000
599.100000
599.100000
599.100000
599.100000
599.100000
599.100000
599.100000
599.100000
599.100000
599.100000
599.100000
599.100000
599.100000
599.100000
599.100000
599.100000
599.100000
599.100000
599.100000
599.100000
599.100000
599.100000
599.100000
599.100000
599.100000
599.100000
599.100000
599.100000
599.100000
599.100000
599.100000
599.100000
599.100000
599.100000
599.100000
599.100000
599.100000
599.100000
599.100000
599.100000
599.100000
599.100000
599.100000
599.100000
599.100000
599.100000
599.100000
599.100000
599.100000
599.100000
599.100000
599.100000
599.100000
599.100000
599.100000
599.100000
599.100000
599.100000
599.100000
599.100000
599.100000
599.100000
599.100000
599.100000
599.100000
599.100000
646.840000
672.610000
624.240000
630.980000
605.120000
660.580000
691.660000
707.840000
716.410000
681.420000
681.420000
681.420000
681.420000
681.420000
681.420000
681.420000
681.420000
681.420000
681.420000
681.420000
681.420000
681.420000
681.420000
681.420000
681.420000
681.420000
681.420000
681.420000
681.420000
681.420000
681.420000
681.420000
681.420000
681.420000
681.420000
681.420000
681.420000
681.420000
681.420000
681.420000
681.420000
681.420000
681.420000
681.420000
681.420000
681.420000
681.420000
681.420000
681.420000
681.420000
681.420000
681.420000
681.420000
681.420000
681.420000
681.420000
681.420000
681.420000
681.420000
681.420000
681.420000
681.420000
681.420000
681.420000
681.420000
681.420000
681.420000
681.420000
681.420000
681.420000
681.420000
681.420000
681.420000
681.420000
681.420000
681.420000
681.420000
681.420000
681.420000
681.420000
681.420000
694.720000
711.520000
749.930000
749.710000
773.300000
866.820000
937.320000
956.230000
1022.410000
1040.710000
1040.710000
1036.780000
1004.950000
1021.050000
1071.460000
1060.040000
1064.850000
1066.610000
1096.480000
1088.920000
1115.190000
1115.640000
1110.410000
1148.050000
1149.470000
1167.880000
1164.960000
1174.670000
1132.370000
1191.020000
1118.630000
1093.630000
1145.930000
1159.660000
1146.880000
1161.800000
1183.420000
1164.640000
1178.510000
1193.170000
1219.410000
1277.340000
1295.220000
1294.770000
1306.750000
1284.050000
1284.050000
1284.050000
1284.050000
1284.050000
1284.050000
1284.050000
1284.050000
1284.050000
1284.050000
1284.050000
1284.050000
1284.050000
1284.050000
1284.050000
1284.050000
1284.050000
1284.050000
1284.050000
1284.050000
1284.050000
1284.050000
1284.050000
1284.050000
1284.050000
1284.050000
1284.050000
1284.050000
1284.050000
1284.050000
1284.050000
1284.050000
1284.050000
1284.050000
1284.050000
1284.050000
1284.050000
1284.050000
1284.050000
1284.050000
1284.050000
1284.050000
1284.050000
1284.050000
1284.050000
1284.050000
1284.050000
1284.050000
1284.050000
1284.050000
1284.050000
1284.050000
1284.050000
1284.050000
1284.050000
1284.050000
1284.050000
1284.050000
1284.050000
1284.050000
1314.600000
1310.720000
1325.410000
1321.560000
1349.880000
1331.890000
1284.050000
1262.870000
1228.810000
1243.870000
1270.300000
1280.110000
1312.210000
1307.430000
1250.300000
1269.830000
1246.580000
1307.580000
1306.470000
1348.740000
1350.610000
1341.100000
1272.680000
1272.680000
1272.680000
1272.680000
1272.680000
1272.680000
1272.680000
1272.680000
1272.680000
1272.680000
1272.680000
1272.680000
1272.680000
1272.680000
1272.680000
1272.680000
1272.680000
1272.680000
1272.680000
1272.680000
1272.680000
1272.680000
1272.680000
1272.680000
1272.680000
1272.680000
1272.680000
1272.680000
1272.680000
1272.680000
1272.680000
1272.680000
1272.680000
1272.680000
1272.680000
1282.700000
1286.930000
1322.080000
1381.200000
1383.610000
1379.920000
1375.230000
1348.610000
1345.190000
1354.950000
1327.170000
1324.330000
1302.360000
1311.270000
1321.000000
1395.900000
1372.920000
1360.510000
1375.180000
1352.960000
1300.710000
1304.950000
1309.930000
1605.960000
1555.120000
1574.150000
1509.380000
1509.380000
1509.380000
1509.380000
1509.380000
1509.380000
1509.380000
1509.380000
1509.380000
1465.290000
1390.430000
1452.680000
1437.930000
1435.180000
1379.710000
1483.700000
1434.000000
1458.290000
1516.380000
1611.770000
1647.770000
1626.380000
1656.050000
1653.070000
1576.910000
1412.270000
1193.740000
1244.740000
1244.740000
1244.740000
1244.740000
1244.740000
1244.740000
1244.740000
1244.740000
1244.740000
1244.740000
1244.740000
1244.740000
1244.740000
1244.740000
1244.740000
1244.740000
1244.740000
1244.740000
1244.740000
1244.740000
1244.740000
1244.740000
1244.740000
1244.740000
1244.740000
1244.740000
1244.740000
1244.740000
1244.740000
1244.740000
1244.740000
1244.740000
1244.740000
1244.740000
1244.740000
1244.740000
1244.740000
1244.740000
1244.740000
1244.740000
1244.740000
1244.740000
1244.740000
1244.740000
1244.740000
1244.740000
1244.740000
1244.740000
1244.740000
1244.740000
1244.740000
1244.740000
1244.740000
1244.740000
1244.740000
1244.740000
1244.740000
1244.740000
1244.740000
1244.740000
1244.740000
1244.740000
1244.740000
1244.740000
1244.740000
1244.740000
1244.740000
1244.740000
1244.740000
1244.740000
1244.740000
1244.740000
1244.740000
1244.740000
1244.740000
1244.740000
1244.740000
1244.740000
1244.740000
1244.740000
1244.740000
1244.740000
1244.740000
1244.740000
1244.740000
1244.740000
1244.740000
1244.740000
1244.740000
1244.740000
1244.740000
1244.740000
1244.740000
1244.740000
1244.740000
1244.740000
1244.740000
1244.740000
1244.740000
1244.740000
1244.740000
1244.740000
1244.740000
1244.740000
1244.740000
1244.740000
1244.740000
1244.740000
1244.740000
1244.740000
1244.740000
1244.740000
1244.740000
1244.740000
1221.110000
1230.540000
1239.730000
1236.830000
1258.370000
1269.490000
1270.050000
1309.540000
1292.660000
1254.750000
1208.730000
1157.820000
1142.680000
1152.440000
1157.820000
1190.070000
1238.540000
1270.110000
1297.810000
1333.970000
1333.870000
1303.430000
1327.270000
1359.420000
1336.450000
1379.380000
1353.410000
1314.510000
1308.690000
1307.020000
1304.350000
1290.930000
1302.540000
1309.340000
1290.960000
1275.690000
1201.080000
1201.080000
1201.080000
1201.080000
1201.080000
1201.080000
1201.080000
1201.080000
1201.080000
1201.080000
1201.080000
1201.080000
1201.080000
1201.080000
1201.080000
1201.080000
1212.450000
1201.060000
1183.760000
1206.060000
1206.150000
1205.550000
1208.050000
1189.900000
1224.690000
1196.440000
1175.200000
1101.970000
1134.030000
1109.270000
1134.320000
1106.650000
1105.010000
1077.980000
1099.650000
1099.650000
1099.650000
1099.650000
1099.650000
1099.650000
1099.650000
1099.650000
1099.650000
1099.650000
1099.650000
1099.650000
1099.650000
1099.650000
1099.650000
1099.650000
1099.650000
1099.650000
1120.080000
1102.630000
1123.850000
1119.200000
1147.350000
1133.780000
1135.480000
1132.310000
1114.930000
1094.470000
1090.100000
1212.420000
1207.430000
1205.250000
1205.250000
1205.250000
1205.250000
1205.250000
1205.250000
1205.250000
1205.250000
1205.250000
1205.250000
1205.250000
1205.250000
1205.250000
1205.250000
1205.250000
1205.250000
1205.250000
1205.250000
1205.250000
1205.250000
1205.250000
1205.250000
1205.250000
1205.250000
1205.250000
1205.250000
1205.250000
1205.250000
1205.250000
1205.250000
1205.250000
1205.250000
1205.250000
1205.250000
1205.250000
1205.250000
1205.250000
1205.250000
1205.250000
1205.250000
1205.250000
1205.250000
1205.250000
1205.250000
1205.250000
1205.250000
1205.250000
1205.250000
1205.250000
1205.250000
1205.250000
1205.250000
1205.250000
1205.250000
1205.250000
1205.250000
1205.250000
1205.250000
1205.250000
1205.250000
1205.250000
1205.250000
1205.250000
1205.250000
1205.250000
1205.250000
1205.250000
1205.250000
1205.250000
1205.250000
1205.250000
1205.250000
1205.250000
1205.250000
1205.250000
1205.250000
1205.250000
1205.250000
1205.250000
1205.250000
1205.250000
1205.250000
1205.250000
1205.250000
1205.250000
1205.250000
1205.250000
1205.250000
1205.250000
1205.250000
1205.250000
1205.250000
1205.250000
1205.250000
1205.250000
1205.250000
1205.250000
1205.250000
1205.250000
1205.250000
1205.250000
1205.250000
1205.250000
1205.250000
1205.250000
1205.250000
1205.250000
1205.250000
1205.250000
1205.250000
1205.250000
1205.250000
1205.250000
1205.250000
1205.250000
1205.250000
1205.250000
1205.250000
1205.250000
1205.250000
1205.250000
1205.250000
1205.250000
1205.250000
1205.250000
1205.250000
1205.250000
1205.250000
1205.250000
1205.250000
1205.250000
1205.250000
1205.250000
1205.250000
1205.250000
1205.250000
1205.250000
1205.250000
1205.250000
1205.250000
1205.250000
1205.250000
1205.250000
1205.250000
1205.250000
1205.250000
1205.250000
1205.250000
1205.250000
1205.250000
1205.250000
1205.250000
1205.250000
1205.250000
1205.250000
1205.250000
1205.250000
1205.250000
1205.250000
1205.250000
1205.250000
1205.250000
1205.250000
1205.250000
1205.250000
1205.250000
1205.250000
1205.250000
1205.250000
1205.250000
1205.250000
1205.250000
1205.250000
1205.250000
1205.250000
1205.250000
1205.250000
1205.250000
1205.250000
1205.250000
1205.250000
1205.250000
1205.250000
1205.250000
1205.250000
1205.250000
1205.250000
1205.250000
1205.250000
1205.250000
1205.250000
1205.250000
1205.250000
1205.250000
1205.250000
1205.250000
1205.250000
1205.250000
1205.250000
1205.250000
1205.250000
1205.250000
1205.250000
1205.250000
1205.250000
1205.250000
1205.250000
1205.250000
1205.250000
1205.250000
1205.250000
1205.250000
1205.250000
1205.250000
1205.250000
1205.250000
1205.250000
1205.250000
1205.250000
1205.250000
1205.250000
1205.250000
1205.250000
1205.250000
1205.250000
1205.250000
1205.250000
1205.250000
1205.250000
1205.250000
1205.250000
1205.250000
1205.250000
1205.250000
1205.250000
1205.250000
1205.250000
1205.250000
1205.250000
1205.250000
1205.250000
1205.250000
1205.250000
1205.250000
1205.250000
1205.250000
1205.250000
1205.250000
1205.250000
1205.250000
1205.250000
1205.250000
1205.250000
1205.250000
1205.250000
1205.250000
1205.250000
1205.250000
1205.250000
1205.250000
1205.250000
1205.250000
1205.250000
1205.250000
1205.250000
1205.250000
1205.250000
1205.250000
1205.250000
1205.250000
1205.250000
1205.250000
1205.250000
1205.250000
1205.250000
1205.250000
1205.250000
1205.250000
1205.250000
1205.250000
1205.250000
1205.250000
1205.250000
1205.250000
1205.250000
1205.250000
1205.250000
1205.250000
1205.250000
1205.250000
1205.250000
1205.250000
1205.250000
1205.250000
1205.250000
1205.250000
1205.250000
1205.250000
1205.250000
1205.250000
1205.250000
1205.250000
1205.250000
1205.250000
1205.250000
1205.250000
1205.250000
1205.250000
1205.250000
1205.250000
1205.250000
1205.250000
1205.250000
1205.250000
1205.250000
1205.250000
1205.250000
1205.250000
1205.250000
1205.250000
1205.250000
1205.250000
1205.250000
1205.250000
1205.250000
1205.250000
1205.250000
1205.250000
1205.250000
1205.250000
1205.250000
1205.250000
1205.250000
1205.250000
1205.250000
1205.250000
1205.250000
1205.250000
1205.250000
1205.250000
1205.250000
1205.250000
1205.250000
1205.250000
1205.250000
1226.790000
1220.290000
1205.610000
1206.320000
1227.850000
1257.150000
1271.700000
1311.490000
1321.120000
1317.570000
1268.850000
1241.780000
1226.990000
1187.880000
1165.250000
1192.590000
1178.100000
1163.030000
1094.190000
1094.190000
1072.760000
1097.660000
1194.710000
1184.810000
1183.230000
1213.010000
1217.110000
1213.360000
1243.450000
1260.270000
1254.090000
1299.680000
1377.780000
1348.870000
1348.870000
1348.870000
1348.870000
1348.870000
1348.870000
1348.870000
1348.870000
1348.870000
1348.870000
1348.870000
1348.870000
1348.870000
1348.870000
1348.870000
1348.870000
1348.870000
1348.870000
1348.870000
1348.870000
1348.870000
1348.870000
1348.870000
1348.870000
1348.870000
1348.870000
1348.870000
1348.870000
1348.870000
1348.870000
1348.870000
1348.870000
1389.940000
1363.770000
1336.690000
1272.810000
1329.410000
1322.870000
1330.920000
1332.650000
1381.530000
1364.390000
1346.890000
1357.220000
1333.290000
1329.390000
1359.030000
1313.250000
1321.920000
1335.460000
1377.860000
1380.690000
1470.990000
1489.450000
1502.880000
1512.750000
1500.160000
1500.160000
1500.160000
1500.160000
1500.160000
1500.160000
1500.160000
1500.160000
1500.160000
1500.160000
1500.160000
1500.160000
1500.160000
1500.160000
1500.160000
1500.160000
1500.160000
1500.160000
1500.160000
1491.750000
1479.870000
1475.110000
1483.990000
1432.320000
1434.410000
1472.990000
1477.400000
1510.430000
1515.160000
1536.970000
1547.790000
1550.850000
1536.740000
1561.210000
1565.920000
1583.110000
1575.170000
1582.220000
1586.560000
1600.940000
1592.720000
1690.530000
1667.340000
1667.340000
1667.340000
1667.340000
1667.340000
1667.340000
1667.340000
1667.340000
1667.340000
1667.340000
1667.340000
1667.340000
1667.340000
1667.340000
1667.340000
1667.340000
1667.340000
1639.200000
1665.230000
1711.980000
1731.660000
1744.820000
1742.980000
1747.600000
1740.130000
1742.200000
1744.420000
1783.030000
1788.920000
1806.050000
1833.250000
1829.370000
1819.900000
1807.670000
1811.960000
1838.510000
1807.530000
1875.930000
1869.180000
1902.480000
1938.930000
1927.070000
1927.070000
1927.070000
1927.070000
1927.070000
1927.070000
1927.070000
1927.070000
1927.070000
1927.070000
1927.070000
1927.070000
1927.070000
1927.070000
1927.070000
1927.070000
1927.070000
1927.070000
1927.070000
1927.070000
1927.070000
1927.070000
1927.070000
1927.070000
1927.070000
1927.070000
1927.070000
1927.070000
1927.070000
1927.070000
1927.070000
1927.070000
1927.070000
1927.070000
1927.070000
1927.070000
1927.070000
1927.070000
1927.070000
1927.070000
1927.070000
1927.070000
1927.070000
1927.070000
1927.070000
1927.070000
1927.070000
1927.070000
1927.070000
1927.070000
1927.070000
1927.070000
1927.070000
1927.070000
1927.070000
1927.070000
1927.070000
1927.070000
1927.070000
1927.070000
1927.070000
1927.070000
1927.070000
1927.070000
1927.070000
1913.190000
2006.080000
1968.180000
1983.990000
1980.250000
2007.890000
1948.990000
1978.810000
1943.200000
1940.190000
1938.080000
1934.220000
1916.400000
1934.820000
1951.690000
1958.730000
1961.230000
1934.560000
1926.460000
1926.460000
1926.460000
1926.460000
1926.460000
1926.460000
1926.460000
1926.460000
1926.460000
1926.460000
1926.460000
1926.460000
1926.460000
1926.460000
1926.460000
1926.460000
1926.460000
1926.460000
1926.460000
1926.460000
1926.460000
1926.460000
1926.460000
1926.460000
1926.460000
1926.460000
1926.460000
1926.460000
1926.460000
1926.460000
1926.460000
1926.460000
1926.460000
1926.460000
1926.460000
1926.460000
1926.460000
1926.460000
1891.610000
1898.980000
1905.590000
1891.070000
1878.520000
1911.810000
1921.980000
1944.130000
2018.600000
2052.480000
2098.790000
2059.730000
2059.730000
2059.730000
2059.730000
2059.730000
2059.730000
2059.730000
2059.730000
2059.730000
2059.730000
2059.730000
2059.730000
2059.730000
2059.730000
2059.730000
2059.730000
2059.730000
2059.730000
2059.730000
2059.730000
2059.730000
2059.730000
2059.730000
2059.730000
2059.730000
2059.730000
2059.730000
2059.730000
2059.730000
2059.730000
2059.730000
2059.730000
2059.730000
2059.730000
2059.730000
2059.730000
2059.730000
2059.730000
2059.730000
2059.730000
2059.730000
2059.730000
2059.730000
2059.730000
2059.730000
2059.730000
2059.730000
2059.730000
2059.730000
2059.730000
2059.730000
2059.730000
2059.730000
2059.730000
2059.730000
2059.730000
2059.730000
2059.730000
2059.730000
2059.730000
