0.000000
0.000000
0.000000
0.000000
0.000000
0.000000
0.000000
0.000000
0.000000
0.000000
0.000000
0.000000
0.000000
0.000000
16.666672
15.470528
21.935074
19.962181
20.814400
34.517815
34.684563
38.559826
41.640244
52.886616
53.574802
44.673355
48.095024
45.703354
40.480751
38.176060
37.907883
35.407791
49.196651
48.673763
48.341763
49.935364
48.210514
55.229076
44.452881
45.389633
49.088112
39.536316
44.776566
42.700806
40.211472
46.105446
47.448544
47.772011
49.555389
48.551128
51.269016
53.783955
57.039852
57.576290
56.512371
57.597271
59.986217
60.934315
55.612816
52.642227
51.329906
47.356865
52.717060
56.504555
58.869942
56.657814
59.524200
53.861431
47.023483
54.270313
48.274288
46.350471
47.255920
42.961304
46.751469
45.529671
47.814350
50.828655
48.148857
49.000515
49.712132
41.328262
37.887661
44.683800
46.556030
47.427055
57.915810
61.203136
62.444271
60.364628
63.017452
62.607208
67.405914
66.314850
66.778137
56.522617
58.484406
61.179279
62.106419
64.085785
53.127644
55.226330
58.512798
68.805206
69.731812
70.079849
71.065186
67.579071
70.232765
71.354988
72.382797
70.645638
58.362694
63.304878
59.589230
64.718521
67.067215
66.080261
63.853981
65.340157
66.701172
64.212036
74.669533
74.809830
75.819466
80.061150
77.720505
77.784088
69.841454
64.475922
52.907490
47.904114
47.421165
41.457260
38.967751
33.065926
35.210052
35.842422
35.562080
39.470963
43.484055
42.276627
47.173603
42.198971
34.954414
35.118736
39.558464
44.828812
36.988785
34.215355
30.390091
30.390091
28.312180
28.105225
26.245796
25.505432
23.920006
19.379471
18.020004
21.096565
20.179085
20.797325
18.576401
33.221527
28.392593
31.519188
31.170219
41.136509
48.291168
41.482277
39.726089
39.491245
43.339005
47.287289
52.298775
57.375393
56.691444
55.503887
56.000187
59.412838
60.542805
61.221031
59.490513
57.271629
48.622505
53.390785
53.980473
50.537613
49.584015
47.914883
39.452621
28.804344
23.266724
36.137623
30.523636
34.440804
28.837685
29.417351
28.340050
34.681145
34.578171
35.506172
35.724365
41.383789
43.506321
43.425682
44.856609
49.414204
49.932388
44.882107
43.760578
47.744862
41.831203
45.522194
51.433689
51.223660
44.904427
44.352016
43.393860
51.707947
51.597656
53.621742
51.079262
53.882671
57.550262
61.760956
68.306427
72.038879
64.975525
60.702427
62.046429
60.802292
51.845791
51.539185
56.440178
63.429241
65.541946
66.053932
66.121689
62.749393
65.549789
64.283844
65.710190
67.569839
67.648560
61.243973
64.082092
66.390633
60.215889
50.695259
55.357403
57.963032
63.387566
52.914486
53.268318
46.993290
47.697029
44.261623
36.758438
36.360168
33.858078
38.084248
43.625862
43.292038
38.458939
47.378334
38.617413
45.709625
49.821312
51.149406
46.111168
48.486984
49.051411
47.067867
46.341351
42.351963
42.122250
40.316784
52.055771
51.430710
52.484032
53.212517
57.188564
55.168983
55.052662
57.467003
52.156902
55.573086
53.632313
53.381363
45.475494
48.566605
48.566605
46.791683
49.318298
53.337227
52.496651
54.181515
56.483021
54.516960
52.076801
53.712982
56.062782
51.327461
49.173824
52.477474
51.932194
50.981388
55.380219
51.405895
51.405895
54.616554
54.388912
52.732033
58.215328
48.844368
50.826771
57.709904
58.194668
70.120728
77.416481
77.416481
77.786514
74.082733
74.618637
76.136894
77.236679
77.965759
75.618332
62.735283
51.064964
50.495056
53.433388
54.942020
49.032310
38.661285
30.214668
23.466454
33.309525
31.632744
31.035721
31.415901
30.451721
29.595810
29.154564
32.557785
37.001945
34.626587
33.899269
33.478554
29.741890
27.234482
29.886826
27.510986
25.341507
25.276459
19.423843
36.779186
30.672371
41.532993
37.672150
36.491894
39.319187
40.882915
31.363045
33.182251
34.171188
35.507523
34.747879
33.501030
41.753918
41.041542
39.727646
38.403625
31.038757
37.444210
38.384388
41.136738
37.274620
35.788475
37.080536
37.815548
39.341766
33.573692
34.107224
27.795914
37.002209
40.703182
43.070065
42.909668
46.852863
58.065163
53.411915
56.016918
54.063599
54.470680
54.729900
63.526325
64.835861
53.103027
49.411728
47.554398
57.222698
55.100201
51.910110
51.588463
49.762119
53.471233
54.570568
55.460995
53.510059
52.773518
52.873306
50.352386
57.832039
59.224777
63.082119
63.865372
44.041843
59.303032
60.763092
62.172405
54.586758
50.107048
51.847977
47.006741
49.543591
49.683807
47.754459
46.954468
44.822601
41.082207
43.705433
50.036808
43.674660
42.244766
46.844948
42.893181
45.210297
50.497784
60.459846
54.482212
57.394482
52.080761
50.638233
56.375568
56.302910
62.630455
63.966171
63.211040
64.944199
63.292755
64.271179
57.323566
58.282093
62.129364
61.451248
63.533195
64.563721
63.316887
63.592224
65.738548
69.432083
70.533745
64.595879
66.358101
66.769165
67.895699
69.888222
60.782417
55.840256
54.672619
57.088421
57.575424
52.918659
49.786697
59.830814
50.634346
49.584511
48.119370
48.663898
44.536037
46.097290
56.289883
52.745369
57.622055
58.767681
54.047241
54.883530
56.585289
60.506763
56.861248
58.620316
58.905254
60.374504
60.066143
64.289246
66.339706
70.115860
68.703049
67.783745
66.070007
62.123314
60.098202
65.683647
67.047287
66.842964
68.099274
71.578430
68.238945
64.767830
65.007446
58.379955
59.386829
63.219753
57.387146
51.865871
54.386463
60.022671
54.411301
48.294315
41.693382
37.090260
40.386909
31.429726
35.257309
29.215744
27.671921
27.372368
26.387955
25.286194
24.730209
33.480804
36.803890
38.382462
34.993629
31.955231
25.846176
23.701271
22.833977
30.704956
37.310158
34.106972
36.032536
47.092979
52.767239
49.886311
53.274639
55.381977
50.665428
54.393574
58.660458
58.740402
56.960979
59.011330
57.100788
53.147606
62.144100
65.373299
67.934731
67.799706
67.224121
63.045341
60.396378
45.133362
43.307323
40.276180
43.630554
44.635174
53.715912
54.068653
63.021770
60.441219
58.092987
58.951717
59.359371
63.214882
66.046616
60.070637
50.530807
48.651924
54.545689
53.097870
51.148441
52.188152
54.283810
59.954601
57.287720
57.901482
56.043037
57.793701
58.679821
50.442802
51.569160
49.509068
50.876522
47.713699
42.889729
40.876358
42.259056
39.703613
46.651928
46.795464
45.223038
47.441940
41.836376
33.666969
36.438076
38.236057
40.382404
38.604286
45.828896
48.303787
49.616161
50.221012
50.856354
56.132290
52.491020
50.965137
49.585320
41.180588
36.535942
39.005474
34.452164
33.131508
39.820065
48.259846
54.825150
52.842915
51.274265
52.516251
58.469658
56.836845
61.053452
50.685093
51.940723
54.320545
48.229099
47.716873
50.678505
58.512234
53.967720
57.211143
53.436058
59.786324
60.653145
66.077805
67.628235
69.991516
72.367645
70.646439
69.753120
70.555061
68.029892
65.692673
66.818047
64.538162
65.795036
66.718910
62.835011
66.647781
64.800232
70.147453
71.873001
72.722015
64.560562
70.558823
74.360855
72.064095
77.722656
73.522263
71.812454
72.122757
74.810394
67.072739
71.026169
71.178284
72.573822
70.929993
72.600845
73.660583
74.791367
74.300629
69.626678
72.203506
68.360008
69.559715
61.159405
61.830231
66.003586
65.074814
64.585449
65.288231
66.156158
66.898926
56.261028
56.021198
61.344952
56.666340
55.001991
48.629559
45.866817
41.677650
51.781673
42.282951
45.217770
41.392780
34.041954
32.212997
37.538818
45.450970
46.215260
48.986305
41.340488
40.545391
51.577759
52.441738
48.698746
49.665970
50.946526
45.788986
48.947941
45.044388
42.289127
44.451351
42.855217
46.798351
49.875347
51.924168
41.860508
34.716431
38.586372
43.816925
46.213127
41.403019
41.555370
43.608051
42.136887
40.423485
40.047688
42.170559
41.736500
49.884094
53.979431
55.631371
57.282692
59.356033
60.246567
58.187092
51.452343
54.300488
64.849319
67.604340
69.012703
69.218575
73.404854
72.440338
73.198837
74.961380
73.860123
68.951164
69.437286
70.673470
65.009949
48.172733
52.878273
52.524090
49.489727
43.170139
44.130520
43.034061
40.408283
41.091377
49.237762
43.287083
46.752251
45.748829
44.715298
49.618290
51.360352
54.905312
57.035152
59.441898
56.986366
64.684685
62.001953
66.491806
61.510857
63.206974
64.740837
69.366844
72.036461
74.696236
61.995525
57.659195
60.016273
54.073044
55.510780
47.640839
44.846123
43.740799
44.658875
43.887596
40.990555
44.126316
45.579678
43.657879
40.175255
36.179195
37.420547
34.001839
34.271278
51.999306
51.820118
54.037506
54.727924
55.800426
60.200436
58.747040
61.421772
63.188873
58.958508
56.416321
53.204601
58.490139
54.329220
39.410442
42.256451
38.248623
37.073429
34.416267
30.794334
34.285454
30.233971
37.730034
33.519066
30.614128
30.237839
31.817245
30.746330
28.961685
28.645699
32.102776
32.643456
31.824692
27.708282
35.833824
33.282333
43.728951
38.136944
39.389011
34.833588
25.358505
35.504669
32.175148
31.401665
33.132790
32.002159
28.319595
23.559418
23.559418
22.789368
22.605736
24.992264
26.761078
24.793434
27.102310
31.623650
22.629951
21.417259
27.852013
27.636978
33.868790
25.516495
22.178734
19.947281
19.709991
21.715775
24.262764
30.287766
26.539330
26.539330
17.651192
16.774780
20.215256
20.779556
19.763451
21.747551
21.483498
24.605301
19.299202
21.684486
25.676704
23.970863
26.378769
26.045639
22.611664
33.346779
34.882736
40.651344
37.179771
36.027302
35.803207
40.332973
35.846519
40.551746
42.276878
47.332237
50.482010
48.749748
44.067856
37.781651
33.168289
31.499092
31.310547
43.658894
46.308506
38.321346
34.981445
34.222229
32.750183
32.569130
40.896511
39.997448
41.385147
44.276535
46.656895
46.554913
43.772820
49.545387
56.893002
49.451862
56.672131
56.157928
53.542065
57.467831
59.008598
61.237156
60.729210
56.094254
52.155067
56.064133
57.102116
61.064541
59.451660
67.532471
61.270660
61.501320
58.618889
55.570206
50.174553
44.460175
30.334641
27.518410
26.301697
24.565994
25.826546
28.741051
26.416000
24.679420
26.050591
27.345482
25.652397
23.340240
26.888618
32.813911
41.764023
40.266369
39.899498
48.230068
46.050484
43.679420
45.249691
49.681488
51.874443
50.634537
45.378265
38.655964
43.683010
46.400402
43.472122
45.788055
53.762772
49.987473
50.982006
49.348743
49.348743
52.562710
51.540215
54.002773
55.791000
61.399776
58.294872
59.540264
57.685173
58.117573
60.405159
59.570877
60.964348
64.973114
65.386948
65.928833
63.986965
71.275925
72.838249
65.744400
65.846748
54.602806
50.136906
53.320061
52.271927
44.130768
47.858376
43.637550
47.485249
45.384434
45.006027
39.874184
37.618195
34.150246
32.491310
33.837357
28.801460
31.866730
25.217087
24.491318
26.577393
30.523605
31.838684
34.140144
42.350506
54.450714
43.718567
48.973183
51.651791
51.953587
47.387650
47.283577
49.664600
42.351528
44.220257
45.364635
48.043163
48.941738
45.661465
32.592087
36.383213
42.179710
51.332691
49.675789
41.434208
39.319809
40.789341
36.444267
33.012184
36.456612
39.790646
46.080597
44.215199
47.728333
50.624496
52.991150
50.026291
52.952538
50.752235
45.479385
44.347721
48.390293
49.329098
52.435051
53.559124
49.441097
57.048058
60.535912
60.410133
61.445396
62.415615
64.840996
68.583778
69.172791
59.295616
62.765709
64.709686
66.061340
65.901443
61.568340
57.216766
70.254738
60.710171
57.057934
56.534691
52.781651
53.337643
47.603065
52.258053
52.154102
50.846954
46.267963
46.503788
47.617924
48.389618
52.299629
46.217686
46.882900
49.949615
49.814953
52.438663
60.415134
60.728058
64.998962
59.048325
64.116081
63.007061
58.929810
63.953835
56.383194
45.627724
45.967514
42.621006
41.414970
39.917828
38.512238
40.614071
43.011646
42.779152
45.926868
45.124889
37.197155
32.814697
38.205067
31.864403
31.567451
38.510017
39.824905
39.723263
36.697346
38.217827
36.739517
40.955921
38.863739
37.711174
37.353275
36.727657
32.926674
37.498077
34.707970
34.587463
28.777298
21.774399
17.951912
18.544197
17.984932
15.766014
15.036057
17.419899
16.175789
34.521599
45.271095
46.711979
45.910927
42.298088
48.227169
44.944675
42.049309
39.076027
35.354454
35.124504
35.426041
33.657112
46.747795
52.244572
55.744953
47.879608
44.786331
49.687065
58.036789
48.444912
48.606812
51.009167
55.838665
57.623894
59.794312
58.442497
54.274929
54.072365
53.007118
53.791397
52.379265
55.717724
55.821949
46.119007
47.995583
53.057529
52.936901
51.919899
49.366474
44.638123
42.138855
41.273247
43.462029
42.487545
42.359688
45.868160
43.179260
59.473106
60.184433
54.185455
53.763176
55.505833
55.185841
52.112240
46.011700
30.709709
30.252815
33.305962
27.856216
21.758537
25.102493
24.427902
23.875122
23.307144
32.144257
37.950642
40.683689
39.942303
47.397888
43.301121
40.900963
45.500401
44.234455
39.881378
42.049000
52.076775
44.472797
46.641129
48.973579
46.437748
46.744953
50.983555
52.155243
49.299740
50.170269
52.266525
57.260162
55.106228
54.585926
54.447521
52.442707
59.350777
62.024063
62.024063
62.131039
62.918472
68.466644
67.870140
68.069862
70.352280
70.647003
71.948364
74.220688
72.123436
73.816589
73.533661
74.481651
73.536118
74.240456
73.887489
75.634048
71.235878
57.445595
59.813297
62.573391
53.223736
53.223736
57.488728
50.108353
60.263496
69.644501
70.173553
63.788200
60.455803
69.800468
69.800476
59.434814
62.482479
64.028641
61.926899
60.608437
50.360588
48.020634
47.644207
46.087940
43.535530
40.180534
45.214413
52.683819
54.774296
54.018364
50.844536
49.647800
44.063290
42.642765
46.048397
49.593842
54.164623
47.570995
45.022274
36.489830
37.156124
36.435734
35.900307
34.481544
33.388466
37.244774
33.320778
41.688229
37.770893
35.282417
41.751205
43.442326
51.220539
59.944691
62.721027
64.804611
63.475685
56.048920
49.776936
48.677048
53.250469
50.624424
54.379787
52.708599
52.133469
51.828945
49.051918
39.442471
49.412857
47.975155
45.707527
44.631382
37.994854
36.945206
42.539948
46.115540
50.494709
50.228287
52.777397
48.549324
48.843555
40.907639
47.986252
48.258694
50.492771
50.492771
44.381092
41.207081
42.401428
34.437065
40.899216
34.569489
33.052559
28.032616
24.818924
24.500526
38.284981
33.527687
37.696377
43.772320
44.603455
45.149174
44.211113
47.829792
49.971672
51.220310
49.879620
45.666733
40.363613
52.569172
59.062397
55.353004
56.934227
53.904415
57.712715
60.730213
64.660789
65.735245
61.695103
63.506683
62.708225
65.072792
63.202625
62.312508
64.803665
66.013344
68.433548
69.714928
71.358292
69.426346
74.608627
77.537422
70.369598
70.512802
72.779541
59.283150
59.467125
56.839680
59.478138
55.279018
48.194782
46.856823
45.168804
46.143864
46.290802
46.760098
47.419788
45.159962
43.521976
47.091637
46.756626
42.374084
52.202286
57.204315
62.302517
62.757561
68.664101
74.019554
82.613739
82.679382
81.032043
81.812546
81.972321
82.747604
82.955338
85.381699
85.953682
86.392166
84.856087
83.485870
74.043510
71.091568
58.944046
63.263046
64.146065
53.601227
49.991306
47.863640
46.736191
56.991634
56.991634
49.572620
44.167065
47.945873
48.168095
48.168095
49.174686
46.964680
48.488255
47.815853
56.299931
63.398472
53.959229
47.692856
45.753159
49.819225
49.069859
46.285023
50.689728
49.314491
51.214989
49.954266
52.830334
45.911972
46.183033
52.581001
49.180859
47.824020
47.824017
47.547405
47.107273
40.627224
47.440201
51.833508
55.455235
56.707256
59.525082
60.837929
62.504879
56.409763
57.754143
50.683849
44.656300
42.991680
40.373554
41.649158
41.241943
38.161358
36.747608
40.216888
43.154865
43.368950
43.019989
48.386852
46.613770
56.986832
65.303131
65.755844
64.177750
64.177742
57.338028
42.172089
48.838539
51.097580
46.660053
44.575600
51.566021
51.702698
42.421185
44.363247
46.601265
46.601265
46.170475
45.122334
41.366032
40.803257
43.295635
43.931198
32.933075
38.888290
40.222095
37.222446
44.633591
34.791832
43.790291
42.221638
41.474972
40.483685
51.789703
49.095039
50.359371
50.491795
53.685112
50.334442
50.623035
48.066349
44.375061
47.387444
50.589310
51.228592
55.981853
53.276188
51.837219
51.277897
45.939693
44.284752
56.317074
62.779045
62.033203
56.601849
56.872952
60.094429
56.319027
58.428486
57.629250
53.860477
47.057743
40.309616
48.004761
48.777744
49.103683
48.114536
56.192425
60.828400
64.533546
65.492203
69.791267
69.974380
69.295860
74.229538
74.939171
71.634674
65.829117
64.956909
65.929199
66.675995
66.806580
68.658318
73.052559
75.663437
70.999084
72.089050
75.111191
75.207550
77.377144
77.561028
77.561028
79.134598
81.257751
79.091019
66.117050
66.970932
65.489807
53.719055
54.295998
55.491066
58.418346
66.360390
66.770493
67.894508
69.022934
72.416191
54.030266
57.299358
62.735329
51.305382
48.522472
46.935173
51.014156
51.477627
43.005947
41.484783
44.144352
43.021275
44.725002
40.918530
44.990810
41.744614
40.047279
37.196934
34.666313
44.436550
48.255943
51.055691
54.918736
52.765923
60.188778
48.810837
50.601711
47.183060
47.790833
44.871506
48.875320
48.571404
47.614845
50.584309
54.951935
51.164139
45.819336
52.033192
56.552124
54.646297
57.055027
60.139503
58.372746
64.701118
70.481461
71.148735
71.581131
70.894592
72.049377
71.539917
73.553772
70.594994
70.043304
68.318398
69.269226
68.013092
65.150360
75.852737
70.060089
73.169373
76.404198
66.815720
67.341187
62.641129
54.780472
56.862473
51.423004
53.517975
52.817101
53.794586
53.965759
56.727966
57.917671
57.917671
58.297592
56.645386
50.482307
56.437283
47.440647
49.144157
49.584091
54.270313
39.263577
43.842514
44.624416
38.932655
44.591980
44.970745
43.068409
49.062962
48.009293
46.573120
46.386326
47.519722
46.879364
50.695473
52.751610
57.616085
56.794727
46.356663
51.386227
59.405762
59.723766
65.033638
66.360329
61.116138
53.146938
49.051353
49.994514
46.302181
46.118778
52.411747
46.556046
49.310406
52.333889
50.705353
48.278500
48.072014
47.633221
45.615444
36.990532
34.977715
28.862793
35.101990
33.901207
34.437943
34.437943
31.473907
35.649162
35.154861
34.980751
32.876488
34.295319
32.801941
32.235077
34.666878
32.373192
29.333084
47.807312
53.426769
51.679058
49.202839
51.695408
68.933113
65.573105
68.844017
69.942390
68.384613
71.046707
65.376175
68.899902
69.812599
73.106232
72.014412
72.237671
73.918243
73.281273
70.658417
70.658417
52.633705
51.771725
51.771725
51.284691
58.442093
60.812828
53.483139
53.690414
45.969631
51.156441
49.659058
41.919468
45.489876
46.594730
45.022335
44.616970
47.661880
48.173309
49.241600
51.399311
57.903458
69.707428
61.784519
67.766373
55.438538
58.457687
61.167847
55.018311
58.603844
61.983807
64.054588
66.630264
68.570511
69.244545
68.565872
63.848434
66.007278
60.794353
61.476929
61.019299
60.534023
61.522652
45.098270
48.737297
50.842648
50.470596
43.013374
40.522152
52.117096
49.895115
56.586807
59.208218
56.917011
58.125156
57.930771
57.722878
55.164589
55.164581
58.207813
54.681042
55.645748
54.643604
53.350220
60.753231
68.354095
62.124722
60.928761
57.361153
48.579632
48.394077
57.050613
61.709080
59.803928
65.091301
58.978096
60.186146
58.535988
61.119041
59.782146
60.707722
61.346390
62.335350
63.014729
54.539303
46.178398
39.917767
36.040474
31.872932
28.253944
23.537102
23.769386
19.869087
18.711784
30.538269
31.665291
33.599014
31.398262
31.816490
29.138237
30.044205
32.372009
31.914551
31.086639
29.779297
33.606331
43.344547
43.344551
53.557087
50.417778
51.498363
47.247532
41.617832
44.661129
51.070251
44.838619
47.827084
49.558247
49.737850
48.619251
43.057423
42.728424
42.728424
40.065582
39.361137
37.752735
28.541969
43.410496
37.768417
40.602642
36.010544
45.966682
44.451771
39.436317
37.227203
35.300476
40.533859
38.950474
36.432560
39.543404
38.125092
33.489754
35.834366
41.396362
39.668282
37.500729
35.859489
31.510162
23.443893
21.828056
23.010384
23.218819
21.524399
19.431671
18.489838
16.786140
26.936317
27.519241
24.011955
25.613480
25.397316
30.257065
30.073608
34.359680
33.801880
31.387375
30.326958
27.076035
46.391964
43.842175
46.265438
41.235367
42.360161
39.564041
43.885403
39.341282
38.677750
42.013020
38.133606
33.940331
36.507736
36.290749
34.522926
32.102074
31.180687
30.758141
38.993641
39.204105
37.397854
35.500900
50.697914
44.798492
48.571075
54.562672
51.412464
52.673580
53.960484
57.166012
49.994637
49.841602
50.006401
50.357708
52.513844
54.971077
57.023869
58.874668
59.723736
64.041107
62.180126
70.073685
69.021889
65.576836
47.936504
54.198086
55.568272
49.793255
56.074970
60.053318
54.010506
54.137936
57.439941
57.941643
61.708935
60.763538
61.400383
61.400383
60.941517
61.253353
57.542671
57.046448
60.528812
54.743019
44.732609
39.865242
38.273819
47.330986
50.860504
39.914425
24.468216
22.394257
24.782425
22.755699
21.112503
20.007034
19.321060
15.273743
15.273743
20.794144
24.861351
24.024849
23.771507
33.577469
34.138947
29.857964
34.228516
33.221741
39.016815
41.739231
44.773598
43.851254
48.427708
51.723537
51.596706
50.792000
49.008530
48.305965
50.300858
50.772968
53.016010
55.949562
57.455196
56.011974
48.839821
62.857456
68.260574
72.372314
69.809357
69.885925
59.765743
52.970631
47.091599
43.678143
42.987270
42.166397
42.314682
44.164753
44.164753
50.460491
52.567692
55.680607
58.246696
58.246696
58.246696
54.873707
40.803398
41.149162
32.388672
43.779644
45.972332
50.720749
47.819416
41.305485
40.021194
38.369362
37.087193
35.887955
35.887955
36.072369
30.026489
29.615295
30.028061
28.498215
33.836662
34.677032
33.979843
27.604538
23.085770
32.826683
30.769524
38.711132
36.816071
35.962898
31.279167
34.348503
35.554001
43.946373
50.495884
54.397858
54.127590
53.983170
52.770134
51.070816
52.854427
55.613365
48.251312
53.184372
49.730743
58.132488
57.196587
54.518429
55.051739
65.836792
69.466171
74.480385
75.521545
47.507496
40.362442
40.702419
40.883881
41.270977
36.853046
38.009075
38.559677
39.371559
39.291679
36.133743
45.956821
42.596970
49.285110
51.726048
48.732338
48.169403
53.388130
55.014114
55.843529
51.734676
52.467037
51.981655
52.337791
50.848614
59.897224
55.046795
55.584763
50.507481
50.253967
48.548229
51.026867
58.653671
58.869240
64.628708
64.811691
62.546772
65.168488
55.374718
62.280090
57.942017
53.777889
50.827526
49.369102
50.640148
49.964745
39.610203
40.196869
39.677982
39.241558
42.798725
42.798725
48.162174
52.231983
61.020523
54.296684
54.296684
54.682766
50.262566
58.590740
61.684410
63.070961
63.677612
67.595055
70.055138
70.955826
70.129776
69.047684
69.150208
66.539299
65.331802
68.861351
70.320099
63.650669
51.716583
52.502682
48.742348
45.548523
36.527145
29.083153
39.242695
53.311302
48.126789
43.487926
45.838974
44.369671
48.932262
48.834232
52.899006
51.043049
53.522247
53.940891
56.172859
54.678192
53.836723
64.443848
70.744644
63.522690
66.055008
64.531479
66.008987
61.909142
63.784538
62.950104
61.789413
64.355133
64.443794
65.098221
65.098221
70.722763
71.659607
71.454414
70.156334
65.660316
67.273621
66.157867
72.693359
76.920181
71.468193
72.404366
73.719917
75.146027
81.556366
72.629944
67.982346
70.761513
71.165817
70.121597
70.662445
70.743919
71.427544
66.608566
67.431633
64.849503
63.326149
66.365005
69.618362
66.833656
67.187027
68.278923
74.313385
76.365097
43.042679
41.399834
35.753471
33.401321
39.074421
37.647903
34.310989
30.309814
31.239769
29.656792
34.083893
35.584656
34.065987
34.217148
33.073860
40.829941
45.374924
46.672363
43.346130
41.539509
32.590485
35.880394
38.682816
37.363831
38.566940
42.852169
37.508381
36.440643
44.020260
44.155582
43.588234
44.810112
43.664280
41.748184
41.100739
40.293198
40.293198
50.139870
46.195423
44.976101
39.625824
38.968941
35.893242
41.488312
33.929115
33.116859
38.833336
39.788872
35.173325
33.976173
31.460228
28.099037
29.229958
27.727036
26.710213
25.606979
23.676193
18.543106
17.253983
26.637016
30.172691
37.602261
38.327049
34.256149
34.051147
36.702660
32.773071
31.463058
26.103882
25.574242
24.071434
28.377289
30.390984
38.464706
47.822979
58.599213
52.439774
56.996872
55.436756
57.020416
59.886116
60.791061
62.120354
60.922634
62.157387
61.397659
60.996223
62.450420
55.736687
47.847126
39.097385
35.091179
35.447350
34.628830
33.686417
30.417641
32.759834
38.253834
32.439301
24.715637
32.761314
38.403732
39.798721
39.945194
37.674763
40.372475
40.043083
39.694309
37.358189
32.248428
41.248600
45.865479
50.463371
49.926117
48.806946
51.993961
51.522919
59.327049
63.604885
61.179516
62.815563
66.740303
39.956024
39.956024
33.009003
32.197449
35.258461
35.190025
37.665653
40.744675
39.947792
56.895134
60.272919
55.216618
55.453350
51.450397
55.422890
43.965385
43.477924
42.605831
45.077492
45.179192
46.564411
46.370281
48.784657
48.560432
45.730999
43.859562
40.403126
44.803677
44.461529
38.002518
31.819992
29.226486
21.703903
21.472015
29.453789
28.501968
33.871819
32.021828
37.193699
37.049145
32.315308
39.242397
34.635239
36.803982
37.392677
36.229622
33.888405
32.062767
32.208435
45.639324
49.468258
41.305496
44.774975
47.176834
49.084644
51.979671
49.163448
44.426113
43.489464
38.839664
43.855324
43.094139
42.303406
51.015060
51.210949
51.524090
52.185081
51.060398
51.436108
58.228157
59.469753
45.602421
44.619537
52.264702
52.264702
48.652237
44.135067
48.359684
32.387512
33.472954
31.874832
38.127628
38.764763
37.923641
41.457561
35.855629
32.074425
35.289635
35.225502
38.590553
35.933983
35.933983
34.590485
28.580879
46.237576
41.245987
49.267456
52.033138
54.503819
59.592445
59.592445
60.387669
60.960484
63.249722
63.632484
60.900146
58.640411
56.495739
58.639244
60.323475
50.197487
47.757633
35.210625
34.711250
43.194515
41.670525
39.828220
37.895084
34.526299
36.480930
41.783928
40.020123
37.117859
37.458626
44.383102
45.400322
43.762569
44.556114
43.424881
39.632191
39.020496
40.296398
51.670441
59.457367
57.638958
53.972580
48.262096
46.317738
52.150394
54.752705
54.205338
50.916313
50.476532
46.082855
42.668453
42.571404
42.158325
30.927780
44.362804
40.320339
43.395287
44.194393
48.680645
49.535439
48.097511
48.632778
53.206161
56.522198
60.796299
63.572929
64.767303
68.580910
65.261360
65.411606
67.170135
71.092598
64.012184
64.933273
71.694824
70.291351
70.601234
73.570145
74.351196
74.182556
70.563171
75.675529
78.329346
80.644798
80.763382
81.257996
77.162727
79.177353
80.055420
82.069656
74.957947
74.114487
74.114487
75.759476
76.012039
68.000534
66.385849
67.132935
68.087692
64.842072
67.061386
62.983662
64.043213
56.839977
52.539978
57.646759
53.306129
47.002659
46.588734
41.475262
50.352962
56.914261
55.618927
59.481087
57.184315
57.302685
65.681091
65.344299
65.722870
65.722870
66.362106
64.212730
48.871082
48.871082
43.157570
36.617451
35.024498
37.104443
41.002674
39.959007
37.664680
35.574928
43.405872
41.316277
37.434753
35.733452
34.984352
36.218586
42.665424
44.318436
41.592175
38.880859
39.727123
36.094215
37.685242
46.497131
50.848915
46.753574
48.016041
35.088791
28.602280
32.513779
29.015579
27.652184
27.306732
27.501808
28.330292
27.649734
24.983627
26.145630
25.801300
24.416191
29.031960
24.174141
24.421753
42.438419
43.256798
55.834564
54.166161
57.367287
62.415329
49.732059
49.515347
46.875549
42.137787
51.560810
50.922890
49.494080
49.959328
44.943439
42.110409
42.803757
41.311771
43.288536
41.549522
39.070427
34.091812
32.317833
39.896061
43.669601
45.582844
37.122463
42.771336
50.546368
53.869156
53.148083
42.279285
42.019821
46.389580
42.476170
43.574638
43.179977
48.114296
51.919098
51.549015
42.608829
51.454590
57.145260
53.652840
50.815128
46.380699
49.793934
47.771210
49.759735
49.228561
46.251034
46.990921
45.096729
48.882168
45.941479
44.444199
44.444199
43.188488
43.057472
42.229733
53.208553
56.845306
60.613003
62.381500
67.743172
38.571674
45.476093
51.924458
64.085266
63.138504
65.038948
65.734978
64.355194
64.462303
64.047791
68.325150
70.047203
71.703903
69.002945
66.651825
64.751068
56.697697
52.165504
53.255341
59.186695
52.563618
61.932446
56.769505
52.723282
47.557629
47.851089
49.889477
46.415947
44.738693
44.917320
48.080223
49.333466
49.520924
49.920002
49.394325
53.699848
53.224083
57.758286
55.816051
59.076431
61.747768
65.282379
67.514450
71.703110
66.907928
67.129860
62.608013
65.137016
61.977036
61.670189
68.057053
64.653824
63.109024
69.536682
72.886925
69.531898
69.219955
72.477730
68.949211
65.514359
65.847496
70.256821
74.594749
69.743576
63.830994
56.418758
57.674725
59.385410
53.391991
57.536320
57.902786
65.316788
66.690193
63.187225
61.579529
60.339527
56.145744
51.313759
46.757927
42.768425
51.083641
48.616547
46.693928
44.883034
42.329388
46.607471
47.349728
41.544643
41.156509
41.742653
46.347080
40.906761
38.937878
41.514648
39.208725
45.305908
48.685535
46.108204
40.500713
38.428303
40.155708
46.079723
47.479465
46.696190
54.851078
58.545918
54.608231
48.149769
44.944111
44.715115
43.289886
45.323086
41.277451
39.220947
43.278702
39.929382
40.983372
39.490971
44.229649
38.378586
35.877342
37.218426
40.108990
41.082756
39.963169
62.342937
53.579918
60.315300
61.296024
64.594040
62.676838
65.218018
66.742126
69.345924
64.935547
62.713795
57.488739
60.638626
55.535713
58.131851
55.322243
53.085464
59.869343
64.104080
67.898094
70.776665
67.724670
60.860809
65.182571
61.287304
60.040852
62.504562
56.389114
56.575867
58.027580
54.009007
53.114529
55.279499
56.084072
57.035435
59.291031
60.581295
46.234737
43.256180
41.857944
41.746159
41.038002
60.594608
62.718742
65.915054
64.916107
63.292824
64.340416
68.244377
66.132675
58.222702
61.411346
62.587154
60.011990
59.239952
54.974766
56.999077
62.914062
65.974319
60.444866
62.568520
56.215672
54.416779
59.178173
63.390030
67.413162
61.185860
61.891178
58.459118
57.039803
58.027489
58.709042
59.066944
56.601315
59.342861
60.618637
62.153366
55.032036
55.623993
56.547985
49.515903
45.506489
43.972702
57.536331
54.932415
61.994400
57.243610
59.473312
58.007343
56.345436
52.916809
51.315502
49.229862
54.718384
51.238651
49.777634
48.455032
42.390255
40.611195
38.094772
45.552582
50.493298
50.329350
51.182827
54.231720
62.268177
65.475182
67.593903
70.953316
71.676079
73.454422
75.674850
64.670990
65.310081
64.062073
65.820511
62.111256
61.236805
57.122921
57.924000
48.711201
52.032589
54.535755
54.535755
53.669571
50.434582
56.297405
52.824398
50.718449
52.156322
53.613823
50.534855
49.823757
58.947842
63.640690
67.379562
64.218811
64.368820
67.720612
65.977005
58.900002
66.970993
67.347641
70.919052
71.032791
70.439430
71.341751
44.689095
47.984730
52.412384
55.637699
55.637699
52.582699
52.219414
51.643070
56.932709
57.892769
59.198776
60.517578
61.026318
59.917732
51.591183
52.664520
47.047527
43.270290
40.163258
44.691757
42.027592
37.245457
37.789963
37.096680
34.379745
39.999504
30.405891
22.933189
23.181137
22.864265
27.153793
29.013702
32.713890
32.982613
32.841362
29.941566
29.540283
31.517120
33.525612
26.763229
22.748283
18.402946
29.143219
41.729679
38.086758
45.316296
42.917656
45.703213
41.798134
44.662384
43.261253
46.233677
46.089218
47.502403
52.222969
53.973938
56.025097
54.030411
62.859509
68.350044
72.405281
74.528702
76.415726
79.043152
82.198273
65.657166
68.924400
65.112381
66.672073
69.599365
69.986496
68.422600
58.437981
60.115311
59.978111
60.463963
61.274029
60.440502
60.670967
52.731140
65.861786
67.137558
70.553406
66.886200
66.886192
63.383713
56.828587
59.344170
55.188362
56.816711
58.650581
61.158401
59.380779
59.610641
63.603287
61.423611
57.697205
58.598839
55.677719
54.400036
56.104698
51.748646
54.712143
58.241383
58.029636
60.210632
60.990303
63.601784
65.914597
72.115906
74.069931
71.637115
57.784016
57.587414
61.146500
59.013268
61.337402
62.343456
62.790340
59.736549
62.969090
57.958019
53.173149
54.143860
51.829727
44.287403
49.233002
51.644821
53.431725
51.386723
50.236389
57.245312
61.688988
58.182362
49.705963
46.176456
42.736404
45.156418
46.913544
43.708817
46.487663
46.723686
48.907867
48.907867
46.687988
55.808422
58.804363
64.800751
60.216000
62.878078
85.256073
86.874329
87.735092
88.544144
78.688202
80.044907
78.906059
80.849960
81.132591
81.318176
75.407219
77.759880
77.599991
78.863708
81.001266
79.613930
76.952583
77.062683
69.227631
69.304016
70.180862
65.594772
66.072296
66.473190
69.570930
69.758995
73.233093
75.199890
76.950836
72.365677
70.116028
63.523369
63.993809
65.318466
65.689209
62.797470
59.064003
62.376228
61.403416
63.254879
55.596031
56.655735
59.435841
63.244152
64.586823
70.407578
65.272499
57.187412
58.118538
62.898037
58.741512
45.725071
46.563999
46.103539
50.171806
56.612331
56.425327
55.246140
56.864151
59.689209
64.793411
52.900703
49.380390
48.279499
52.213142
54.833569
64.462524
58.913479
59.032158
63.464687
59.053890
38.151623
48.458099
46.129795
46.742184
39.558540
42.140881
45.088509
45.088509
42.404137
55.226448
54.931599
56.595318
52.426838
47.526146
47.728531
46.193584
45.214855
47.491261
41.525547
42.794201
46.541355
49.170784
45.349205
48.548286
46.954445
47.088070
48.621254
46.259129
46.569736
46.281670
46.813126
48.637276
58.581070
60.602970
56.173351
49.089245
43.694473
44.515308
39.994453
36.051521
43.248463
48.077934
58.644115
58.840214
58.098530
56.265450
58.273968
59.681545
58.098560
58.231129
60.390400
56.278152
56.082317
53.668804
54.718113
63.596889
62.932449
70.107536
64.248093
63.837677
66.595322
60.772659
55.542797
60.854939
56.757790
57.950798
60.432606
63.029850
61.176456
54.639862
50.535194
49.862873
50.917717
50.347343
52.813999
51.958683
51.958683
45.171352
47.480221
43.713646
41.475750
47.505260
48.866848
58.986496
51.346630
52.069382
54.610832
56.218002
56.767525
56.512901
57.737766
60.900429
60.595215
58.087154
58.319393
55.662243
50.406502
47.831573
42.854527
50.953884
64.915466
52.555946
46.285519
48.434338
50.733692
53.964649
57.878922
54.864616
55.365292
58.657784
59.931011
62.569077
62.724541
60.557594
62.310375
62.013596
60.462925
60.139027
60.817165
59.366932
53.836815
40.219646
47.385498
40.759674
40.759674
45.918636
41.802231
50.066254
48.620525
43.760399
41.440643
48.257320
49.931099
50.788280
51.014065
56.207214
56.823387
57.467857
56.558704
57.523609
54.897301
53.260590
53.558815
70.164513
70.721268
74.556221
74.207306
66.498962
60.603733
58.916290
62.985893
65.495529
61.038628
62.853451
63.404175
64.536606
64.536606
62.662579
57.950760
55.862923
55.504005
56.991917
56.991917
61.474182
61.017616
48.275791
45.195827
58.138588
55.324451
50.632317
49.501995
50.975269
49.422459
57.507515
53.387539
53.934326
53.261482
57.015209
56.266510
37.110847
32.111320
37.655094
38.508926
38.508930
36.572613
40.442654
39.364899
36.631546
27.001854
34.211464
32.899261
34.108902
33.143723
33.481567
32.252930
36.214104
32.163559
28.846802
27.125435
27.897690
27.275146
32.917473
32.338486
45.152084
45.152088
46.424202
52.635250
54.002556
40.241264
34.552025
46.010368
50.845688
52.744740
45.219109
43.385818
48.496475
46.681217
51.739231
51.928123
51.279694
51.279694
50.547668
50.289959
52.381546
52.914932
53.197212
54.942669
51.820786
50.784916
53.456760
56.919956
50.321552
47.364998
49.152370
53.255077
41.763409
44.801449
42.169155
45.610603
42.102909
61.157375
67.450027
73.857178
74.408859
75.252472
76.009529
75.081963
75.823334
76.150826
76.605850
69.794083
61.162823
46.215099
43.205067
44.290489
51.825806
55.572495
53.144569
57.629971
49.179867
47.352112
48.476910
49.255264
48.857830
48.436935
41.016655
38.569298
42.967030
41.716312
41.345993
39.280647
44.193249
48.893555
55.666161
59.952629
60.125626
60.674454
65.897842
46.713947
52.413292
53.515644
57.037266
55.083313
54.880848
59.382721
58.706841
56.848679
54.303555
54.502968
54.248024
55.806400
53.561028
54.303535
54.564323
45.832287
46.131767
37.803722
33.886528
37.679787
35.315826
32.448875
29.422668
45.128914
39.196075
40.597740
37.638809
39.874268
42.347218
43.839737
46.094044
47.110188
46.403679
44.259235
43.301456
39.821339
39.592880
52.504391
43.418705
39.717846
39.356579
42.986664
42.564526
32.974602
29.937035
28.938484
26.663757
25.203941
22.009621
30.857002
31.965233
38.108040
37.947613
37.776348
37.776356
34.523689
31.445831
29.507454
47.276501
38.946682
41.302719
38.948349
36.563519
42.778255
38.564270
51.512478
45.562595
45.428059
43.624599
43.481598
44.461864
36.998329
35.117332
37.471004
42.570038
42.273041
43.752151
45.262543
48.255253
45.753716
43.334469
37.150795
36.852722
42.105152
43.076382
47.792366
51.871689
48.843254
53.252110
54.654972
50.034950
54.582859
54.984005
51.551521
56.370316
58.311779
59.287289
59.287281
59.287281
61.106037
58.977993
46.030457
49.728081
60.541725
57.713604
64.390640
54.645142
58.571060
59.029369
60.744164
59.524616
56.821804
57.760658
51.276794
50.597168
45.802841
43.772518
41.778149
42.898857
46.503033
46.261139
45.496559
44.700935
43.078377
57.482574
59.800030
55.643074
48.851337
46.277710
46.553371
47.137608
48.940823
47.206661
49.456814
53.706593
63.595798
61.900517
56.102455
53.695179
55.983398
51.422428
54.608444
58.737236
54.064342
52.272938
47.991661
55.568363
67.127785
67.956505
70.245338
82.417747
85.296722
56.845863
57.478985
52.501926
55.606678
54.645012
55.744003
55.623047
55.726505
54.495140
56.007278
56.128052
56.513741
57.321854
51.176765
48.977806
44.693829
43.152031
48.381950
43.627331
50.459137
51.776440
54.388660
53.521378
52.796062
57.868793
44.944077
42.571503
41.820709
52.373802
46.996689
46.371433
47.719727
47.152321
47.001854
45.140354
38.797153
36.742275
31.018242
33.454147
36.473907
35.434898
25.332207
17.549171
23.537201
21.711731
21.057297
22.006676
23.654625
22.723885
26.198578
26.906471
30.835892
30.435432
28.079163
27.393974
34.987152
30.745346
24.074005
26.708862
22.909554
28.033676
44.613277
46.349468
46.090157
45.997772
45.701817
44.270332
46.338993
44.665100
48.659534
48.408649
50.338852
49.624763
49.930729
48.349495
48.699413
45.234200
44.744385
47.979729
42.310368
38.558273
41.766758
43.462486
48.873627
49.452515
48.467522
28.813461
28.118408
24.885925
35.528275
41.615646
51.079109
50.965057
51.776783
49.994240
50.388393
47.817688
47.270916
51.592598
51.885483
55.103401
55.683739
54.731384
53.741531
53.120758
60.766796
64.241333
61.532753
62.525333
58.791157
61.571682
60.115601
51.955864
57.645100
59.469357
55.004551
60.212849
60.787910
63.487457
60.874512
69.861076
68.939323
69.158440
67.617363
67.348000
62.770123
62.929749
65.919617
70.620407
70.989777
69.730965
71.499771
71.773056
67.258514
62.382687
67.753365
56.376476
53.827168
50.475304
45.584236
38.975025
29.520020
27.209724
27.121803
24.481026
23.914787
34.617157
41.374294
42.110626
36.983200
46.263676
45.594124
49.961502
47.469955
46.157589
47.205486
43.836594
42.790192
48.124397
49.217079
44.505795
47.040558
40.991478
38.273384
48.558842
47.345135
47.186371
45.070442
48.513107
49.460659
51.937332
58.506706
63.102371
62.875111
62.875114
63.929722
62.562626
63.239872
61.736465
53.279354
56.585045
61.204021
61.381008
57.696007
49.351097
43.918663
48.026146
49.786427
51.975948
46.711552
46.952644
45.836010
41.770714
47.805584
44.764389
46.083599
48.214703
45.548779
51.106892
53.306690
42.000801
46.407505
51.077660
52.355152
53.446121
46.961159
44.470737
37.209995
34.820724
41.856750
38.353489
37.284210
33.414551
33.689056
32.120384
33.036171
33.678574
36.624901
36.049999
35.450714
39.426849
50.231644
56.700916
58.165005
53.954865
57.692478
65.206802
68.763229
72.300262
74.148239
70.569298
71.070549
67.657898
67.341316
67.986572
60.575424
60.267818
59.940014
61.733185
60.998074
53.158573
48.489834
50.254238
36.711826
46.971355
43.027718
40.254623
36.034161
35.735283
32.805046
33.683464
27.596718
27.370064
24.943260
24.517601
27.193626
32.953186
39.792236
37.395924
37.223492
36.146545
37.126045
40.716980
47.210747
63.603909
71.086288
62.750648
64.476028
68.461548
65.345039
65.457932
65.935944
65.448257
67.997383
63.933643
65.058083
65.776245
64.074371
62.057014
40.613987
44.762657
54.681149
56.895222
52.809219
55.429047
49.930122
55.977219
69.897873
73.605560
72.440842
59.510792
60.333073
64.243248
61.285980
64.262329
54.306347
55.032402
56.679726
56.849957
59.425583
56.983589
58.096241
60.653603
59.126934
60.395657
60.898384
60.898384
60.189507
63.295319
71.601807
71.675247
71.278236
75.134651
73.499611
77.793137
75.401138
76.441284
78.351303
73.975891
73.764648
74.161942
74.738693
72.257278
68.347229
68.462097
63.269516
61.826649
65.498428
66.172287
59.875282
58.672718
60.549942
61.740921
65.140915
64.845390
61.824867
51.708702
51.245609
54.939602
53.401718
55.417648
58.827797
59.861061
53.241905
52.427582
60.278706
62.324718
65.932465
68.414215
67.422455
63.771999
63.435745
50.297741
40.014778
39.685066
44.374271
43.986610
43.986610
60.707329
56.592243
67.183365
69.563576
66.848389
70.812172
73.419815
72.332428
72.936745
73.558701
68.700699
71.626770
71.919228
74.033035
72.957687
70.211945
65.191757
56.294247
56.458336
61.446705
62.600285
68.446617
67.703300
73.989929
76.812294
73.019882
69.996002
66.138809
60.830067
57.641224
52.797634
55.725510
51.389359
51.210552
51.210552
54.854126
55.034939
61.223236
52.227329
53.922955
51.747173
53.225376
54.354786
59.451054
60.274582
64.470871
64.914345
66.419014
69.643600
67.518600
70.683792
71.464981
73.493370
71.111725
69.046303
69.046310
69.891479
70.583466
58.614605
53.846977
58.808258
68.941132
71.159302
73.112389
73.341118
74.283501
74.645462
66.572784
71.892357
73.411285
72.759842
74.352959
77.222191
75.816902
71.939774
72.625046
67.976822
67.976822
69.375710
69.554741
63.189487
63.189487
70.908539
74.756493
67.945648
72.368912
73.389435
75.236267
55.987381
64.263924
64.388268
68.517227
70.515739
67.134026
64.516037
62.603951
63.900185
58.556992
54.747440
54.933170
55.131496
57.161663
58.961403
59.967636
56.675274
63.699497
58.847488
56.138649
47.637264
50.549480
57.584568
59.645451
55.529182
57.569656
61.227245
60.163406
65.065994
64.496132
67.131271
70.955032
66.492325
66.792229
64.312668
60.961525
54.559914
51.520096
44.223137
45.728218
51.798077
53.727299
50.126339
56.233707
52.198410
53.672588
50.329521
48.696304
49.700756
49.700756
48.063717
52.033741
49.418507
48.257607
47.066902
46.756302
44.241013
43.922935
51.114548
45.789120
46.166626
46.166626
51.983517
53.075584
53.829506
62.832676
66.814850
72.054581
72.054581
72.632828
65.791183
64.391487
64.391487
54.148457
57.620647
70.818001
63.488087
66.346176
64.976791
62.880283
52.282864
53.954296
49.919140
54.775707
57.020000
60.011921
61.054634
63.320660
54.879959
47.114452
44.080860
46.970036
44.494312
36.724461
36.556782
34.519936
35.803932
38.091759
38.429333
39.144073
37.059273
34.223877
32.769981
25.322510
25.185524
19.592773
15.626892
14.819290
24.226875
26.924232
24.333023
22.730988
28.680092
37.491028
39.844936
38.745056
41.949894
42.200405
42.995182
41.361855
43.666500
43.962982
45.805943
43.495167
47.013493
40.796188
38.185787
37.328377
35.000900
44.776810
38.909302
44.427940
49.354897
53.123886
54.491600
60.670563
63.515762
68.030144
67.718979
65.461838
65.638031
67.928688
67.928688
68.118294
66.016739
65.580948
60.426205
44.209797
49.790936
44.302200
42.971409
47.759617
49.112915
47.266811
56.561314
62.686764
62.390675
65.705093
55.927406
61.712666
57.294800
59.048752
59.934803
59.108429
60.665905
63.989319
60.329666
56.285217
53.263809
46.219620
39.275593
44.053055
42.905098
37.625656
37.625656
51.831875
53.309566
53.501595
55.661747
55.661747
53.062706
55.733826
45.131199
43.956581
43.956581
46.124866
44.502426
45.678280
47.764076
52.784512
51.597717
33.270576
41.614857
43.189930
40.978931
40.128056
43.417660
45.405586
56.998074
56.770325
60.508900
63.160160
63.927238
66.342361
66.044739
66.044739
66.566589
67.464081
70.986832
67.967743
60.984707
47.157787
44.687328
52.116329
41.993137
47.029739
48.002171
45.655369
50.286232
52.193649
53.537518
54.902740
57.586952
62.253189
61.981201
58.150711
56.800587
58.261642
55.655338
57.693478
58.380161
52.561363
48.204205
51.454563
50.320995
56.284645
52.451977
41.275879
37.187107
49.392937
47.299084
53.477608
55.072941
54.624660
57.423801
51.494141
52.108654
47.369324
46.951260
44.821220
45.089497
43.939186
40.185390
38.517738
37.675846
40.810619
33.377838
31.071861
30.267593
40.543308
46.065331
56.152241
53.572067
52.858707
49.103230
51.203365
48.115044
48.372997
50.996677
51.527256
48.421902
46.766327
36.470886
39.287083
37.687809
39.349583
50.910351
39.918106
38.930588
33.694214
42.292152
46.829655
53.300472
49.348038
56.730125
57.440739
57.887627
59.710014
61.360676
66.353973
65.129112
56.192509
56.672688
53.914833
56.870548
56.640419
56.151035
53.181957
51.236858
48.832607
53.315037
46.402824
54.276417
59.779552
58.826462
65.367493
50.006653
53.713501
50.640324
54.478500
62.258255
64.883881
63.421875
67.022888
65.105530
63.349030
64.045456
65.571899
61.872631
60.362553
59.469368
75.186729
73.262466
72.070625
69.240166
64.925079
72.676941
66.545883
71.507278
70.048035
71.442688
73.563721
62.876575
66.568634
67.651352
62.159218
61.874508
60.095894
60.902775
61.008907
60.654274
60.276939
51.927502
44.583984
48.159164
48.020157
47.723450
51.439407
44.226662
44.568310
54.105328
51.965679
50.882195
49.921394
47.659977
51.069988
49.845924
45.793278
43.719784
41.099041
40.636108
40.149094
41.655174
39.012142
45.022785
42.221992
32.950584
33.697205
36.732067
45.274509
40.335526
44.416767
44.253769
44.473209
46.073475
47.696785
49.110828
48.873669
51.159649
54.335705
55.298935
53.476746
49.387394
47.167759
48.416107
45.249687
48.852077
39.043438
46.463924
42.867237
41.151974
45.821255
37.102760
39.088417
37.105999
45.960518
58.387463
45.011089
56.554474
60.585400
59.799213
59.301979
59.663185
61.619652
63.637718
64.233398
65.569702
55.950802
55.392227
52.926453
59.369175
60.187969
53.424625
54.525246
55.496014
60.220955
48.720558
50.005779
51.794811
52.130226
52.486259
52.863804
53.064621
56.274509
61.888367
63.466885
61.017418
61.897240
63.831268
64.536194
65.792664
74.943321
79.155708
81.185036
70.609222
67.530258
64.059250
55.999828
55.805954
49.364250
47.025936
44.435364
39.722267
37.324127
34.927124
35.861008
33.408409
33.151382
32.087982
34.628502
40.245544
39.377964
42.067791
31.865913
28.529671
23.569153
22.022758
37.058784
35.107819
33.224190
34.420769
39.301384
38.199215
42.627316
43.759403
42.700775
36.458843
34.014336
35.994995
34.626923
33.747887
39.641174
40.552341
45.835651
54.385284
52.123081
53.000320
53.000320
58.471714
56.862011
61.868492
60.886574
61.864292
63.025532
64.837502
60.484619
63.313839
63.836662
56.598022
51.791370
51.791370
53.245594
54.236694
53.323715
53.003429
61.880154
62.515545
62.958817
67.327698
67.327698
68.752487
52.005199
64.868896
49.027798
46.733604
51.451847
56.521069
57.953800
58.250114
57.379158
49.250465
46.482998
41.888588
44.535156
44.743629
43.340187
41.416546
45.001373
54.079662
56.486126
54.297310
57.157822
60.639935
55.973862
57.892948
61.051044
67.537186
66.521866
69.372986
68.016869
70.728264
70.728264
71.492676
73.010719
74.004562
72.565720
71.077484
68.070618
64.751892
66.694855
62.259758
65.549271
65.549271
67.977112
60.344208
40.019241
33.387321
46.966946
51.924385
54.298935
54.600792
54.600792
44.816589
44.217773
39.781467
38.702332
37.338848
38.733517
37.245594
34.531364
36.114639
34.045708
26.284988
37.890800
35.418060
32.989189
43.433167
46.991993
49.332596
53.053295
53.053295
53.993652
56.643524
60.134537
60.420544
61.317142
55.454762
58.109016
60.032528
61.308052
60.018814
60.730270
58.488564
55.984867
48.527843
42.440109
46.976883
44.967968
46.686653
49.130768
47.489548
46.299816
43.929417
44.236870
45.523609
45.523609
45.221062
43.962471
40.897896
48.275608
48.997330
48.271965
47.514442
46.724800
45.503212
32.859283
17.182877
43.448421
39.726128
45.412327
45.727406
45.895557
43.987507
44.370678
42.047436
44.348667
39.855373
39.557705
37.592346
39.339993
42.084652
41.172726
44.045341
43.017086
40.762486
39.544998
36.968601
36.379562
26.631027
32.420700
29.758652
31.867294
50.080704
53.629299
47.104076
52.062992
54.219902
57.731056
58.586212
50.200809
52.432297
52.252193
57.586777
62.141811
63.022324
61.482361
61.911907
57.750465
57.289692
53.821262
59.460018
56.225304
58.318420
60.680573
61.519321
60.137798
69.104103
58.082840
50.195229
53.218269
54.774200
60.688072
62.450661
60.978489
60.106541
61.153404
60.181553
61.971359
59.110039
58.844044
58.000813
48.726589
48.277225
44.723804
42.612717
32.400909
29.682701
24.542542
19.597794
18.715042
18.476036
16.491501
24.478569
26.833633
26.303627
27.838577
35.115448
35.115440
33.797867
34.064293
31.984917
31.299072
42.011749
61.002876
64.361908
63.789276
65.549713
64.494499
67.738403
64.876907
54.888741
53.858402
54.622833
56.928230
54.162392
55.003216
55.355988
56.990086
57.911781
57.120831
54.964973
51.559521
48.804157
49.853607
36.542953
40.435406
43.894554
50.719162
51.937729
57.914772
57.673397
45.598354
49.817467
43.536732
48.504517
48.166458
44.492966
44.492966
43.788757
39.121033
48.603390
51.835041
53.581257
53.940907
54.322056
56.083241
56.284927
59.675289
58.244499
65.540550
65.697983
63.814167
46.386616
52.167870
44.137775
39.164940
38.515881
35.593719
34.850891
40.429409
44.711979
36.284462
38.273273
39.092239
39.092239
35.291008
33.535156
28.796188
37.040642
33.639587
37.550526
39.175957
39.808643
38.514320
50.617973
52.687664
52.851360
54.707764
61.018791
60.585865
62.722095
62.866592
61.081764
57.561893
57.307865
59.244816
59.442982
60.275021
59.292538
56.959526
72.355331
71.457710
73.791977
74.791084
68.252853
74.532379
77.799660
77.238022
80.754204
81.662880
79.921303
80.372093
81.420288
78.517387
72.630135
71.118904
75.034813
75.034813
69.710449
70.505928
68.253799
64.753471
69.500565
64.942749
65.749069
54.649403
61.625973
66.616974
64.422096
63.421944
64.170746
61.984337
57.500893
56.978725
58.402542
58.106678
59.434517
63.763607
64.155930
65.561356
65.767853
59.609245
55.417801
51.516739
62.062138
62.853153
64.449661
57.765568
54.422482
52.923199
42.771526
33.444641
33.013924
34.821854
30.022423
28.854370
31.715408
31.715408
33.440002
31.231422
29.458496
29.848373
34.524933
33.328575
32.919090
31.069183
49.431183
50.739662
57.182556
57.842339
55.099289
60.872131
61.487411
66.250183
68.900940
60.294838
55.080994
56.570992
62.830544
59.210011
54.765732
56.423355
55.872116
55.872116
56.849937
55.203270
51.961571
51.635029
34.876625
40.978256
44.698242
41.110573
47.422657
58.070503
56.284973
53.202045
49.067291
41.002640
37.997562
33.918205
34.392288
29.789215
28.653473
29.182144
26.631897
25.530640
32.622650
29.068123
27.605255
21.719597
33.683525
32.052887
42.760712
42.058620
48.575218
37.005199
41.216343
39.040417
36.857613
32.068886
39.080418
35.589836
36.672745
51.239773
50.481876
55.529114
54.377228
52.459541
53.728737
55.021893
51.116573
29.914040
25.454979
32.004158
30.254837
27.800217
33.030884
32.557304
32.375526
29.413170
34.158089
35.210983
32.797653
33.734261
33.954544
34.424072
34.798462
38.575092
39.331955
39.331955
38.062775
34.782028
41.498463
47.338905
42.480186
45.492599
51.703209
60.046143
62.760120
60.210117
62.237976
57.557922
55.751991
55.054398
60.391613
60.973869
58.335262
59.191086
60.265366
59.956322
59.791222
56.921623
60.189610
53.259975
46.903599
32.198982
22.667152
26.817322
24.802727
27.071953
30.890068
30.091667
26.135902
34.549629
42.652977
42.528351
41.611809
42.186859
51.018665
49.270363
51.390400
48.297142
52.461369
49.620758
47.201954
49.921501
40.980240
39.248047
40.648922
40.080181
36.820686
47.810055
51.804699
55.270462
57.444172
55.567947
57.295364
58.723007
56.578835
53.827271
54.559536
56.241116
54.785542
56.503021
57.624672
55.930264
56.504158
61.378799
59.619862
51.775734
44.531342
57.692543
48.092010
48.005974
42.590637
39.669903
38.393944
31.239975
43.680813
42.603550
48.980236
55.560047
54.117546
57.437187
57.992985
59.450268
59.906158
61.311417
61.380833
59.876820
60.596664
63.129520
62.722462
65.293167
65.453522
66.292099
64.603294
62.378536
62.697784
68.216408
68.026260
72.627556
75.778122
76.817497
77.310898
76.870422
79.566071
69.788368
68.466980
69.702553
66.880356
69.449440
71.964874
74.392136
73.726891
67.054100
69.365753
66.437317
66.973587
67.532257
64.254745
63.778542
52.818058
57.642197
62.310909
64.751556
63.693954
64.808174
62.734760
62.734760
52.734032
50.115543
53.157188
48.136982
32.150764
39.082890
37.044884
41.430332
45.107098
48.713036
48.852200
50.304432
52.063332
49.545364
50.825951
54.695698
44.085068
40.075714
45.847485
49.919037
52.941059
57.175915
56.549583
48.905167
42.284790
35.555412
40.768333
48.139324
48.035492
46.005138
46.005142
46.963005
48.096252
45.854084
46.950741
49.168194
51.507046
35.702972
28.640427
25.109962
24.518188
34.373238
37.469078
37.722187
39.947273
41.919117
42.461685
45.085789
47.913280
48.858547
48.587234
55.389950
51.909130
52.970062
56.934750
55.631382
53.807407
60.305569
48.034447
54.725506
57.566086
61.130383
57.826675
60.146194
59.413059
54.152710
54.965099
56.734276
58.150669
60.691380
58.433842
58.688431
59.358639
58.139725
60.744076
61.034161
60.314190
60.975197
66.528717
57.687813
52.601444
48.039913
47.861126
49.870304
44.185879
45.899666
46.779594
50.466953
46.207943
39.389206
44.261047
48.138153
48.744389
55.632835
56.979107
56.979107
58.791832
61.253334
65.388290
64.815277
61.341938
66.636810
70.110413
71.227142
71.607933
72.394821
77.535332
63.659061
70.850273
67.694595
67.694595
69.064316
71.150055
69.296356
68.745262
64.857025
66.039078
68.333199
74.006210
74.110268
79.640091
80.895645
77.465897
80.442459
77.947609
68.761185
