0.000000
0.000000
0.000000
0.000000
0.000000
0.000000
0.000000
0.000000
0.000000
0.000000
0.000000
0.000000
0.000000
0.000000
0.000000
0.000000
0.000000
0.000000
0.000000
0.000000
0.000000
0.000000
0.000000
0.000000
0.000000
0.000000
0.000000
0.000000
0.000000
0.000000
0.000000
0.000000
0.000000
0.000000
0.000000
0.000000
0.000000
0.000000
0.000000
0.000000
0.000000
0.000000
0.000000
0.000000
0.000000
0.000000
0.000000
0.000000
0.000000
0.000000
0.000000
0.000000
0.000000
0.000000
0.000000
0.000000
0.000000
0.000000
0.000000
0.000000
0.000000
0.000000
0.000000
0.000000
0.000000
0.000000
0.000000
0.000000
0.000000
0.000000
0.000000
0.000000
0.000000
0.000000
0.000000
0.000000
0.000000
0.000000
0.000000
0.000000
0.000000
0.000000
0.000000
0.000000
0.000000
0.000000
0.000000
0.000000
0.000000
0.000000
0.000000
0.000000
0.000000
0.000000
0.000000
0.000000
0.000000
0.000000
0.000000
0.000000
0.000000
0.000000
0.000000
0.000000
0.000000
0.000000
0.000000
0.000000
0.000000
0.000000
0.000000
0.000000
0.000000
0.000000
0.000000
0.000000
0.000000
0.000000
0.000000
0.000000
0.000000
0.000000
0.000000
0.000000
0.000000
0.000000
0.000000
0.000000
0.000000
0.000000
0.000000
0.000000
0.000000
0.000000
0.000000
0.000000
0.000000
0.000000
0.000000
0.000000
0.000000
0.000000
0.000000
0.000000
0.000000
0.000000
0.000000
0.000000
0.000000
0.000000
0.000000
0.000000
0.000000
0.000000
0.000000
0.000000
0.000000
0.000000
0.000000
0.000000
0.000000
0.000000
0.000000
0.000000
0.000000
0.000000
0.000000
0.000000
0.000000
0.000000
0.000000
0.000000
0.000000
0.000000
0.000000
0.000000
0.000000
0.000000
0.000000
0.000000
0.000000
0.000000
0.000000
0.000000
0.000000
0.000000
0.000000
0.000000
0.000000
0.000000
0.000000
0.000000
0.000000
0.000000
0.000000
0.000000
0.000000
0.000000
0.000000
0.000000
0.000000
0.000000
0.000000
0.000000
0.000000
0.000000
0.000000
0.000000
0.000000
0.000000
0.000000
0.000000
0.000000
0.000000
0.000000
0.000000
0.000000
0.000000
0.000000
0.000000
0.000000
0.000000
0.000000
0.000000
0.000000
0.000000
0.000000
0.000000
0.000000
0.000000
0.000000
0.000000
0.000000
0.000000
0.000000
0.000000
0.000000
0.000000
0.000000
0.000000
0.000000
0.000000
0.000000
0.000000
0.000000
0.000000
0.000000
0.000000
0.000000
0.000000
0.000000
0.000000
0.000000
0.000000
0.000000
0.000000
0.000000
0.000000
0.000000
0.000000
0.000000
0.000000
0.000000
0.000000
0.000000
0.000000
0.000000
0.000000
0.000000
0.000000
0.000000
0.000000
0.000000
0.000000
0.000000
0.000000
0.000000
0.000000
0.000000
0.000000
0.000000
0.000000
0.000000
0.000000
0.000000
0.000000
0.000000
0.000000
0.000000
0.000000
0.000000
0.000000
0.000000
0.000000
0.000000
0.000000
0.000000
0.000000
0.000000
0.000000
0.000000
0.000000
0.000000
0.000000
0.000000
-20.880000
-15.240000
-40.500000
-65.650000
-49.760000
132.520000
175.920000
123.160000
108.170000
33.410000
15.050000
16.760000
1.300000
1.300000
1.300000
1.300000
1.300000
1.300000
1.300000
1.300000
1.300000
1.300000
1.300000
1.300000
-17.230000
-89.180000
-97.090000
-98.860000
-108.790000
-129.420000
-137.760000
-188.540000
-188.540000
-188.540000
-188.540000
-188.540000
-188.540000
-188.540000
-188.540000
-188.540000
-188.540000
-188.540000
-188.540000
-188.540000
-188.540000
-188.540000
-188.540000
-188.540000
-188.540000
-188.540000
-188.540000
-188.540000
-188.540000
-188.540000
-188.540000
-188.540000
-188.540000
-188.540000
-188.540000
-188.540000
-188.540000
-188.540000
-188.540000
-188.540000
-188.540000
-188.540000
-188.540000
-188.540000
-188.540000
-188.540000
-188.540000
-188.540000
-188.540000
-188.540000
-188.540000
-188.540000
-188.540000
-188.540000
-188.540000
-188.540000
-188.540000
-188.540000
-188.540000
-188.540000
-188.540000
-188.540000
-188.540000
-188.540000
-188.540000
-188.540000
-188.540000
-188.540000
-188.540000
-188.540000
-188.540000
-188.540000
-188.540000
-188.540000
-188.540000
-188.540000
-188.540000
-188.540000
-188.540000
-188.540000
-188.540000
-188.540000
-188.540000
-188.540000
-188.540000
-188.540000
-188.540000
-188.930000
-226.870000
-196.440000
-189.830000
-167.910000
-213.190000
-288.060000
-268.570000
-268.570000
-268.570000
-268.570000
-268.570000
-268.570000
-268.570000
-268.570000
-268.570000
-268.570000
-268.570000
-268.570000
-268.570000
-268.570000
-268.570000
-268.570000
-268.570000
-268.570000
-268.570000
-268.570000
-268.570000
-268.570000
-268.570000
-268.570000
-268.570000
-268.570000
-268.570000
-268.570000
-268.570000
-268.570000
-268.570000
-268.570000
-268.570000
-268.570000
-268.570000
-268.570000
-268.570000
-268.570000
-268.570000
-268.570000
-268.570000
-268.570000
-268.570000
-268.570000
-268.570000
-268.570000
-268.570000
-268.570000
-268.570000
-268.570000
-268.570000
-268.570000
-268.570000
-250.530000
-337.580000
-265.450000
-297.010000
-161.130000
-280.820000
-259.120000
-276.240000
-276.240000
-276.240000
-276.240000
-276.240000
-276.240000
-276.240000
-276.240000
-276.240000
-276.240000
-276.240000
-276.240000
-276.240000
-276.240000
-276.240000
-276.240000
-276.240000
-276.240000
-276.240000
-276.240000
-276.240000
-276.240000
-276.240000
-276.240000
-276.240000
-276.240000
-276.240000
-276.240000
-276.240000
-276.240000
-276.240000
-276.240000
-276.240000
-276.240000
-276.240000
-276.240000
-276.240000
-276.240000
-276.240000
-276.240000
-276.240000
-276.240000
-276.240000
-276.240000
-276.240000
-276.240000
-276.240000
-276.240000
-276.240000
-276.240000
-276.240000
-276.240000
-276.240000
-276.240000
-276.240000
-276.240000
-276.240000
-276.240000
-276.240000
-276.240000
-276.240000
-276.240000
-276.240000
-276.240000
-276.240000
-276.240000
-276.240000
-276.240000
-276.240000
-276.240000
-276.240000
-276.240000
-276.240000
-276.240000
-276.240000
-276.240000
-276.240000
-276.240000
-276.240000
-276.240000
-276.240000
-276.240000
-276.240000
-276.240000
-276.240000
-276.240000
-276.240000
-276.240000
-276.240000
-276.240000
-276.240000
-276.240000
-276.240000
-276.240000
-276.240000
-276.240000
-276.240000
-276.240000
-276.240000
-276.240000
-276.240000
-276.240000
-276.240000
-276.240000
-276.240000
-276.240000
-276.240000
-276.240000
-276.240000
-276.240000
-276.240000
-276.240000
-276.240000
-276.240000
-276.240000
-276.240000
-276.240000
-276.240000
-276.240000
-276.240000
-276.240000
-276.240000
-276.240000
-276.240000
-276.240000
-276.240000
-276.240000
-276.240000
-276.240000
-276.240000
-276.240000
-276.240000
-276.240000
-276.240000
-276.240000
-276.240000
-276.240000
-276.240000
-276.240000
-276.240000
-276.240000
-276.240000
-276.240000
-276.240000
-276.240000
-276.240000
-276.240000
-276.240000
-276.240000
-276.240000
-276.240000
-276.240000
-276.240000
-276.240000
-276.240000
-276.240000
-276.240000
-276.240000
-276.240000
-276.240000
-276.240000
-276.240000
-276.240000
-276.240000
-276.240000
-276.240000
-276.240000
-276.240000
-276.240000
-276.240000
-276.240000
-276.240000
-276.240000
-276.240000
-276.240000
-276.240000
-276.240000
-276.240000
-276.240000
-276.240000
-276.240000
-276.240000
-276.240000
-276.240000
-276.240000
-276.240000
-276.240000
-276.240000
-276.240000
-276.240000
-276.240000
-276.240000
-276.240000
-276.240000
-276.240000
-276.240000
-276.240000
-276.240000
-276.240000
-276.240000
-276.240000
-276.240000
-276.240000
-276.240000
-276.240000
-276.240000
-276.240000
-276.240000
-276.240000
-276.240000
-276.240000
-276.240000
-276.240000
-276.240000
-276.240000
-276.240000
-276.240000
-276.240000
-276.240000
-276.240000
-276.240000
-276.240000
-276.240000
-276.240000
-276.240000
-276.240000
-276.240000
-276.240000
-276.240000
-276.240000
-276.240000
-276.240000
-276.240000
-276.240000
-276.240000
-276.240000
-276.240000
-276.240000
-276.240000
-276.240000
-276.240000
-276.240000
-276.240000
-276.240000
-276.240000
-276.240000
-276.240000
-276.240000
-276.240000
-276.240000
-276.240000
-276.240000
-276.240000
-276.240000
-276.240000
-276.240000
-276.240000
-276.240000
-276.240000
-276.240000
-276.240000
-276.240000
-276.240000
-276.240000
-276.240000
-276.240000
-276.240000
-276.240000
-276.240000
-276.240000
-276.240000
-276.240000
-276.240000
-276.240000
-276.240000
-276.240000
-276.240000
-276.240000
-276.240000
-276.240000
-276.240000
-276.240000
-276.240000
-320.520000
-256.720000
-434.260000
-709.850000
-709.850000
-844.800000
-804.500000
-759.090000
-835.210000
-811.370000
-803.120000
-759.630000
-788.880000
-788.880000
-788.880000
-788.880000
-788.880000
-788.880000
-788.880000
-788.880000
-788.880000
-788.880000
-788.880000
-788.880000
-788.880000
-788.880000
-788.880000
-788.880000
-788.880000
-788.880000
-788.880000
-788.880000
-788.880000
-788.880000
-788.880000
-788.880000
-788.880000
-788.880000
-788.880000
-788.880000
-788.880000
-788.880000
-788.880000
-788.880000
-788.880000
-788.880000
-788.880000
-788.880000
-788.880000
-788.880000
-788.880000
-788.880000
-788.880000
-788.880000
-788.880000
-788.880000
-788.880000
-788.880000
-788.880000
-788.880000
-788.880000
-1012.250000
-818.480000
-614.980000
-719.350000
-779.030000
-758.790000
-611.240000
-703.520000
-703.520000
-703.520000
-703.520000
-703.520000
-703.520000
-703.520000
-703.520000
-703.520000
-703.520000
-703.520000
-703.520000
-701.790000
-1140.930000
-1140.930000
-1140.930000
-1140.930000
-1140.930000
-1140.930000
-1140.930000
-1140.930000
-1140.930000
-1140.930000
-1140.930000
-1140.930000
-1140.930000
-1140.930000
-1140.930000
-1140.930000
-1140.930000
-1140.930000
-1140.930000
-1140.930000
-1140.930000
-1140.930000
-1140.930000
-1140.930000
-1140.930000
-1140.930000
-1140.930000
-1140.930000
-1140.930000
-1140.930000
-1140.930000
-1140.930000
-1140.930000
-1140.930000
-1140.930000
-1140.930000
-1140.930000
-1140.930000
-1140.930000
-1140.930000
-1140.930000
-1140.930000
-1140.930000
-1140.930000
-1140.930000
-1140.930000
-1140.930000
-1140.930000
-1140.930000
-1140.930000
-1140.930000
-1140.930000
-1140.930000
-1140.930000
-1140.930000
-1140.930000
-1140.930000
-1140.930000
-1140.930000
-1140.930000
-1140.930000
-1140.930000
-1140.930000
-1140.930000
-1140.930000
-1140.930000
-1140.930000
-1140.930000
-1140.930000
-1140.930000
-1140.930000
-1140.930000
-1140.930000
-1140.930000
-1140.930000
-1140.930000
-1140.930000
-1140.930000
-1140.930000
-1140.930000
-1140.930000
-1140.930000
-1140.930000
-1140.930000
-1140.930000
-1140.930000
-1140.930000
-1140.930000
-1140.930000
-1140.930000
-1140.930000
-1140.930000
-1140.930000
-1140.930000
-1140.930000
-960.870000
-1153.240000
-1170.470000
-1171.540000
-957.440000
-942.680000
-942.680000
-942.680000
-942.680000
-942.680000
-942.680000
-942.680000
-942.680000
-942.680000
-942.680000
-942.680000
-942.680000
-942.680000
-942.680000
-942.680000
-942.680000
-942.680000
-942.680000
-942.680000
-942.680000
-942.680000
-942.680000
-942.680000
-942.680000
-942.680000
-942.680000
-942.680000
-942.680000
-942.680000
-942.680000
-942.680000
-942.680000
-942.680000
-942.680000
-942.680000
-942.680000
-942.680000
-994.870000
-843.310000
-1017.460000
-934.280000
-941.400000
-771.240000
-831.860000
-792.810000
-792.810000
-792.810000
-792.810000
-792.810000
-792.810000
-792.810000
-792.810000
-792.810000
-792.810000
-792.810000
-792.810000
-792.810000
-792.810000
-835.220000
-818.650000
-761.440000
-751.190000
-781.810000
-853.330000
-815.300000
-636.000000
-636.000000
-636.000000
-636.000000
-636.000000
-636.000000
-636.000000
-636.000000
-636.000000
-636.000000
-636.000000
-636.000000
-636.000000
-636.000000
-636.000000
-636.000000
-636.000000
-636.000000
-636.000000
-636.000000
-636.000000
-636.000000
-636.000000
-636.000000
-636.000000
-636.000000
-636.000000
-636.000000
-636.000000
-636.000000
-636.000000
-636.000000
-636.000000
-636.000000
-636.000000
-730.710000
-720.880000
-656.870000
-673.840000
-762.820000
-721.960000
-589.670000
-653.950000
-653.950000
-653.950000
-653.950000
-653.950000
-653.950000
-653.950000
-653.950000
-653.950000
-653.950000
-653.950000
-653.950000
-653.950000
-653.950000
-653.950000
-653.950000
-653.950000
-653.950000
-653.950000
-653.950000
-653.950000
-653.950000
-653.950000
-653.950000
-653.950000
-653.950000
-653.950000
-653.950000
-653.950000
-653.950000
-653.950000
-653.950000
-653.950000
-653.950000
-653.950000
-653.950000
-653.950000
-653.950000
-653.950000
-653.950000
-653.950000
-653.950000
-653.950000
-653.950000
-653.950000
-653.950000
-653.950000
-653.950000
-653.950000
-653.950000
-653.950000
-653.950000
-653.950000
-653.950000
-653.950000
-653.950000
-653.950000
-653.950000
-653.950000
-653.950000
-653.950000
-653.950000
-653.950000
-653.950000
-653.950000
-653.950000
-653.950000
-653.950000
-653.950000
-653.950000
-653.950000
-653.950000
-653.950000
-653.950000
-653.950000
-653.950000
-653.950000
-653.950000
-653.950000
-653.950000
-653.950000
-653.950000
-653.950000
-653.950000
-653.950000
-653.950000
-653.950000
-653.950000
-653.950000
-653.950000
-653.950000
-653.950000
-653.950000
-653.950000
-653.950000
-653.950000
-653.950000
-653.950000
-653.950000
-653.950000
-653.950000
-653.950000
-653.950000
-653.950000
-653.950000
-653.950000
-653.950000
-653.950000
-653.950000
-653.950000
-653.950000
-653.950000
-653.950000
-653.950000
-653.950000
-653.950000
-653.950000
-653.950000
-653.950000
-653.950000
-653.950000
-653.950000
-653.950000
-653.950000
-653.950000
-653.950000
-653.950000
-653.950000
-653.950000
-653.950000
-653.950000
-653.950000
-653.950000
-653.950000
-653.950000
-653.950000
-653.950000
-653.950000
-653.950000
-653.950000
-653.950000
-653.950000
-653.950000
-653.950000
-653.950000
-653.950000
-653.950000
-653.950000
-653.950000
-653.950000
-653.950000
-653.950000
-653.950000
-653.950000
-653.950000
-653.950000
-653.950000
-653.950000
-653.950000
-653.950000
-653.950000
-653.950000
-653.950000
-653.950000
-653.950000
-653.950000
-653.950000
-653.950000
-653.950000
-653.950000
-653.950000
-653.950000
-653.950000
-653.950000
-653.950000
-653.950000
-653.950000
-653.950000
-653.950000
-653.950000
-653.950000
-653.950000
-653.950000
-653.950000
-653.950000
-653.950000
-653.950000
-653.950000
-653.950000
-653.950000
-653.950000
-653.950000
-653.950000
-653.950000
-653.950000
-653.950000
-653.950000
-653.950000
-653.950000
-653.950000
-653.950000
-653.950000
-653.950000
-653.950000
-653.950000
-653.950000
-653.950000
-653.950000
-653.950000
-653.950000
-653.950000
-653.950000
-653.950000
-653.950000
-653.950000
-653.950000
-653.950000
-653.950000
-653.950000
-653.950000
-653.950000
-653.950000
-653.950000
-653.950000
-653.950000
-653.950000
-653.950000
-653.950000
-653.950000
-653.950000
-653.950000
-653.950000
-653.950000
-653.950000
-653.950000
-653.950000
-653.950000
-653.950000
-653.950000
-653.950000
-653.950000
-653.950000
-653.950000
-653.950000
-653.950000
-653.950000
-653.950000
-653.950000
-653.950000
-653.950000
-653.950000
-653.950000
-653.950000
-653.950000
-653.950000
-653.950000
-653.950000
-653.950000
-653.950000
-653.950000
-653.950000
-653.950000
-653.950000
-653.950000
-653.950000
-653.950000
-653.950000
-653.950000
-653.950000
-653.950000
-653.950000
-653.950000
-653.950000
-653.950000
-653.950000
-653.950000
-653.950000
-653.950000
-653.950000
-653.950000
-653.950000
-653.950000
-653.950000
-653.950000
-653.950000
-653.950000
-653.950000
-653.950000
-653.950000
-653.950000
-653.950000
-653.950000
-653.950000
-653.950000
-653.950000
-653.950000
-653.950000
-653.950000
-653.950000
-653.950000
-653.950000
-653.950000
-653.950000
-653.950000
-653.950000
-653.950000
-653.950000
-653.950000
-653.950000
-653.950000
-653.950000
-653.950000
-653.950000
-653.950000
-653.950000
-653.950000
-653.950000
-653.950000
-653.950000
-653.950000
-653.950000
-653.950000
-653.950000
-653.950000
-653.950000
-653.950000
-653.950000
-653.950000
-653.950000
-653.950000
-653.950000
-653.950000
-653.950000
-653.950000
-653.950000
-653.950000
-653.950000
-653.950000
-653.950000
-653.950000
-653.950000
-653.950000
-653.950000
-653.950000
-653.950000
-653.950000
-653.950000
-653.950000
-653.950000
-653.950000
-653.950000
-653.950000
-653.950000
-653.950000
-653.950000
-653.950000
-653.950000
-653.950000
-653.950000
-653.950000
-653.950000
-653.950000
-653.950000
-653.950000
-653.950000
-653.950000
-653.950000
-653.950000
-653.950000
-653.950000
-653.950000
-653.950000
-653.950000
-653.950000
-653.950000
-653.950000
-653.950000
-653.950000
-653.950000
-653.950000
-653.950000
-653.950000
-653.950000
-673.330000
-704.250000
-729.680000
-733.090000
-747.350000
-738.560000
-759.810000
-654.860000
-654.860000
-654.860000
-654.860000
-654.860000
-654.860000
-654.860000
-654.860000
-654.860000
-654.860000
-654.860000
-654.860000
-654.860000
-654.860000
-654.860000
-654.860000
-654.860000
-654.860000
-654.860000
-654.860000
-654.860000
-654.860000
-654.860000
-654.860000
-654.860000
-654.860000
-654.860000
-654.860000
-654.860000
-654.860000
-654.860000
-654.860000
-654.860000
-654.860000
-654.860000
-654.860000
-654.860000
-654.860000
-654.860000
-654.860000
-654.860000
-654.860000
-654.860000
-654.860000
-654.860000
-654.860000
-654.860000
-654.860000
-654.860000
-654.860000
-654.860000
-654.860000
-654.860000
-654.860000
-654.860000
-654.860000
-654.860000
-654.860000
-654.860000
-654.860000
-654.860000
-654.860000
-654.860000
-654.860000
-654.860000
-654.860000
-654.860000
-654.860000
-654.860000
-654.860000
-654.860000
-654.860000
-654.860000
-654.860000
-654.860000
-654.860000
-654.860000
-654.860000
-654.860000
-654.860000
-654.860000
-654.860000
-654.860000
-654.860000
-654.860000
-654.860000
-654.860000
-654.860000
-654.860000
-654.860000
-654.860000
-654.860000
-654.860000
-654.860000
-654.860000
-654.860000
-654.860000
-654.860000
-654.860000
-654.860000
-654.860000
-654.860000
-654.860000
-654.860000
-654.860000
-654.860000
-654.860000
-654.860000
-654.860000
-654.860000
-654.860000
-654.860000
-654.860000
-654.860000
-654.860000
-654.860000
-654.860000
-654.860000
-654.860000
-654.860000
-654.860000
-654.860000
-654.860000
-654.860000
-654.860000
-654.860000
-654.860000
-654.860000
-654.860000
-654.860000
-654.860000
-654.860000
-654.860000
-654.860000
-654.860000
-654.860000
-654.860000
-654.860000
-654.860000
-654.860000
-654.860000
-654.860000
-654.860000
-654.860000
-654.860000
-654.860000
-654.860000
-654.860000
-654.860000
-654.860000
-654.860000
-654.860000
-654.860000
-654.860000
-654.860000
-654.860000
-654.860000
-654.860000
-654.860000
-654.860000
-654.860000
-654.860000
-654.860000
-654.860000
-654.860000
-654.860000
-654.860000
-654.860000
-654.860000
-654.860000
-654.860000
-654.860000
-654.860000
-654.860000
-654.860000
-654.860000
-654.860000
-654.860000
-654.860000
-654.860000
-654.860000
-654.860000
-654.860000
-654.860000
-654.860000
-654.860000
-654.860000
-654.860000
-654.860000
-654.860000
-654.860000
-654.860000
-654.860000
-654.860000
-654.860000
-654.860000
-654.860000
-654.860000
-654.860000
-654.860000
-654.860000
-654.860000
-654.860000
-654.860000
-654.860000
-654.860000
-654.860000
-654.860000
-654.860000
-654.860000
-654.860000
-654.860000
-654.860000
-654.860000
-654.860000
-654.860000
-654.860000
-654.860000
-654.860000
-654.860000
-654.860000
-654.860000
-654.860000
-654.860000
-654.860000
-654.860000
-654.860000
-654.860000
-654.860000
-654.860000
-654.860000
-654.860000
-654.860000
-654.860000
-654.860000
-654.860000
-654.860000
-654.860000
-654.860000
-654.860000
-654.860000
-654.860000
-654.860000
-654.860000
-654.860000
-654.860000
-654.860000
-654.860000
-654.860000
-654.860000
-654.860000
-654.860000
-654.860000
-654.860000
-654.860000
-654.860000
-654.860000
-654.860000
-654.860000
-590.550000
-556.140000
-611.110000
-596.280000
-634.310000
-602.760000
-688.450000
-668.050000
-668.050000
-668.050000
-668.050000
-668.050000
-668.050000
-668.050000
-668.050000
-668.050000
-668.050000
-668.050000
-668.050000
-668.050000
-668.050000
-668.050000
-668.050000
-668.050000
-668.050000
-668.050000
-668.050000
-668.050000
-668.050000
-668.050000
-668.050000
-668.050000
-668.050000
-668.050000
-668.050000
-668.050000
-668.050000
-668.050000
-668.050000
-668.050000
-668.050000
-668.050000
-668.050000
-668.050000
-668.050000
-668.050000
-668.050000
-668.050000
-668.050000
-668.050000
-668.050000
-668.050000
-668.050000
-668.050000
-668.050000
-668.050000
-668.050000
-668.050000
-668.050000
-668.050000
-668.050000
-668.050000
-668.050000
-668.050000
-668.050000
-668.050000
-668.050000
-668.050000
-668.050000
-668.050000
-668.050000
-668.050000
-668.050000
-668.050000
-668.050000
-668.050000
-668.050000
-668.050000
-668.050000
-668.050000
-668.050000
-668.050000
-668.050000
-668.050000
-668.050000
-668.050000
-668.050000
-668.050000
-668.050000
-668.050000
-668.050000
-668.050000
-668.050000
-668.050000
-668.050000
-668.050000
-668.050000
-668.050000
-668.050000
-668.050000
-668.050000
-668.050000
-668.050000
-668.050000
-668.050000
-668.050000
-668.050000
-668.050000
-668.050000
-668.050000
-668.050000
-668.050000
-668.050000
-668.050000
-668.050000
-668.050000
-668.050000
-668.050000
-668.050000
-668.050000
-668.050000
-668.050000
-668.050000
-668.050000
-668.050000
-668.050000
-723.750000
-652.180000
-583.950000
-605.380000
-681.850000
-637.050000
-644.880000
-529.860000
-529.860000
-529.860000
-529.860000
-529.860000
-529.860000
-529.860000
-529.860000
-626.240000
-659.660000
-626.450000
-728.260000
-719.820000
-663.820000
-706.890000
-705.620000
-705.620000
-705.620000
-705.620000
-705.620000
-705.620000
-705.620000
-705.620000
-705.620000
-705.620000
-705.620000
-705.620000
-705.620000
-705.620000
-705.620000
-705.620000
-705.620000
-705.620000
-705.620000
-705.620000
-705.620000
-705.620000
-705.620000
-705.620000
-705.620000
-705.620000
-705.620000
-705.620000
-705.620000
-705.620000
-705.620000
-705.620000
-705.620000
-705.620000
-705.620000
-705.620000
-705.620000
-705.620000
-705.620000
-705.620000
-705.620000
-705.620000
-705.620000
-705.620000
-705.620000
-705.620000
-705.620000
-705.620000
-705.620000
-705.620000
-705.620000
-705.620000
-705.620000
-705.620000
-705.620000
-705.620000
-705.620000
-705.620000
-705.620000
-705.620000
-705.620000
-705.620000
-705.620000
-705.620000
-705.620000
-705.620000
-705.620000
-705.620000
-705.620000
-705.620000
-705.620000
-705.620000
-705.620000
-705.620000
-705.620000
-705.620000
-705.620000
-705.620000
-705.620000
-705.620000
-705.620000
-705.620000
-705.620000
-705.620000
-705.620000
-705.620000
-705.620000
-705.620000
-705.620000
-705.620000
-705.620000
-705.620000
-705.620000
-705.620000
-705.620000
-705.620000
-705.620000
-705.620000
-705.620000
-705.620000
-705.620000
-705.620000
-705.620000
-705.620000
-705.620000
-705.620000
-705.620000
-705.620000
-705.620000
-705.620000
-705.620000
-705.620000
-705.620000
-705.620000
-705.620000
-705.620000
-705.620000
-705.620000
-705.620000
-705.620000
-705.620000
-705.620000
-705.620000
-705.620000
-705.620000
-705.620000
-705.620000
-705.620000
-705.620000
-705.620000
-705.620000
-705.620000
-705.620000
-705.620000
-705.620000
-705.620000
-705.620000
-705.620000
-705.620000
-705.620000
-705.620000
-705.620000
-705.620000
-705.620000
-705.620000
-705.620000
-705.620000
-705.620000
-705.620000
-705.620000
-705.620000
-705.620000
-705.620000
-705.620000
-705.620000
-705.620000
-705.620000
-705.620000
-705.620000
-705.620000
-705.620000
-705.620000
-705.620000
-705.620000
-705.620000
-705.620000
-705.620000
-705.620000
-705.620000
-705.620000
-705.620000
-705.620000
-705.620000
-705.620000
-705.620000
-705.620000
-705.620000
-705.620000
-705.620000
-705.620000
-705.620000
-705.620000
-705.620000
-705.620000
-705.620000
-705.620000
-705.620000
-705.620000
-705.620000
-705.620000
-705.620000
-575.930000
-526.170000
-557.700000
-533.000000
-606.150000
-687.600000
-522.610000
-710.920000
-710.920000
-710.920000
-710.920000
-710.920000
-710.920000
-710.920000
-710.920000
-710.920000
-710.920000
-710.920000
-710.920000
-710.920000
-710.920000
-710.920000
-710.920000
-710.920000
-710.920000
-710.920000
-710.920000
-710.920000
-710.920000
-710.920000
-710.920000
-710.920000
-710.920000
-710.920000
-710.920000
-710.920000
-710.920000
-710.920000
-710.920000
-710.920000
-710.920000
-710.920000
-710.920000
-710.920000
-710.920000
-710.920000
-710.920000
-710.920000
-710.920000
-710.920000
-710.920000
-710.920000
-710.920000
-710.920000
-710.920000
-710.920000
-710.920000
-710.920000
-710.920000
-710.920000
-710.920000
-710.920000
-710.920000
-710.920000
-710.920000
-710.920000
-710.920000
-710.920000
-710.920000
-710.920000
-710.920000
-710.920000
-710.920000
-710.920000
-710.920000
-710.920000
-710.920000
-710.920000
-710.920000
-710.920000
-710.920000
-710.920000
-710.920000
-710.920000
-710.920000
-710.920000
-710.920000
-710.920000
-710.920000
-710.920000
-710.920000
-710.920000
-710.920000
-710.920000
-710.920000
-710.920000
-710.920000
-710.920000
-710.920000
-710.920000
-710.920000
-710.920000
-710.920000
-710.920000
-710.920000
-710.920000
-710.920000
-710.920000
-710.920000
-710.920000
-710.920000
-710.920000
-710.920000
-710.920000
-710.920000
-710.920000
-710.920000
-710.920000
-710.920000
-710.920000
-710.920000
-710.920000
-710.920000
-710.920000
-710.920000
-710.920000
-710.920000
-710.920000
-710.920000
-710.920000
-710.920000
-710.920000
-710.920000
-710.920000
-710.920000
-710.920000
-710.920000
-710.920000
-710.920000
-710.920000
-710.920000
-710.920000
-710.920000
-710.920000
-710.920000
-710.920000
-710.920000
-710.920000
-710.920000
-710.920000
-710.920000
-710.920000
-710.920000
-710.920000
-710.920000
-710.920000
-710.920000
-665.580000
-677.640000
-488.730000
-427.500000
-370.730000
-305.100000
-310.740000
-307.720000
-307.720000
-307.720000
-307.720000
-307.720000
-307.720000
-307.720000
-307.720000
-307.720000
-307.720000
-307.720000
-307.720000
-307.720000
-307.720000
-307.720000
-307.720000
-307.720000
-307.720000
-307.720000
-307.720000
-307.720000
-307.720000
-307.720000
-307.720000
-307.720000
-307.720000
-307.720000
-307.720000
-307.720000
-307.720000
-307.720000
-307.720000
-307.720000
-307.720000
-307.720000
-307.720000
-307.720000
-307.720000
-307.720000
-307.720000
-307.720000
-307.720000
-307.720000
-307.720000
-307.720000
-307.720000
-307.720000
-307.720000
-307.720000
-307.720000
-307.720000
-307.720000
-307.720000
-307.720000
-307.720000
-307.720000
-307.720000
-307.720000
-307.720000
-209.380000
-182.430000
-212.720000
-192.410000
-251.200000
-274.240000
-321.340000
-446.150000
-446.150000
-446.150000
-446.150000
-446.150000
-446.150000
-446.150000
-446.150000
-446.150000
-446.150000
-446.150000
-446.150000
-446.150000
-446.150000
-446.150000
-446.150000
-446.150000
-446.150000
-446.150000
-446.150000
-446.150000
-446.150000
-446.150000
-446.150000
-446.150000
-446.150000
-446.150000
-446.150000
-446.150000
-446.150000
-446.150000
-446.150000
-446.150000
-446.150000
-446.150000
-446.150000
-446.150000
-446.150000
-446.150000
-446.150000
-446.150000
-446.150000
-446.150000
-446.150000
-446.150000
-446.150000
-446.150000
-446.150000
-446.150000
-446.150000
-446.150000
-446.150000
-505.850000
-596.920000
-626.570000
-455.150000
-566.420000
-437.010000
-410.790000
-543.290000
-543.290000
-543.290000
-543.290000
-543.290000
-543.290000
-543.290000
-543.290000
-543.290000
-543.290000
-543.290000
-543.290000
-543.290000
-543.290000
-543.290000
-543.290000
-543.290000
-543.290000
-543.290000
-543.290000
-543.290000
-543.290000
-543.290000
-543.290000
-543.290000
-543.290000
-543.290000
-543.290000
-543.290000
-543.290000
-543.290000
-543.290000
-543.290000
-543.290000
-543.290000
-543.290000
-543.290000
-543.290000
-543.290000
-543.290000
-543.290000
-543.290000
-543.290000
-543.290000
-543.290000
-543.290000
-543.290000
-543.290000
-543.290000
-543.290000
-543.290000
-543.290000
-543.290000
-543.290000
-543.290000
-543.290000
-543.290000
-543.290000
-543.290000
-543.290000
-543.290000
-543.290000
-543.290000
-543.290000
-543.290000
-543.290000
-543.290000
-543.290000
-543.290000
-543.290000
-543.290000
-543.290000
-543.290000
-543.290000
-543.290000
-543.290000
-543.290000
-543.290000
-543.290000
-543.290000
-543.290000
-543.290000
-543.290000
-543.290000
-543.290000
-543.290000
-543.290000
-543.290000
-543.290000
-543.290000
-543.290000
-543.290000
-543.290000
-543.290000
-543.290000
-543.290000
-543.290000
-543.290000
-543.290000
-543.290000
-543.290000
-543.290000
-543.290000
-543.290000
-543.290000
-543.290000
-543.290000
-543.290000
-543.290000
-543.290000
-543.290000
-543.290000
-543.290000
-543.290000
-543.290000
-543.290000
-543.290000
-543.290000
-543.290000
-543.290000
-543.290000
-543.290000
-543.290000
-543.290000
-543.290000
-543.290000
-543.290000
-543.290000
-543.290000
-543.290000
-543.290000
-543.290000
-543.290000
-543.290000
-543.290000
-543.290000
-543.290000
-543.290000
-543.290000
-543.290000
-543.290000
-543.290000
-543.290000
-543.290000
-543.290000
-543.290000
-543.290000
-543.290000
-485.210000
-461.840000
-601.810000
-458.280000
-568.130000
-427.760000
-406.120000
-430.770000
-430.770000
-430.770000
-430.770000
-430.770000
-430.770000
-430.770000
-430.770000
-430.770000
-430.770000
-319.640000
-323.380000
-90.900000
219.260000
219.260000
219.260000
219.260000
219.260000
219.260000
219.260000
219.260000
219.260000
219.260000
219.260000
219.260000
219.260000
219.260000
219.260000
219.260000
219.260000
219.260000
219.260000
219.260000
219.260000
219.260000
219.260000
219.260000
219.260000
219.260000
219.260000
219.260000
219.260000
219.260000
219.260000
219.260000
219.260000
219.260000
219.260000
219.260000
219.260000
219.260000
219.260000
219.260000
219.260000
219.260000
219.260000
219.260000
219.260000
219.260000
219.260000
219.260000
219.260000
219.260000
219.260000
219.260000
219.260000
219.260000
219.260000
219.260000
219.260000
219.260000
219.260000
219.260000
219.260000
219.260000
219.260000
219.260000
219.260000
219.260000
219.260000
219.260000
219.260000
219.260000
219.260000
219.260000
219.260000
219.260000
219.260000
219.260000
219.260000
219.260000
219.260000
219.260000
219.260000
219.260000
219.260000
219.260000
219.260000
219.260000
219.260000
219.260000
219.260000
219.260000
219.260000
219.260000
219.260000
219.260000
219.260000
219.260000
219.260000
219.260000
219.260000
219.260000
219.260000
219.260000
219.260000
219.260000
219.260000
219.260000
219.260000
219.260000
219.260000
219.260000
219.260000
219.260000
219.260000
219.260000
219.260000
219.260000
219.260000
219.260000
219.260000
219.260000
219.260000
219.260000
219.260000
219.260000
219.260000
219.260000
219.260000
219.260000
219.260000
219.260000
219.260000
219.260000
219.260000
219.260000
219.260000
219.260000
219.260000
219.260000
219.260000
219.260000
219.260000
219.260000
219.260000
219.260000
219.260000
219.260000
219.260000
219.260000
219.260000
219.260000
219.260000
219.260000
219.260000
219.260000
219.260000
377.580000
142.030000
-9.200000
17.810000
-70.660000
50.330000
121.550000
522.330000
522.330000
522.330000
522.330000
522.330000
522.330000
522.330000
522.330000
522.330000
522.330000
522.330000
522.330000
522.330000
522.330000
522.330000
522.330000
522.330000
522.330000
522.330000
522.330000
522.330000
522.330000
522.330000
522.330000
522.330000
522.330000
522.330000
522.330000
522.330000
522.330000
522.330000
522.330000
522.330000
522.330000
522.330000
522.330000
522.330000
522.330000
522.330000
522.330000
522.330000
522.330000
522.330000
522.330000
522.330000
522.330000
522.330000
522.330000
522.330000
522.330000
522.330000
522.330000
522.330000
522.330000
522.330000
522.330000
522.330000
522.330000
522.330000
522.330000
522.330000
522.330000
522.330000
522.330000
522.330000
522.330000
522.330000
522.330000
522.330000
522.330000
522.330000
522.330000
522.330000
522.330000
522.330000
522.330000
522.330000
522.330000
522.330000
522.330000
522.330000
522.330000
522.330000
522.330000
522.330000
522.330000
522.330000
522.330000
522.330000
522.330000
522.330000
522.330000
522.330000
522.330000
522.330000
522.330000
522.330000
522.330000
522.330000
522.330000
522.330000
522.330000
522.330000
522.330000
522.330000
522.330000
522.330000
522.330000
522.330000
522.330000
522.330000
522.330000
522.330000
522.330000
522.330000
522.330000
522.330000
522.330000
522.330000
522.330000
522.330000
522.330000
522.330000
522.330000
522.330000
522.330000
522.330000
522.330000
522.330000
522.330000
522.330000
522.330000
522.330000
522.330000
522.330000
522.330000
522.330000
522.330000
522.330000
522.330000
522.330000
522.330000
522.330000
522.330000
522.330000
522.330000
522.330000
522.330000
522.330000
522.330000
522.330000
522.330000
522.330000
522.330000
522.330000
522.330000
522.330000
522.330000
522.330000
522.330000
522.330000
522.330000
522.330000
522.330000
522.330000
522.330000
522.330000
522.330000
522.330000
522.330000
522.330000
522.330000
522.330000
430.380000
459.790000
434.010000
496.570000
635.550000
570.190000
628.860000
678.870000
678.870000
678.870000
678.870000
678.870000
678.870000
678.870000
678.870000
678.870000
678.870000
678.870000
678.870000
678.870000
678.870000
780.720000
922.390000
967.560000
975.760000
922.960000
922.960000
922.960000
922.960000
922.960000
922.960000
922.960000
922.960000
922.960000
922.960000
922.960000
922.960000
922.960000
922.960000
922.960000
922.960000
922.960000
922.960000
922.960000
922.960000
922.960000
922.960000
922.960000
922.960000
922.960000
922.960000
922.960000
922.960000
922.960000
922.960000
922.960000
922.960000
922.960000
922.960000
922.960000
922.960000
922.960000
922.960000
922.960000
922.960000
922.960000
922.960000
922.960000
922.960000
922.960000
922.960000
922.960000
922.960000
922.960000
922.960000
922.960000
922.960000
922.960000
922.960000
922.960000
922.960000
922.960000
922.960000
922.960000
922.960000
922.960000
922.960000
922.960000
922.960000
922.960000
922.960000
922.960000
922.960000
922.960000
922.960000
922.960000
922.960000
922.960000
922.960000
922.960000
922.960000
922.960000
922.890000
922.260000
908.190000
943.210000
923.900000
861.030000
986.160000
878.020000
878.020000
878.020000
878.020000
878.020000
878.020000
878.020000
878.020000
878.020000
878.020000
878.020000
878.020000
878.020000
878.020000
878.020000
878.020000
878.020000
878.020000
878.020000
878.020000
878.020000
878.020000
878.020000
878.020000
878.020000
878.020000
878.020000
878.020000
878.020000
878.020000
878.020000
878.020000
878.020000
878.020000
878.020000
878.020000
878.020000
878.020000
878.020000
878.020000
878.020000
878.020000
878.020000
878.020000
878.020000
878.020000
878.020000
878.020000
878.020000
878.020000
878.020000
878.020000
878.020000
878.020000
878.020000
878.020000
878.020000
878.020000
878.020000
878.020000
878.020000
878.020000
878.020000
878.020000
878.020000
878.020000
878.020000
878.020000
878.020000
878.020000
878.020000
878.020000
878.020000
878.020000
878.020000
878.020000
878.020000
878.020000
878.020000
878.020000
878.020000
878.020000
878.020000
878.020000
878.020000
878.020000
878.020000
878.020000
878.020000
878.020000
878.020000
878.020000
878.020000
878.020000
878.020000
878.020000
878.020000
878.020000
878.020000
878.020000
878.020000
878.020000
878.020000
878.020000
878.020000
878.020000
878.020000
878.020000
878.020000
878.020000
878.020000
878.020000
878.020000
878.020000
878.020000
878.020000
878.020000
878.020000
878.020000
878.020000
878.020000
878.020000
878.020000
878.020000
878.020000
878.020000
878.020000
878.020000
878.020000
878.020000
878.020000
878.020000
878.020000
878.020000
918.820000
825.750000
776.410000
731.960000
865.000000
795.190000
768.430000
911.430000
911.430000
911.430000
911.430000
911.430000
911.430000
911.430000
911.430000
911.430000
911.430000
911.430000
911.430000
911.430000
911.430000
911.430000
911.430000
911.430000
911.430000
911.430000
911.430000
911.430000
911.430000
911.430000
911.430000
911.430000
911.430000
911.430000
911.430000
911.430000
911.430000
911.430000
911.430000
911.430000
911.430000
911.430000
911.430000
911.430000
911.430000
911.430000
911.430000
911.430000
911.430000
911.430000
911.430000
911.430000
911.430000
911.430000
911.430000
911.430000
911.430000
911.430000
911.430000
911.430000
911.430000
911.430000
911.430000
911.430000
911.430000
911.430000
911.430000
911.430000
911.430000
911.430000
911.430000
911.430000
911.430000
911.430000
911.430000
911.430000
911.430000
911.430000
911.430000
911.430000
911.430000
911.430000
911.430000
911.430000
911.430000
911.430000
911.430000
911.430000
911.430000
911.430000
911.430000
911.430000
911.430000
911.430000
911.430000
911.430000
911.430000
911.430000
911.430000
911.430000
911.430000
911.430000
911.430000
911.430000
911.430000
911.430000
911.430000
911.430000
911.430000
911.430000
911.430000
911.430000
911.430000
911.430000
911.430000
911.430000
911.430000
911.430000
911.430000
911.430000
911.430000
911.430000
911.430000
911.430000
911.430000
911.430000
1027.810000
986.000000
1001.690000
1128.460000
1136.690000
1322.270000
1541.010000
1638.680000
1638.680000
1638.680000
1638.680000
1638.680000
1638.680000
1638.680000
1638.680000
1638.680000
1638.680000
1638.680000
1638.680000
1638.680000
1638.680000
1638.680000
1638.680000
1638.680000
1638.680000
1638.680000
1638.680000
1638.680000
1638.680000
1638.680000
1638.680000
1638.680000
1638.680000
1638.680000
1638.680000
1638.680000
1638.680000
1638.680000
1638.680000
1638.680000
1638.680000
1638.680000
1638.680000
1638.680000
1608.560000
1764.580000
1670.300000
1625.750000
1973.040000
1909.120000
1929.600000
2065.170000
2065.170000
2065.170000
2065.170000
2065.170000
2065.170000
2065.170000
2065.170000
2065.170000
2065.170000
2065.170000
2065.170000
2065.170000
2065.170000
2065.170000
2065.170000
2065.170000
2065.170000
2065.170000
2065.170000
2065.170000
2065.170000
2065.170000
2065.170000
2065.170000
2065.170000
2065.170000
2065.170000
2065.170000
2065.170000
2065.170000
2065.170000
2065.170000
2065.170000
2065.170000
2065.170000
2065.170000
2065.170000
2065.170000
2065.170000
2065.170000
2065.170000
2065.170000
2065.170000
2065.170000
2065.170000
2065.170000
2065.170000
2065.170000
2065.170000
2065.170000
2065.170000
2065.170000
2065.170000
2065.170000
2065.170000
2065.170000
2065.170000
2065.170000
2065.170000
2065.170000
2065.170000
2065.170000
2065.170000
2065.170000
2065.170000
2065.170000
2065.170000
2065.170000
2065.170000
2065.170000
2065.170000
2065.170000
2065.170000
2065.170000
2065.170000
2065.170000
2065.170000
2065.170000
2065.170000
2065.170000
2065.170000
2065.170000
2065.170000
2065.170000
2065.170000
2065.170000
2065.170000
2065.170000
2065.170000
2065.170000
2065.170000
2065.170000
2065.170000
2065.170000
2065.170000
2065.170000
2065.170000
2065.170000
2065.170000
2065.170000
2065.170000
2065.170000
2065.170000
2065.170000
2065.170000
2065.170000
2065.170000
2065.170000
2065.170000
2065.170000
2065.170000
2065.170000
2065.170000
2065.170000
2065.170000
2065.170000
2065.170000
2065.170000
2065.170000
2065.170000
2065.170000
2065.170000
2065.170000
2065.170000
2065.170000
2065.170000
2065.170000
2065.170000
2065.170000
2065.170000
2065.170000
2065.170000
2065.170000
2065.170000
2065.170000
2065.170000
2065.170000
2065.170000
2065.170000
2065.170000
2065.170000
2065.170000
2065.170000
2065.170000
2065.170000
2065.170000
2065.170000
2065.170000
2065.170000
2065.170000
2065.170000
2065.170000
2065.170000
2065.170000
2065.170000
2065.170000
2065.170000
2065.170000
2065.170000
2065.170000
2065.170000
2065.170000
2065.170000
2065.170000
2065.170000
2065.170000
2065.170000
2065.170000
2065.170000
2065.170000
2065.170000
2065.170000
2065.170000
2065.170000
2065.170000
2065.170000
2065.170000
2065.170000
2065.170000
2065.170000
2065.170000
2065.170000
2065.170000
2065.170000
2065.170000
2065.170000
2065.170000
2065.170000
2065.170000
2065.170000
2065.170000
2065.170000
2065.170000
2065.170000
2065.170000
2065.170000
2065.170000
2065.170000
2065.170000
2065.170000
2065.170000
2065.170000
2065.170000
2065.170000
2065.170000
2065.170000
2065.170000
2065.170000
2065.170000
2065.170000
2065.170000
2065.170000
2065.170000
2065.170000
2065.170000
2065.170000
2065.170000
2065.170000
2065.170000
2065.170000
2065.170000
2065.170000
2065.170000
2065.170000
2065.170000
2065.170000
2065.170000
2065.170000
2065.170000
2065.170000
2065.170000
2065.170000
2065.170000
2065.170000
2065.170000
2065.170000
2065.170000
2065.170000
2065.170000
2065.170000
2065.170000
2065.170000
2065.170000
2065.170000
2065.170000
2065.170000
2065.170000
2065.170000
2065.170000
2065.170000
2065.170000
2065.170000
2065.170000
2065.170000
2065.170000
2065.170000
2065.170000
2065.170000
2065.170000
2065.170000
2065.170000
2065.170000
2065.170000
2065.170000
2065.170000
2065.170000
2065.170000
2065.170000
2065.170000
2065.170000
2065.170000
2065.170000
2065.170000
2065.170000
2065.170000
2065.170000
2065.170000
2065.170000
2065.170000
2065.170000
2065.170000
2065.170000
2065.170000
2065.170000
2065.170000
2065.170000
2065.170000
2065.170000
2065.170000
2065.170000
2065.170000
2065.170000
2065.170000
2065.170000
2065.170000
2065.170000
2065.170000
2065.170000
2065.170000
2065.170000
2065.170000
2065.170000
2065.170000
2065.170000
2065.170000
2065.170000
2065.170000
2065.170000
2065.170000
2065.170000
2065.170000
2065.170000
2065.170000
2065.170000
2065.170000
2065.170000
2065.170000
2065.170000
2065.170000
2065.170000
2065.170000
2065.170000
2065.170000
2065.170000
2065.170000
2065.170000
2065.170000
2065.170000
2065.170000
2065.170000
2065.170000
2065.170000
2065.170000
2065.170000
2065.170000
2065.170000
2065.170000
2065.170000
2065.170000
2065.170000
2065.170000
2065.170000
2065.170000
2065.170000
2065.170000
2065.170000
2065.170000
2065.170000
2065.170000
2065.170000
2065.170000
2065.170000
2065.170000
2065.170000
2065.170000
2065.170000
2065.170000
2065.170000
2065.170000
2065.170000
2065.170000
2065.170000
2065.170000
2065.170000
2065.170000
2065.170000
2065.170000
2065.170000
2065.170000
2065.170000
2065.170000
2065.170000
2065.170000
2065.170000
2065.170000
2065.170000
2065.170000
2065.170000
2065.170000
2065.170000
2065.170000
2065.170000
2065.170000
2065.170000
2065.170000
2065.170000
2065.170000
2065.170000
2065.170000
2065.170000
2065.170000
2065.170000
2065.170000
2065.170000
2065.170000
2065.170000
2065.170000
2065.170000
2065.170000
2065.170000
2065.170000
2065.170000
2065.170000
2065.170000
2065.170000
2065.170000
2065.170000
2065.170000
2065.170000
2065.170000
2065.170000
2065.170000
2065.170000
2065.170000
2065.170000
2065.170000
2074.370000
2346.070000
2321.460000
2170.180000
2170.180000
2170.180000
2170.180000
2170.180000
2170.180000
2170.180000
2170.180000
2170.180000
2170.180000
2170.180000
2170.180000
2170.180000
2170.180000
2170.180000
2170.180000
2170.180000
2170.180000
2170.180000
2170.180000
2170.180000
2170.180000
2170.180000
2170.180000
2170.180000
2170.180000
2170.180000
2170.180000
2170.180000
2170.180000
2170.180000
2170.180000
2170.180000
2170.180000
2170.180000
2170.180000
2170.180000
2170.180000
2170.180000
2170.180000
2170.180000
2170.180000
2170.180000
2170.180000
2170.180000
2170.180000
2170.180000
2170.180000
2170.180000
2170.180000
2170.180000
2170.180000
2170.180000
2170.180000
2170.180000
2170.180000
2170.180000
2170.180000
2170.180000
2170.180000
2170.180000
2170.180000
2170.180000
2170.180000
2170.180000
2170.180000
2170.180000
2170.180000
2170.180000
2170.180000
2170.180000
2170.180000
2170.180000
2170.180000
2170.180000
2170.180000
2170.180000
2170.180000
2170.180000
2170.180000
2170.180000
2170.180000
2170.180000
2170.180000
2170.180000
2170.180000
2170.180000
2170.180000
2170.180000
2170.180000
2170.180000
2170.180000
2170.180000
2170.180000
2170.180000
2170.180000
2170.180000
2170.180000
2170.180000
2170.180000
2170.180000
2170.180000
2170.180000
2170.180000
2170.180000
2170.180000
2170.180000
2170.180000
2170.180000
2170.180000
2170.180000
2170.180000
2170.180000
2170.180000
2170.180000
2170.180000
2170.180000
2170.180000
2170.180000
2170.180000
2170.180000
2170.180000
2170.180000
2170.180000
2170.180000
2170.180000
2170.180000
2170.180000
2170.180000
2170.180000
2170.180000
2170.180000
2170.180000
2170.180000
2170.180000
2170.180000
2170.180000
2170.180000
2170.180000
2170.180000
2170.180000
2170.180000
2170.180000
2170.180000
2170.180000
2170.180000
2170.180000
2170.180000
2170.180000
2170.180000
2170.180000
2170.180000
2170.180000
2125.540000
1998.230000
1873.320000
1940.900000
1941.760000
2207.090000
2206.490000
2209.870000
2209.870000
2209.870000
2209.870000
2209.870000
2209.870000
2209.870000
2209.870000
2209.870000
2209.870000
2209.870000
2209.870000
2209.870000
2209.870000
2209.870000
2209.870000
2209.870000
2209.870000
2209.870000
2209.870000
2209.870000
2209.870000
2209.870000
2209.870000
2209.870000
2209.870000
2209.870000
2209.870000
2209.870000
2209.870000
2209.870000
2209.870000
2209.870000
2209.870000
2209.870000
2209.870000
2209.870000
2209.870000
2209.870000
2209.870000
2209.870000
2209.870000
2209.870000
2209.870000
2209.870000
2209.870000
2209.870000
2209.870000
2209.870000
2209.870000
2209.870000
2209.870000
2209.870000
2209.870000
2209.870000
2209.870000
2209.870000
2209.870000
2209.870000
2209.870000
2209.870000
2209.870000
2209.870000
2209.870000
2209.870000
2209.870000
2209.870000
2209.870000
2209.870000
2209.870000
2209.870000
2209.870000
2209.870000
2209.870000
2209.870000
2209.870000
2209.870000
2209.870000
2209.870000
2209.870000
2209.870000
2209.870000
2209.870000
2209.870000
2209.870000
2209.870000
2209.870000
2209.870000
2209.870000
2209.870000
2209.870000
2209.870000
2209.870000
2209.870000
2209.870000
2209.870000
2209.870000
2209.870000
2209.870000
2209.870000
2209.870000
2209.870000
2209.870000
2209.870000
2209.870000
2209.870000
2209.870000
2209.870000
2209.870000
2209.870000
2209.870000
2209.870000
2209.870000
2209.870000
2209.870000
2209.870000
2221.470000
2206.820000
2157.830000
2358.800000
2298.180000
2331.470000
2225.160000
2239.860000
2239.860000
2239.860000
2239.860000
2239.860000
2239.860000
2239.860000
2239.860000
2239.860000
2239.860000
2239.860000
2239.860000
2239.860000
2239.860000
2239.860000
2239.860000
2239.860000
2239.860000
2239.860000
2239.860000
2239.860000
2239.860000
2239.860000
2239.860000
2239.860000
2239.860000
2239.860000
2239.860000
2239.860000
2239.860000
2239.860000
2239.860000
2239.860000
2239.860000
2239.860000
2239.860000
2239.860000
2239.860000
2239.860000
2239.860000
2239.860000
2239.860000
2239.860000
2239.860000
2239.860000
2239.860000
2239.860000
2239.860000
2239.860000
2239.860000
2239.860000
2239.860000
2239.860000
2239.860000
2239.860000
2239.860000
2239.860000
2239.860000
2239.860000
2239.860000
2239.860000
2478.740000
2412.280000
2287.730000
2328.630000
2311.910000
2358.980000
2316.070000
2454.050000
2454.050000
2454.050000
2454.050000
2454.050000
2454.050000
2454.050000
2454.050000
2454.050000
2454.050000
2454.050000
2454.050000
2454.050000
2454.050000
2454.050000
2454.050000
2454.050000
2454.050000
2454.050000
2454.050000
2454.050000
2454.050000
2454.050000
2454.050000
2454.050000
2454.050000
2454.050000
2454.050000
2454.050000
2454.050000
2454.050000
2454.050000
2454.050000
2454.050000
2454.050000
2454.050000
2454.050000
2454.050000
2454.050000
2454.050000
2454.050000
2454.050000
2454.050000
2454.050000
2454.050000
2454.050000
2454.050000
2454.050000
2454.050000
2454.050000
2454.050000
2454.050000
2454.050000
2454.050000
2454.050000
2454.050000
2454.050000
2454.050000
2454.050000
2454.050000
2454.050000
2454.050000
2454.050000
2454.050000
2454.050000
2454.050000
2454.050000
2454.050000
2454.050000
2454.050000
2454.050000
2454.050000
2454.050000
2454.050000
2454.050000
2454.050000
2454.050000
2454.050000
2454.050000
2454.050000
2454.050000
2454.050000
2454.050000
2454.050000
2454.050000
2454.050000
2454.050000
2454.050000
2454.050000
2454.050000
2454.050000
2454.050000
2454.050000
2454.050000
2454.050000
2454.050000
2454.050000
2454.050000
2454.050000
2454.050000
2454.050000
2454.050000
2454.050000
2612.260000
2749.490000
2637.270000
2679.400000
2354.080000
2470.790000
2366.210000
2261.960000
2261.960000
2261.960000
2261.960000
2261.960000
2261.960000
2261.960000
2261.960000
2261.960000
2261.960000
2261.960000
2261.960000
2261.960000
2261.960000
2261.960000
2261.960000
2261.960000
2261.960000
2261.960000
2261.960000
2261.960000
2261.960000
2261.960000
2261.960000
2261.960000
2261.960000
2261.960000
2261.960000
2261.960000
2261.960000
2261.960000
2261.960000
2261.960000
2261.960000
2261.960000
2261.960000
2261.960000
2261.960000
2261.960000
2261.960000
2261.960000
2261.960000
2261.960000
2261.960000
2261.960000
2261.960000
2261.960000
2261.960000
2261.960000
2261.960000
2261.960000
2261.960000
2261.960000
2261.960000
2261.960000
2261.960000
2261.960000
2261.960000
2261.960000
2261.960000
2261.960000
2261.960000
2261.960000
2261.960000
2261.960000
2261.960000
2261.960000
2261.960000
2261.960000
2261.960000
2261.960000
2261.960000
2261.960000
2261.960000
2261.960000
2261.960000
2261.960000
2261.960000
2261.960000
2261.960000
2261.960000
2261.960000
2261.960000
2261.960000
2261.960000
2261.960000
2261.960000
2261.960000
2261.960000
2261.960000
2261.960000
2261.960000
2261.960000
2261.960000
2261.960000
2261.960000
2261.960000
2261.960000
2261.960000
2261.960000
2261.960000
2261.960000
2261.960000
2261.960000
2261.960000
2261.960000
2261.960000
2261.960000
2261.960000
2261.960000
2261.960000
2261.960000
1856.130000
2042.140000
2343.140000
2331.300000
2854.770000
2802.090000
2827.120000
2741.000000
2741.000000
2741.000000
2741.000000
2741.000000
2741.000000
2741.000000
2741.000000
2741.000000
2741.000000
2741.000000
2741.000000
2741.000000
2741.000000
2741.000000
2741.000000
2741.000000
2741.000000
2741.000000
2741.000000
2741.000000
2741.000000
2741.000000
2741.000000
2741.000000
2741.000000
2926.900000
3044.940000
2886.130000
2986.530000
2917.880000
2849.580000
2621.350000
2327.730000
2327.730000
2327.730000
2327.730000
2327.730000
2327.730000
2327.730000
2327.730000
2327.730000
2327.730000
2327.730000
2327.730000
2327.730000
2327.730000
2327.730000
2327.730000
2327.730000
2327.730000
2327.730000
2327.730000
2327.730000
2327.730000
2327.730000
2327.730000
2327.730000
2327.730000
2327.730000
2327.730000
2327.730000
2327.730000
2327.730000
2327.730000
2327.730000
2327.730000
2327.730000
2327.730000
2327.730000
2327.730000
2327.730000
2327.730000
2327.730000
2327.730000
2327.730000
2576.430000
2748.440000
2565.650000
2638.690000
2489.530000
2252.870000
2597.930000
2693.020000
2693.020000
2693.020000
2693.020000
2693.020000
2693.020000
2693.020000
2693.020000
2693.020000
2693.020000
2693.020000
2693.020000
2693.020000
2693.020000
2693.020000
2693.020000
2693.020000
2693.020000
2693.020000
2693.020000
2693.020000
2693.020000
2693.020000
2622.320000
2775.210000
3089.160000
3125.500000
3099.670000
3047.770000
3348.260000
3348.260000
3348.260000
3348.260000
3348.260000
3348.260000
3348.260000
3348.260000
3348.260000
3348.260000
3348.260000
3348.260000
3348.260000
3348.260000
3348.260000
3348.260000
3348.260000
3348.260000
3348.260000
3348.260000
3348.260000
3348.260000
3348.260000
3348.260000
3348.260000
3348.260000
3348.260000
3348.260000
3348.260000
3348.260000
3348.260000
3348.260000
3348.260000
3348.260000
3348.260000
3348.260000
3348.260000
3348.260000
3348.260000
3348.260000
3348.260000
3348.260000
3348.260000
3348.260000
3348.260000
3348.260000
3348.260000
3348.260000
3348.260000
3348.260000
3348.260000
3348.260000
3348.260000
3348.260000
3348.260000
3348.260000
3348.260000
3348.260000
3348.260000
3348.260000
3348.260000
3348.260000
3348.260000
3348.260000
3348.260000
3348.260000
3348.260000
3348.260000
3348.260000
3348.260000
3348.260000
3348.260000
3348.260000
3348.260000
3348.260000
3348.260000
3348.260000
3348.260000
3348.260000
3348.260000
3348.260000
3348.260000
3348.260000
3348.260000
3348.260000
3348.260000
3348.260000
3348.260000
3348.260000
3348.260000
3348.260000
3348.260000
3348.260000
3348.260000
3348.260000
3348.260000
3348.260000
3348.260000
3348.260000
3348.260000
3348.260000
3348.260000
3348.260000
3348.260000
3348.260000
3348.260000
3348.260000
3348.260000
3348.260000
3348.260000
3348.260000
3348.260000
3348.260000
3348.260000
3348.260000
3348.260000
3348.260000
3348.260000
3348.260000
3348.260000
3348.260000
3348.260000
3348.260000
3348.260000
3348.260000
3348.260000
3348.260000
3348.260000
3348.260000
3348.260000
3348.260000
3348.260000
3348.260000
3348.260000
3348.260000
3348.260000
3348.260000
3348.260000
3348.260000
3348.260000
3348.260000
3348.260000
3348.260000
3348.260000
3348.260000
3348.260000
3348.260000
3348.260000
3348.260000
3348.260000
3348.260000
3348.260000
3348.260000
3348.260000
3348.260000
3348.260000
3348.260000
3348.260000
3348.260000
3348.260000
3348.260000
3348.260000
3348.260000
3348.260000
3348.260000
3348.260000
3348.260000
3348.260000
3348.260000
3348.260000
3348.260000
3348.260000
3348.260000
3348.260000
3348.260000
3348.260000
3348.260000
3348.260000
3348.260000
3348.260000
3348.260000
3348.260000
3348.260000
3348.260000
3348.260000
3348.260000
3348.260000
3348.260000
3348.260000
3348.260000
3348.260000
3348.260000
3348.260000
3348.260000
3348.260000
3348.260000
3348.260000
3348.260000
3348.260000
3348.260000
3348.260000
3348.260000
3348.260000
3348.260000
3348.260000
3348.260000
3348.260000
3348.260000
3348.260000
3348.260000
3348.260000
3348.260000
3348.260000
3348.260000
3348.260000
3348.260000
3348.260000
3348.260000
3348.260000
3348.260000
3348.260000
3348.260000
3348.260000
3348.260000
3348.260000
3348.260000
3348.260000
3348.260000
3348.260000
3348.260000
3348.260000
3348.260000
3348.260000
3348.260000
3348.260000
3348.260000
3348.260000
3348.260000
3348.260000
3348.260000
3348.260000
3348.260000
3348.260000
3348.260000
3348.260000
3348.260000
3348.260000
