4568.590000
4582.930000
4594.010000
4622.560000
4624.400000
4607.540000
4618.380000
4560.770000
4613.580000
4653.940000
4660.020000
4679.600000
4703.310000
4714.030000
4719.340000
4762.960000
4796.270000
4826.730000
4835.870000
4836.680000
4842.780000
4856.950000
4902.500000
4886.180000
4890.480000
4930.760000
4924.940000
4844.420000
4826.490000
4828.230000
4911.840000
4963.080000
4950.000000
4925.070000
4943.920000
4877.610000
4884.190000
4861.680000
4923.050000
4927.580000
4907.440000
4914.460000
4850.850000
4786.270000
4832.560000
4799.430000
4829.710000
4835.630000
4840.930000
4906.440000
4972.650000
4994.330000
4994.150000
5019.160000
4990.560000
4908.240000
4912.710000
4903.620000
4992.470000
4930.840000
4954.250000
4857.190000
4865.650000
4900.890000
4988.210000
4975.320000
5030.450000
5058.960000
5048.820000
5082.790000
5133.300000
5070.260000
4980.880000
5005.260000
5017.350000
5025.030000
4964.780000
4935.640000
4974.500000
4970.750000
4940.710000
4884.130000
4852.620000
4856.690000
4926.110000
4853.770000
4886.640000
4810.040000
4855.160000
4925.280000
4921.160000
4974.190000
5010.700000
4994.140000
5035.600000
5014.030000
5037.640000
5055.040000
5091.520000
5092.120000
5105.090000
5071.610000
5119.500000
5132.650000
5181.790000
5190.080000
5194.180000
5188.310000
5196.100000
5160.050000
5195.050000
5177.480000
5274.050000
5302.820000
5271.830000
5296.570000
5264.220000
5261.180000
5291.740000
5297.000000
5328.930000
5303.720000
5290.790000
5335.610000
5331.500000
5354.630000
5389.420000
5409.640000
5416.070000
5427.070000
5454.210000
5447.940000
5403.110000
5452.230000
5499.980000
5525.850000
5517.760000
5550.360000
5545.330000
5510.390000
5532.300000
5527.330000
5478.840000
5518.820000
5459.040000
5402.700000
5449.910000
5317.240000
5330.750000
5345.290000
5435.100000
5565.580000
5639.510000
5667.110000
5683.480000
5737.510000
5647.610000
5652.570000
5669.790000
5647.710000
5694.910000
5726.670000
5729.610000
5743.210000
5786.480000
5774.770000
5802.080000
5804.500000
5792.390000
5788.950000
5866.600000
5854.550000
5872.160000
5916.050000
5804.330000
5882.090000
5783.040000
5742.600000
5728.550000
5734.910000
5688.660000
5711.550000
5812.120000
5844.630000
5887.120000
5912.150000
5885.820000
5888.850000
5907.620000
5896.290000
5945.530000
5953.550000
5960.770000
5918.540000
5887.260000
5941.370000
5965.150000
5970.670000
6009.940000
6031.410000
6034.960000
6034.300000
5955.570000
5988.980000
5898.750000
5906.530000
5905.290000
5918.610000
5892.890000
5927.700000
6005.600000
6061.160000
6086.990000
6091.110000
6075.510000
6105.500000
6076.580000
6008.110000
6055.940000
6057.920000
5982.690000
6015.960000
6129.210000
6140.540000
6144.140000
6117.630000
6025.250000
5894.090000
5872.060000
5856.580000
5665.790000
5637.290000
5686.800000
5551.230000
5647.390000
5595.370000
5730.920000
5786.020000
5758.320000
5604.750000
5693.920000
5729.190000
5684.810000
5590.680000
5529.320000
5520.870000
5433.230000
5426.930000
5364.820000
5270.710000
5308.320000
5458.310000
5393.540000
5413.980000
5478.480000
5517.230000
5523.380000
5540.170000
5530.390000
5448.120000
5479.980000
5635.830000
5680.570000
5726.260000
5725.780000
5638.850000
5686.690000
5657.880000
5691.180000
5652.550000
5608.960000
5501.330000
5441.510000
5426.270000
5402.760000
5558.310000
5520.760000
5442.560000
5586.100000
5595.700000
5590.270000
5630.960000
5709.080000
5686.590000
5607.520000
5689.580000
5675.250000
5681.720000
5647.350000
5638.370000
5667.420000
5654.800000
5626.450000
5670.560000
5796.150000
5833.990000
5829.910000
5836.150000
5794.040000
5805.530000
5780.610000
5816.710000
5815.310000
5856.390000
5843.420000
5864.300000
5858.660000
5883.920000
5909.070000
5893.180000
5802.040000
5780.340000
5806.720000
5821.710000
5896.470000
5914.830000
5913.120000
5928.580000
5926.600000
5870.120000
5960.620000
5924.250000
5888.640000
5923.260000
5969.630000
5987.150000
5995.780000
6006.240000
5987.600000
6006.130000
6078.080000
6085.990000
6087.760000
6097.690000
6118.320000
6126.660000
6177.440000
6184.500000
6194.470000
6135.790000
6176.780000
6174.700000
6207.650000
6247.610000
6244.440000
6277.140000
6300.720000
6243.440000
6257.950000
6265.840000
6263.780000
6229.380000
6245.810000
6340.120000
6354.580000
6362.870000
6342.920000
6365.740000
6391.070000
6413.060000
6431.960000
6448.270000
6425.410000
6447.500000
6463.680000
6479.630000
6474.240000
6399.780000
6274.750000
6283.060000
6363.970000
6327.250000
6246.510000
6302.080000
6374.590000
6365.620000
6403.120000
6431.090000
6468.270000
6461.920000
6523.000000
6559.960000
6580.800000
6578.630000
6568.150000
6569.580000
6559.800000
6514.960000
6624.360000
6618.250000
6584.380000
6677.780000
6669.580000
6687.370000
6608.530000
6623.010000
6611.770000
6593.790000
6647.750000
6715.370000
6733.620000
6719.390000
6709.400000
6679.910000
6750.400000
6686.000000
6694.790000
6766.340000
6694.450000
6700.290000
6725.680000
6789.050000
6810.730000
6885.630000
6897.300000
6881.230000
6881.620000
6919.560000
6889.130000
6882.520000
6860.600000
6905.880000
6980.750000
6961.260000
6983.940000
6989.530000
6996.490000
6962.190000
6989.290000
7000.030000
7025.700000
6646.550000
6714.880000
6638.890000
6557.890000
6494.670000
6635.320000
6612.260000
6703.560000
6719.580000
6733.840000
6561.860000
6533.850000
6578.670000
6585.270000
6666.490000
6700.890000
6804.410000
6845.410000
6901.720000
6871.610000
6865.500000
6828.760000
6894.040000
6916.660000
6986.180000
7059.940000
7079.590000
7130.650000
7177.440000
7147.860000
7173.130000
7230.190000
7341.000000
7341.210000
7284.900000
7235.730000
7337.590000
7322.950000
7293.560000
7350.420000
7385.590000
7365.840000
7380.520000
7475.840000
7470.460000
7452.420000
7539.470000
7467.340000
7498.900000
7363.020000
7482.710000
7461.010000
7478.130000
7513.370000
7499.120000
7613.690000
7613.710000
7663.490000
7722.950000
7664.310000
7728.950000
7742.310000
7763.200000
7834.980000
7878.260000
7972.110000
7988.280000
7890.660000
7711.950000
7561.060000
7657.100000
7729.550000
7658.730000
7722.880000
7856.810000
8007.220000
8032.070000
8048.280000
8021.780000
8010.410000
7892.090000
7880.790000
7846.030000
7841.930000
7934.070000
7951.650000
7972.740000
8056.840000
8071.800000
7994.550000
8044.890000
8090.710000
7900.660000
7922.430000
8094.270000
8096.280000
8091.180000
8038.300000
7916.190000
7996.940000
7858.810000
7928.980000
7765.380000
7719.460000
7456.700000
7417.340000
7524.570000
7533.620000
7536.960000
7559.830000
7382.860000
7537.190000
7566.760000
7587.970000
7405.060000
7410.760000
7435.430000
7408.260000
7363.700000
7297.010000
7415.240000
7416.620000
7425.130000
7516.830000
7501.760000
7560.530000
7477.110000
7377.540000
7494.280000
7501.480000
7653.760000
7653.910000
7732.840000
7606.690000
7630.070000
7453.610000
7401.330000
7471.490000
7454.470000
7523.580000
7505.780000
7477.100000
7640.380000
7725.710000
7724.460000
7779.830000
7769.350000
7775.730000
7813.350000
7856.320000
7850.030000
7958.210000
7952.320000
7945.340000
7951.250000
8009.460000
7983.550000
7996.430000
7965.850000
8008.690000
8027.590000
7969.080000
7951.730000
7976.220000
7933.130000
7843.060000
7833.960000
7865.090000
7857.620000
7918.600000
7963.670000
8014.780000
7980.480000
8034.650000
7849.640000
7864.010000
7811.980000
7864.080000
7743.460000
7849.450000
7818.010000
7756.170000
7825.870000
7783.350000
7618.230000
7631.520000
7492.030000
7578.170000
7516.770000
7562.680000
7614.040000
7501.900000
7555.310000
7756.500000
7763.810000
7868.600000
7841.490000
7804.620000
7951.330000
7981.500000
7987.270000
8028.700000
7938.200000
8042.190000
7954.720000
7910.530000
7773.420000
7852.250000
7829.300000
7880.660000
8018.240000
7986.980000
8014.250000
7922.020000
7895.150000
7765.140000
7815.530000
7792.170000
7784.220000
7757.380000
7680.090000
7733.800000
7562.630000
7481.540000
7345.770000
7307.330000
6753.680000
6801.730000
6546.560000
6833.000000
6735.250000
6872.300000
6910.040000
6864.890000
6889.200000
6999.380000
6976.620000
6719.380000
6792.080000
6797.970000
6740.300000
6765.590000
6926.780000
7009.170000
6931.590000
6863.260000
6975.440000
6993.540000
6950.480000
6881.810000
6782.510000
6858.830000
7010.570000
6984.240000
6869.200000
6733.950000
6708.380000
6534.770000
6620.850000
6578.630000
6475.780000
6425.460000
6573.950000
6597.620000
6548.710000
6382.870000
6236.370000
6394.760000
6317.030000
6352.570000
6544.500000
6482.750000
6562.420000
6537.330000
6555.820000
6740.750000
6774.140000
6766.930000
6781.810000
6830.170000
6760.300000
6703.310000
6703.290000
6590.230000
6571.580000
6605.030000
6707.700000
6706.850000
6818.390000
6797.510000
6703.330000
6783.040000
6854.550000
6907.040000
6923.170000
6898.920000
6948.910000
6974.670000
7035.660000
7048.930000
7049.700000
7047.020000
7076.660000
6982.650000
7047.100000
7062.340000
7093.640000
7106.130000
7135.410000
7229.320000
7110.440000
7033.700000
7081.720000
6943.120000
6962.180000
6961.850000
7031.150000
7093.480000
7073.310000
6976.130000
6982.320000
6958.170000
6967.320000
6802.790000
6790.130000
6795.630000
6643.570000
6704.980000
6751.040000
6742.660000
6797.750000
6720.620000
6733.760000
6564.560000
6597.150000
6552.870000
6616.670000
6439.130000
6163.540000
6404.530000
6269.580000
6309.880000
6355.290000
6279.170000
6303.010000
6311.260000
6354.750000
6325.500000
6149.860000
6165.350000
6128.520000
6183.500000
6329.980000
6380.130000
6414.760000
6434.860000
6531.180000
6418.380000
6416.950000
6323.340000
6430.140000
6438.280000
6477.760000
6397.990000
6364.380000
6524.240000
6564.340000
6558.130000
6583.980000
6637.470000
6575.310000
6443.230000
6463.100000
6441.170000
6395.210000
6289.210000
6309.880000
6240.800000
6351.230000
6271.040000
6334.820000
6331.470000
6465.580000
6409.020000
6426.490000
6479.420000
6467.620000
6257.570000
6194.330000
6277.230000
6178.920000
6205.900000
6175.270000
6232.270000
6013.290000
6015.690000
5792.320000
5986.090000
6189.590000
6085.220000
6025.540000
6045.780000
6193.330000
6101.050000
5721.050000
5894.380000
5858.590000
5642.690000
5698.740000
5392.580000
5242.160000
5032.150000
4796.760000
4571.010000
5182.780000
5184.510000
4745.370000
4772.930000
4841.700000
4910.780000
4730.900000
4503.470000
4447.910000
4278.000000
4267.120000
4976.540000
4770.790000
4900.280000
5010.070000
4988.650000
5307.870000
5130.150000
4730.620000
4961.070000
4948.310000
4795.960000
4608.050000
4734.710000
4717.200000
4597.190000
4547.870000
4322.990000
4162.320000
4162.990000
4530.470000
4515.890000
4616.090000
4674.040000
4665.700000
4361.300000
4532.120000
4551.650000
4499.220000
4487.450000
4693.750000
4731.700000
4806.790000
4733.350000
4691.970000
4662.140000
4772.320000
4735.900000
4718.480000
4693.090000
4643.350000
4650.380000
4750.930000
4841.500000
5002.920000
5001.270000
5042.040000
4918.020000
4905.280000
4780.370000
4701.360000
4644.910000
4427.140000
4372.340000
4374.940000
4315.470000
4216.720000
4311.880000
4237.110000
4210.740000
4282.180000
4331.610000
4517.300000
4394.220000
4330.260000
4285.460000
4374.660000
4442.200000
4537.510000
4652.920000
4688.830000
4511.390000
4535.140000
4434.820000
4375.550000
4366.190000
4204.590000
4197.740000
4176.600000
4013.720000
3883.140000
3943.930000
3863.530000
3893.430000
3840.520000
3681.380000
3694.930000
3874.990000
3682.620000
3665.390000
3664.320000
3878.420000
3893.180000
3981.520000
4004.340000
4019.690000
4022.360000
4054.340000
4031.680000
4014.990000
4223.300000
4171.770000
4188.800000
4287.890000
4182.590000
3993.700000
4094.460000
4151.220000
4352.310000
4414.840000
4352.640000
4303.220000
4371.090000
4511.500000
4515.760000
4585.760000
4638.840000
4688.130000
4472.260000
4541.080000
4548.920000
4577.230000
4677.100000
4665.470000
4616.330000
4700.120000
4687.730000
4911.760000
4862.400000
4914.590000
4763.030000
4937.180000
4854.000000
4861.120000
4690.960000
4751.580000
4712.530000
4865.870000
4940.840000
4988.040000
4896.020000
4902.910000
4926.400000
5000.570000
4955.750000
4957.610000
4960.200000
5132.350000
5149.440000
5046.750000
5089.160000
5072.590000
5015.380000
5005.130000
5035.750000
5107.270000
5069.240000
4889.940000
4890.720000
4799.980000
4837.480000
4839.460000
4693.400000
4707.150000
4836.010000
4800.550000
4776.470000
4885.110000
4808.640000
4905.440000
4718.490000
4708.210000
4651.820000
4598.190000
4572.690000
4630.070000
4576.310000
4722.340000
4781.690000
4928.450000
4957.190000
4978.400000
5030.150000
5093.970000
5121.560000
5247.280000
5229.360000
5251.550000
5174.740000
5270.320000
5360.660000
5332.140000
5426.850000
5417.020000
5353.010000
5369.980000
5458.960000
5418.100000
5285.810000
5350.090000
5401.110000
5309.110000
5201.610000
5250.740000
5231.980000
5311.060000
5462.740000
5519.750000
5557.090000
5521.970000
5470.370000
5517.350000
5464.610000
5327.290000
5319.840000
5301.420000
5384.430000
5463.510000
5481.730000
5574.260000
5594.770000
5624.020000
5620.240000
5628.980000
5700.260000
5731.140000
5703.830000
5668.650000
5709.380000
5702.050000
5605.170000
5581.410000
5736.310000
5713.520000
5675.180000
5554.550000
5467.900000
5508.850000
5657.640000
5640.780000
5716.540000
5711.880000
5783.230000
5714.310000
5854.140000
5830.770000
5743.390000
5852.560000
5811.770000
5833.490000
5762.930000
5740.250000
5642.160000
5635.010000
5496.270000
5587.450000
5414.960000
5430.820000
5353.350000
5444.180000
5480.920000
5488.250000
5619.740000
5613.200000
5668.350000
5663.960000
5686.830000
5804.820000
5778.430000
5787.610000
5702.180000
5663.150000
5801.480000
5769.310000
5803.020000
5614.170000
5685.610000
5625.950000
5776.610000
5781.720000
5770.350000
5817.650000
5784.750000
5688.540000
5647.840000
5709.020000
5756.290000
5802.260000
5811.370000
5903.430000
5844.440000
5831.210000
5930.570000
5945.720000
5957.450000
6002.920000
6011.550000
5957.430000
6048.300000
6031.860000
6034.330000
6019.360000
6037.610000
6040.500000
5943.000000
5963.140000
5988.860000
5875.970000
5918.550000
5976.480000
5851.530000
5746.970000
5695.320000
5631.370000
5668.930000
5643.200000
5540.330000
5608.760000
5654.480000
5709.660000
5672.090000
5533.240000
5434.340000
5484.850000
5498.260000
5536.370000
5503.930000
5500.390000
5511.100000
5592.100000
5648.340000
5680.430000
5722.050000
5688.440000
5604.070000
5615.510000
5532.330000
5598.460000
5713.510000
5776.560000
5817.880000
5795.320000
5877.360000
5875.910000
5885.890000
5936.720000
5928.630000
5945.110000
5903.590000
5970.990000
6024.310000
6012.310000
5982.450000
5987.490000
6017.270000
6039.000000
6132.950000
6120.050000
6156.830000
6142.450000
6153.550000
6235.560000
6252.250000
6222.410000
6171.830000
6249.700000
6250.690000
6230.830000
6278.400000
6291.450000
6180.900000
6162.500000
6264.230000
6230.440000
6168.720000
6259.530000
6332.100000
6159.510000
6084.340000
6144.910000
6135.700000
6166.920000
6006.860000
5958.400000
5908.310000
5715.090000
6017.910000
6037.710000
6183.530000
6251.960000
6056.710000
6066.920000
6155.930000
5988.670000
5867.880000
5829.250000
5805.680000
5670.040000
5758.020000
5937.140000
5946.180000
5964.330000
5981.300000
5981.200000
6054.630000
5938.880000
5904.950000
5868.550000
5984.750000
6056.590000
6047.830000
6125.000000
6175.050000
6190.910000
6223.540000
6216.980000
6292.970000
6269.080000
6204.500000
6115.480000
6070.600000
6157.220000
5952.030000
5965.520000
5857.430000
5834.150000
5816.200000
5940.980000
5992.860000
6035.660000
6065.190000
6077.190000
6191.130000
6209.760000
6149.360000
6040.270000
6009.110000
5967.490000
5990.380000
6142.150000
6166.340000
6194.210000
6207.310000
6178.940000
6134.700000
6147.970000
6292.130000
6307.910000
6331.350000
6333.580000
6259.650000
6351.600000
6286.250000
6154.070000
6135.170000
6110.410000
6110.540000
6206.440000
6186.310000
6075.130000
6005.140000
6010.910000
5935.440000
5899.500000
5912.630000
5951.220000
5912.450000
5925.220000
6083.840000
6083.900000
6134.630000
6155.030000
6117.890000
6164.440000
6221.520000
6214.770000
6261.680000
6275.410000
6261.870000
6249.650000
6209.760000
6294.550000
6275.980000
6208.330000
6184.710000
6298.300000
6278.890000
6276.090000
6246.920000
6229.020000
6211.340000
6134.250000
6215.850000
6270.670000
6276.250000
6291.710000
6309.490000
6304.630000
6434.520000
6455.270000
6492.300000
6516.690000
6490.680000
6524.550000
6611.010000
6605.870000
6639.240000
6613.800000
6568.000000
6595.280000
6601.370000
6604.860000
6654.310000
6617.800000
6734.690000
6754.190000
6750.520000
6787.860000
6719.840000
6723.410000
6734.610000
6790.170000
6663.240000
6700.050000
6832.110000
6843.520000
6822.110000
6705.040000
6823.750000
6879.690000
6848.950000
6697.970000
6688.490000
6866.630000
6957.610000
6947.720000
6954.380000
7001.910000
6975.850000
6964.150000
7006.150000
7029.370000
7027.340000
7016.350000
7024.400000
6982.450000
7018.650000
7077.920000
7067.900000
7057.660000
6970.700000
6972.060000
6995.470000
6914.190000
6989.740000
6975.350000
6939.820000
6981.420000
6947.860000
6857.110000
6941.570000
7068.780000
7075.110000
7075.700000
7078.060000
7143.450000
7082.810000
7024.210000
7062.420000
7067.770000
7059.010000
7127.350000
7155.580000
7102.800000
7077.480000
7184.270000
7183.670000
7193.680000
7216.210000
7283.620000
7323.240000
7320.900000
7340.280000
7371.200000
7396.630000
7400.040000
7414.300000
7405.510000
7426.760000
7321.810000
7318.350000
7194.580000
7130.540000
7185.170000
7272.350000
7223.300000
7181.100000
7225.960000
7178.900000
7161.910000
7164.750000
7131.800000
7063.090000
6981.490000
6866.630000
6647.680000
6513.840000
6656.880000
6664.400000
6816.120000
6780.970000
6804.450000
6933.580000
6946.360000
6938.620000
6934.440000
7057.150000
7041.310000
7179.810000
7175.330000
7175.310000
7215.110000
7178.760000
7217.020000
7204.860000
7102.910000
7177.970000
7146.560000
7178.290000
7026.850000
7039.310000
7249.200000
7295.560000
7356.540000
7404.950000
7475.220000
7514.460000
7527.640000
7500.700000
7373.930000
7376.960000
7492.250000
7410.520000
7501.450000
7495.100000
7443.950000
7403.300000
7387.540000
7256.650000
7303.580000
7358.230000
7266.750000
7121.460000
7150.660000
7170.940000
7114.020000
7163.470000
7160.300000
7293.690000
7217.450000
7074.120000
7109.020000
7084.620000
7103.250000
7060.230000
7159.700000
7069.900000
7085.150000
7204.790000
7115.080000
7110.200000
7164.050000
7150.210000
7285.510000
7278.190000
7149.440000
7121.380000
7107.900000
7170.430000
7294.140000
7376.240000
7419.440000
7442.960000
7439.440000
7431.120000
7471.440000
7402.730000
7230.250000
7174.140000
7267.870000
7214.740000
7220.120000
7107.920000
7192.670000
7221.360000
7290.080000
7326.390000
7344.540000
7349.450000
7252.680000
7190.060000
7158.770000
6953.980000
6796.730000
6640.590000
6414.720000
6236.160000
5923.270000
5917.080000
5613.420000
5797.660000
5997.740000
6022.240000
5994.900000
5948.940000
5602.800000
5480.000000
5473.780000
5532.380000
5681.080000
5584.140000
5537.480000
5670.070000
5643.920000
5784.810000
5730.630000
5538.330000
5246.180000
5193.970000
5405.530000
5408.460000
5189.930000
5072.330000
5166.360000
5340.190000
5508.240000
5573.510000
5415.910000
5571.680000
5433.800000
5164.210000
5196.600000
5345.560000
5628.440000
5578.420000
5639.580000
5502.020000
5376.700000
5216.710000
5473.030000
5645.250000
5675.700000
5847.290000
5865.010000
5994.470000
5914.840000
5967.200000
5859.430000
5877.410000
5913.530000
5766.480000
5970.960000
6055.270000
6046.750000
6016.070000
6337.840000
6346.190000
6141.340000
5834.510000
5965.630000
6133.130000
5966.160000
5928.680000
5961.390000
5829.540000
5867.810000
6057.030000
5985.020000
5933.140000
5913.360000
5850.170000
5800.240000
5606.000000
5537.390000
5457.810000
5428.110000
5492.870000
5745.330000
5799.910000
6088.840000
6035.880000
6080.680000
6106.090000
6028.820000
5994.730000
5874.440000
5986.710000
5785.430000
5774.260000
5675.140000
5730.620000
5701.780000
5670.710000
5847.030000
5791.530000
5852.180000
5878.930000
5889.760000
5771.270000
5848.780000
5898.350000
6075.520000
6166.570000
6111.550000
6095.990000
6057.920000
6017.230000
6162.980000
6152.280000
6179.200000
6143.080000
6220.030000
6332.930000
6354.570000
6416.260000
6404.390000
6436.620000
6419.220000
6421.820000
6539.850000
6511.980000
6444.450000
6458.910000
6616.640000
6655.630000
6766.670000
6764.830000
6754.200000
6748.760000
6788.800000
6692.960000
6738.490000
6728.190000
6757.940000
6751.960000
6848.030000
6948.250000
6908.180000
6843.870000
6809.460000
6864.430000
6849.600000
6887.630000
6856.080000
6941.770000
6921.370000
6866.460000
6633.110000
6671.110000
6834.540000
6880.210000
6901.350000
6995.910000
7079.420000
7144.450000
7157.820000
7154.220000
7054.940000
7071.320000
6981.260000
6995.620000
7079.230000
7078.900000
6998.830000
6875.150000
6946.820000
7056.650000
6982.280000
6784.060000
6775.300000
6606.430000
6674.730000
6743.240000
6583.900000
6625.190000
6801.050000
6732.030000
6671.220000
6750.120000
6522.990000
6590.410000
6704.560000
6739.900000
6801.320000
6761.190000
6710.770000
6694.440000
6561.510000
6569.480000
6444.740000
6475.310000
6518.000000
6579.930000
6451.970000
6401.060000
6384.250000
6308.960000
6271.170000
6331.070000
6435.570000
6285.750000
6315.890000
6339.940000
6323.220000
6396.810000
6280.800000
6264.380000
6050.290000
5978.230000
5969.400000
6093.990000
6144.220000
6130.820000
6141.050000
6161.240000
6152.490000
6138.610000
6229.410000
6248.200000
6363.360000
6392.130000
6343.130000
6263.250000
6132.390000
6136.690000
6228.990000
6149.910000
6416.280000
6496.080000
6578.210000
6564.800000
6535.560000
6410.110000
6387.570000
6438.330000
6453.850000
6419.350000
6557.100000
6565.730000
6577.640000
6684.420000
6758.390000
6630.020000
6419.330000
6390.410000
6406.520000
6582.960000
6689.400000
6774.060000
6772.260000
6754.460000
6606.090000
6865.660000
6918.720000
6967.950000
6966.150000
6964.990000
6944.560000
6909.680000
6974.390000
6946.800000
6996.290000
7040.880000
7033.680000
7089.380000
7017.810000
6949.580000
6971.010000
7047.480000
7002.680000
7010.510000
6895.490000
6970.790000
7014.810000
6932.640000
6964.690000
7167.330000
7214.500000
7213.730000
7310.110000
7343.530000
7310.320000
7412.130000
7403.690000
7347.690000
7390.760000
7389.490000
7451.620000
7413.160000
7425.060000
7276.510000
7290.020000
7216.170000
7326.730000
7305.860000
7322.080000
7305.280000
7397.870000
7291.210000
7234.530000
7205.230000
7281.700000
7232.500000
7261.250000
7376.270000
7394.550000
7437.270000
7380.640000
7328.050000
7173.690000
7192.900000
7200.230000
7231.850000
7203.160000
7284.400000
7260.630000
7335.670000
7363.850000
7326.470000
7377.760000
7232.830000
7204.960000
7163.500000
7168.760000
7169.120000
7116.230000
7044.040000
6956.870000
7123.760000
7173.490000
7187.060000
7246.980000
7305.430000
7292.540000
7338.630000
7349.540000
7401.240000
7413.990000
7435.290000
7424.950000
7444.770000
7537.590000
7508.890000
7532.490000
7590.640000
7612.810000
7569.500000
7595.470000
7598.530000
7661.160000
7672.910000
7671.740000
7643.240000
7649.110000
7613.580000
7775.200000
7757.450000
7767.380000
7727.760000
7695.490000
7723.430000
7704.770000
7714.020000
7735.610000
7669.370000
7690.780000
7729.770000
7714.090000
7747.030000
7702.080000
7710.730000
7749.490000
7850.390000
7836.330000
7854.310000
7807.200000
7792.460000
7829.490000
7644.410000
7665.990000
7588.310000
7587.870000
7643.240000
7633.740000
7660.190000
7711.890000
7631.190000
7593.510000
7628.730000
7752.450000
7728.900000
7583.570000
7661.910000
7773.190000
7597.110000
7675.830000
7741.700000
7708.160000
7691.680000
7870.310000
7919.330000
7939.770000
7986.470000
7984.290000
7966.120000
7970.910000
8058.370000
8042.850000
8010.700000
7947.790000
8001.970000
7932.510000
7911.350000
7870.900000
7879.670000
7789.090000
7795.310000
7943.870000
7874.750000
7817.390000
7658.750000
7662.640000
7637.510000
7810.630000
7871.630000
7744.770000
7712.630000
7682.580000
7503.030000
7473.730000
7459.960000
7478.110000
7658.210000
7759.030000
7832.860000
7814.760000
7873.500000
7913.710000
7961.710000
8122.290000
8112.080000
8181.780000
8249.710000
8262.550000
8278.590000
8279.290000
8339.110000
8362.420000
8369.870000
8398.000000
8455.830000
8472.200000
8530.890000
8351.980000
8305.320000
8383.300000
8480.870000
8336.580000
8400.200000
8348.840000
8285.800000
8295.960000
8196.180000
8098.810000
8254.680000
8307.690000
8222.460000
8143.270000
8095.390000
8127.960000
8215.730000
8229.510000
8197.080000
7928.480000
7789.240000
7692.450000
7811.300000
7940.990000
7990.750000
7959.220000
7983.920000
7910.770000
7829.320000
7994.310000
7806.000000
7968.540000
8057.750000
8066.480000
8158.800000
8212.770000
8234.810000
8201.050000
8254.720000
8337.090000
8331.570000
8331.060000
8314.230000
8379.110000
8298.980000
8244.910000
8259.030000
8271.020000
8275.970000
8410.730000
8406.940000
8398.380000
8299.730000
8260.480000
8318.320000
8338.310000
8359.250000
8415.760000
8438.120000
8376.290000
8391.940000
8366.290000
8300.030000
8285.410000
8397.890000
8416.990000
8435.150000
8242.560000
8157.900000
8194.550000
8103.150000
8243.870000
8180.710000
8195.920000
8234.980000
8275.670000
8276.320000
8446.540000
8495.730000
8494.000000
8509.420000
8613.000000
8596.950000
8636.060000
8694.180000
8675.730000
8635.290000
8664.600000
8665.630000
8664.100000
8661.510000
8594.400000
8689.140000
8629.420000
8597.910000
8622.970000
8591.580000
8555.890000
8516.690000
8685.770000
8724.830000
8723.810000
8804.440000
8846.000000
8811.980000
8865.100000
8867.220000
8947.460000
8919.860000
8980.630000
8985.740000
8978.650000
9022.040000
9010.270000
9033.920000
9007.830000
9037.230000
9009.110000
9040.870000
9081.030000
9078.280000
9107.860000
9076.480000
9054.830000
9149.660000
9168.690000
9225.430000
9193.290000
9202.070000
9196.080000
9219.040000
9299.950000
9290.070000
9351.130000
9387.370000
9405.300000
9401.960000
9223.400000
9140.630000
9084.950000
9172.410000
9195.170000
9114.440000
9077.110000
9017.000000
9006.460000
9163.560000
9085.120000
9181.750000
9335.740000
9400.180000
9488.820000
9589.390000
9552.160000
9400.040000
9435.150000
9428.000000
9506.200000
9497.840000
9421.610000
9473.240000
9510.170000
9540.510000
9733.810000
9717.710000
9742.960000
9715.900000
9730.120000
9720.110000
9631.040000
9392.020000
9349.220000
9406.910000
9336.730000
9373.480000
9306.480000
9186.520000
9127.910000
9116.320000
9256.580000
9301.920000
9289.860000
9478.770000
9540.000000
9596.770000
9662.400000
9656.760000
9659.780000
9660.050000
9618.850000
9656.950000
9708.940000
9699.350000
9661.730000
9588.330000
9692.080000
9358.890000
9589.150000
9542.020000
9542.870000
9350.750000
9265.500000
9307.790000
9188.690000
9017.790000
9056.410000
9180.890000
9242.550000
9277.050000
9296.120000
9342.940000
9188.770000
9338.400000
9448.580000
9451.210000
9587.190000
9555.910000
9603.710000
9623.360000
9628.820000
9695.770000
9510.850000
9490.790000
9506.350000
9454.540000
9315.290000
9339.170000
9173.710000
9317.820000
9409.710000
9600.090000
9544.190000
9548.680000
9401.550000
9446.360000
9584.120000
9603.230000
9556.020000
9529.500000
9467.530000
9521.300000
9607.400000
9581.450000
9702.460000
9754.430000
9754.390000
9656.050000
9629.100000
9659.390000
9639.080000
9697.870000
9720.910000
9768.010000
9892.820000
9940.820000
9939.170000
9938.900000
9943.270000
9950.120000
9919.740000
9926.670000
9947.830000
9987.190000
10008.630000
10028.800000
9949.810000
9938.700000
9912.870000
9883.980000
9920.320000
9930.330000
10004.000000
9987.240000
9920.920000
9938.080000
9867.750000
9804.900000
9815.170000
9833.070000
9902.410000
9911.270000
10029.430000
10009.080000
9906.070000
9772.670000
9808.200000
9659.130000
9666.340000
9783.010000
9719.410000
9859.270000
9753.880000
9720.020000
9612.050000
9734.330000
9753.560000
9794.060000
9644.010000
9598.170000
9653.630000
9593.680000
9407.480000
9210.080000
9154.140000
9189.740000
9130.040000
9038.970000
9009.320000
9180.740000
9069.470000
9198.880000
9225.100000
9092.600000
9245.330000
9334.280000
9314.570000
9401.530000
9339.170000
9510.140000
9588.150000
9569.710000
9462.560000
9470.170000
9479.030000
9507.020000
9626.490000
9724.260000
9747.020000
9758.030000
9710.700000
9700.170000
9691.280000
9651.130000
9659.630000
9632.930000
9661.500000
9798.130000
9799.260000
9749.540000
9595.030000
9661.970000
9510.010000
9490.550000
9422.910000
9474.300000
9382.030000
9195.680000
9195.680000
9209.510000
9086.210000
8995.330000
9005.020000
8788.810000
8812.430000
8825.210000
8571.950000
8582.900000
8850.270000
8717.760000
8886.960000
8940.140000
9047.310000
8987.800000
8902.610000
9068.190000
9082.810000
9114.840000
9326.870000
9251.700000
9166.470000
9315.480000
9377.410000
9291.830000
9351.870000
9369.030000
9210.960000
9248.510000
9252.940000
9306.350000
9456.530000
9472.800000
9483.970000
9732.550000
9785.540000
9861.210000
9915.560000
9974.870000
9980.850000
9963.510000
9934.080000
9971.790000
9851.350000
10087.120000
10014.990000
9793.710000
9799.730000
9862.530000
9594.730000
9334.010000
9563.890000
9544.430000
9811.060000
9786.960000
9865.760000
9922.110000
9927.130000
9805.550000
9764.730000
9473.160000
9469.660000
9518.180000
9837.610000
9648.500000
9781.900000
9941.000000
9817.080000
10032.610000
10167.770000
10242.350000
10257.130000
10299.230000
10435.620000
10649.580000
10798.330000
10628.580000
10710.970000
10737.870000
10694.320000
10828.010000
10890.950000
10911.320000
10905.410000
10846.390000
10663.510000
10753.830000
10752.110000
10919.650000
10963.400000
10923.230000
10895.620000
10961.000000
11001.940000
11050.640000
11130.920000
11205.740000
11210.270000
11327.190000
11401.660000
11410.360000
11280.360000
11390.380000
11504.010000
11550.970000
11582.110000
11500.380000
11805.990000
11799.390000
11901.610000
12167.720000
11980.850000
11922.770000
11899.400000
12039.370000
11895.840000
12005.690000
11865.320000
11843.680000
11868.330000
12086.010000
11966.170000
12001.380000
11967.390000
12123.520000
12035.860000
12166.440000
12374.730000
12338.730000
12227.600000
12231.340000
11998.860000
11688.700000
11891.910000
11939.580000
11867.370000
11723.580000
11810.850000
12039.160000
11811.660000
11432.720000
11454.380000
11619.850000
11327.680000
11350.150000
11407.970000
11709.730000
11673.350000
11472.410000
11351.460000
11559.820000
11447.030000
11594.280000
11853.330000
11848.470000
11864.590000
11815.010000
11625.130000
11771.130000
11677.570000
11413.820000
11436.050000
11328.800000
11419.620000
11340.600000
11197.150000
11064.920000
11001.290000
11265.390000
11332.780000
11196.490000
10984.970000
11044.010000
10978.010000
11100.300000
11040.100000
11460.500000
11542.540000
11471.260000
11473.130000
11492.430000
11083.200000
10944.970000
11180.500000
11099.350000
11058.390000
10890.630000
10676.780000
10747.300000
10996.410000
11315.630000
11484.380000
11516.900000
11539.660000
11716.760000
11673.420000
11735.720000
11604.800000
11520.670000
11512.110000
11347.450000
11056.400000
11173.910000
11211.850000
11257.150000
11308.990000
11443.720000
11456.070000
11636.300000
11585.100000
11490.830000
11604.780000
11293.650000
10924.610000
11014.630000
10985.140000
10940.330000
10915.920000
10682.150000
10432.190000
10124.520000
9648.430000
10128.120000
9997.430000
10315.620000
10298.530000
10259.460000
10015.570000
10048.050000
10317.840000
10038.040000
10108.610000
10271.360000
10303.120000
10210.440000
10123.560000
10131.740000
10188.130000
10227.210000
10229.580000
9916.160000
9948.510000
9570.660000
9612.620000
9427.640000
9688.530000
9483.550000
9450.400000
9660.440000
9509.250000
9553.070000
9814.790000
9902.830000
9970.400000
9993.070000
10096.600000
10119.830000
10032.820000
9915.850000
10064.800000
10104.430000
10164.310000
10147.680000
10238.100000
10491.970000
10794.540000
10801.340000
10692.190000
10831.960000
10800.840000
10850.140000
10950.670000
10951.150000
10845.240000
10887.740000
10988.030000
10815.450000
10832.520000
10907.870000
10782.630000
10708.400000
10713.230000
10971.040000
10959.950000
11085.440000
11119.830000
11092.310000
10933.990000
11169.540000
11320.770000
11293.760000
11382.230000
11261.240000
11190.020000
10789.240000
10752.100000
10886.090000
10673.600000
10592.490000
10598.930000
10340.060000
10139.340000
10450.380000
10469.260000
10738.120000
10608.190000
10497.770000
10488.750000
10727.640000
10653.910000
10860.140000
10743.010000
10283.440000
10310.100000
10214.020000
9979.850000
9849.340000
9825.070000
9985.430000
9960.960000
9794.200000
9545.270000
9521.850000
9664.210000
9391.640000
9574.160000
9764.880000
9736.150000
9822.750000
9880.820000
9639.590000
9798.110000
9757.880000
9581.040000
9434.820000
9393.360000
9286.230000
8979.360000
8879.400000
9017.290000
8752.870000
8967.510000
9206.840000
9135.110000
9377.210000
9463.640000
9388.050000
9573.590000
9416.770000
9167.800000
9331.480000
9513.300000
9495.400000
9717.160000
9776.620000
9751.920000
9824.170000
9778.930000
9692.820000
9723.090000
9498.150000
9831.130000
9990.260000
9933.850000
9983.410000
9892.200000
9950.800000
9948.640000
9990.000000
10022.930000
9851.350000
9887.940000
10046.610000
9965.510000
9794.640000
9822.080000
9563.360000
9624.510000
9530.620000
9622.260000
9682.990000
9761.470000
10026.100000
10093.650000
10051.570000
10120.310000
10349.590000
10421.290000
10435.730000
10373.490000
10294.350000
10259.590000
10299.830000
10321.150000
10038.970000
10123.270000
9926.770000
9828.250000
9851.860000
9869.950000
9980.490000
10045.440000
9975.320000
9862.120000
9952.900000
9890.190000
9943.230000
9795.890000
9916.020000
9842.290000
10057.310000
10205.210000
10272.710000
10286.310000
10333.230000
10262.740000
10204.440000
10208.000000
10103.260000
10121.080000
10287.680000
10217.030000
10088.870000
9834.620000
9657.440000
9519.200000
9606.710000
9550.470000
9631.360000
9962.020000
10015.540000
10071.060000
10257.030000
9557.160000
9268.660000
9447.280000
9612.270000
9680.090000
9776.120000
9709.090000
9532.610000
9373.260000
9418.780000
9629.660000
9833.410000
9964.070000
9930.710000
10068.300000
10066.900000
10063.130000
9981.240000
10142.010000
10156.210000
10147.460000
10198.240000
10247.760000
10319.550000
10274.930000
10337.500000
10330.520000
10144.340000
10170.210000
10227.860000
10367.210000
10432.360000
10692.900000
10650.890000
10742.840000
10713.430000
10739.210000
10676.650000
10537.670000
10603.030000
10544.360000
10494.350000
10592.880000
10622.970000
10529.590000
10587.770000
10544.440000
10657.640000
10592.690000
10534.310000
10683.820000
10672.220000
10687.140000
10752.980000
10675.290000
10573.440000
10431.770000
10386.600000
10378.400000
10431.200000
10276.170000
10373.870000
10393.860000
10436.490000
10674.180000
10626.970000
10393.710000
10361.480000
10438.340000
10405.540000
10511.020000
10619.610000
10585.780000
10568.800000
10490.860000
10624.080000
10577.160000
10523.070000
10414.070000
10580.380000
10503.570000
10631.550000
10645.680000
10701.390000
10710.730000
10761.170000
10757.310000
10709.680000
10717.080000
10696.190000
10665.010000
10526.160000
10370.930000
10325.880000
10259.130000
10456.950000
10482.320000
10646.010000
10630.120000
10667.950000
10693.690000
10735.140000
10663.870000
10685.540000
10664.560000
10685.130000
10713.850000
10662.440000
10689.260000
10699.270000
10582.670000
10620.490000
10640.300000
10534.050000
10513.350000
10684.830000
10775.320000
10986.690000
11179.420000
11203.630000
11190.210000
11284.650000
11244.840000
11366.400000
11404.010000
11426.700000
11464.740000
11468.640000
11456.100000
11449.930000
11472.240000
11474.990000
11451.050000
11481.060000
11598.330000
11584.240000
11584.310000
11584.940000
11599.010000
11563.990000
11583.300000
11646.170000
11521.040000
11629.180000
11554.710000
11540.000000
11599.390000
11596.890000
11630.130000
11545.750000
11594.940000
11806.050000
11848.630000
11814.270000
11681.890000
11535.310000
11659.500000
11627.950000
11651.490000
11509.840000
11549.440000
11543.380000
11642.860000
11666.970000
11774.430000
11771.810000
11793.930000
11757.240000
11757.020000
11827.620000
11967.490000
11998.590000
11947.830000
11804.030000
11822.670000
11834.410000
12067.190000
12059.570000
12027.360000
11958.400000
11966.140000
11967.310000
11978.390000
11963.180000
11990.030000
11988.790000
12009.870000
12083.180000
12095.240000
12052.900000
11962.130000
11904.120000
12039.680000
12064.270000
11996.070000
12149.420000
12203.000000
12256.430000
12312.870000
12257.200000
12282.340000
12217.540000
12230.890000
12225.060000
12200.520000
12139.350000
12154.700000
12109.000000
12000.440000
12016.450000
12027.320000
12048.570000
12454.980000
12467.040000
12472.800000
12443.790000
12438.010000
12507.900000
12527.840000
12647.780000
12716.890000
12694.550000
12749.120000
12757.460000
12711.060000
12770.410000
12807.040000
12804.530000
12631.610000
12590.060000
12638.690000
12619.460000
12659.150000
12642.870000
12621.720000
12602.180000
12628.950000
12598.680000
12615.060000
12664.920000
12822.940000
12690.120000
12672.490000
12713.580000
12815.720000
12690.440000
12764.980000
12805.950000
12691.810000
12752.730000
12888.950000
12814.790000
12774.260000
12794.000000
12733.410000
12770.830000
12671.020000
12647.270000
12416.190000
12325.120000
12475.310000
12437.130000
12453.680000
12381.250000
12388.680000
12445.920000
12437.020000
12626.580000
12641.330000
12631.720000
12587.160000
12430.390000
12452.050000
12447.250000
12240.060000
12208.950000
12264.310000
12305.110000
12212.040000
12162.700000
12118.250000
12251.290000
12181.480000
12154.720000
12297.720000
12257.170000
12292.050000
12154.000000
12014.300000
12014.060000
12165.120000
12177.040000
12263.860000
12203.460000
12165.190000
12065.990000
12229.340000
12174.300000
12180.830000
12167.940000
12123.470000
11945.880000
12002.470000
12055.840000
12142.640000
12102.210000
12123.710000
12214.540000
12296.630000
12303.980000
12475.240000
12524.770000
12553.570000
12540.450000
12518.810000
12559.390000
12561.790000
12569.170000
12600.030000
12592.350000
12594.810000
12605.200000
12657.410000
12704.650000
12828.860000
12902.650000
12970.520000
12968.050000
12955.940000
12976.400000
12949.250000
12970.680000
12982.890000
12991.870000
13003.700000
12995.060000
13043.030000
12990.100000
12991.280000
13003.140000
13013.190000
12953.410000
13133.280000
13217.540000
13229.570000
13465.510000
13440.930000
13478.860000
13468.790000
13379.270000
13382.420000
13182.560000
13127.470000
13074.420000
13033.480000
12976.370000
13047.220000
12993.730000
13058.660000
13167.540000
13015.040000
13008.550000
13059.840000
13000.200000
13059.530000
13061.870000
13023.980000
12861.490000
13058.550000
13048.540000
12998.850000
13045.150000
13153.700000
13123.650000
13183.530000
13125.640000
13068.080000
13103.560000
13312.300000
13215.790000
13069.170000
13109.740000
13072.790000
13070.020000
12979.940000
12917.640000
12871.390000
12978.210000
13167.890000
13319.640000
13367.780000
13385.590000
13281.340000
13202.900000
13245.030000
13200.510000
13246.330000
13183.960000
13281.430000
13434.450000
13463.690000
13559.600000
13414.740000
13298.360000
13340.170000
13324.480000
13197.710000
13189.480000
13003.900000
12785.160000
12687.490000
12392.660000
12590.430000
12260.290000
12107.480000
12282.770000
12196.500000
12339.160000
12346.170000
12451.960000
12385.600000
12487.900000
12470.490000
12461.910000
12483.790000
12527.040000
12490.730000
12435.850000
12190.940000
11913.710000
12090.870000
12113.870000
12245.360000
12355.570000
12346.680000
12418.390000
12221.030000
12237.740000
12345.560000
12389.580000
12217.020000
12307.330000
12309.150000
12100.080000
11886.310000
11787.260000
11970.830000
11940.710000
12096.730000
12002.450000
11957.900000
12305.190000
12241.270000
12261.750000
12397.320000
12293.970000
12415.010000
12442.400000
12391.410000
12585.570000
12590.830000
12567.420000
12540.500000
12572.390000
12550.820000
12422.300000
12500.470000
12580.870000
12612.110000
12802.250000
12690.150000
12819.600000
12948.140000
12912.210000
12943.060000
13022.870000
13001.240000
12977.710000
12970.040000
12996.330000
13114.610000
13077.720000
13169.920000
12976.840000
12855.090000
12938.010000
12863.460000
12666.510000
12783.760000
12604.890000
12724.270000
12770.750000
12787.130000
12830.070000
12811.050000
12766.550000
12842.910000
12842.300000
12890.580000
13107.100000
13010.550000
12834.110000
12677.970000
12695.160000
12511.910000
12579.720000
12270.330000
12234.340000
12348.610000
12177.230000
12306.000000
12238.170000
12349.140000
12317.610000
12464.290000
12496.170000
12543.890000
12609.850000
12417.130000
12492.970000
12540.730000
12561.020000
12661.540000
12765.940000
12686.290000
12561.420000
12548.570000
12689.390000
12579.330000
12809.230000
12860.400000
12798.200000
12805.500000
12737.050000
12546.330000
12615.760000
12598.210000
12648.190000
12633.540000
12676.110000
12424.350000
12358.740000
12358.870000
12163.010000
12237.170000
12210.550000
12331.300000
12384.490000
12385.700000
12365.580000
12394.520000
12538.310000
12527.420000
12561.680000
12494.240000
12364.060000
12346.410000
12210.210000
12040.460000
11955.250000
11959.630000
11986.340000
11970.270000
12032.300000
12055.550000
12124.330000
12096.410000
12157.670000
12219.020000
12326.480000
12430.880000
12350.820000
12374.660000
12385.890000
12435.590000
12246.730000
12339.030000
12287.580000
12244.140000
12111.900000
11947.160000
11977.220000
11712.500000
11539.350000
11523.810000
11614.160000
11776.550000
11715.030000
11589.210000
11553.830000
11524.340000
11274.280000
11191.630000
11307.120000
11200.620000
11335.480000
11287.390000
11447.510000
11468.540000
11518.990000
11494.960000
11484.340000
11579.100000
11527.320000
11529.160000
11325.440000
11472.220000
11412.530000
11353.670000
11341.000000
11244.540000
11066.410000
11244.170000
11138.490000
11192.690000
11354.720000
11309.110000
11298.880000
11298.230000
11257.240000
11465.460000
11335.320000
11200.240000
10810.980000
10788.090000
10622.070000
10780.510000
10929.430000
10924.700000
10865.770000
10772.200000
10740.890000
10766.210000
10611.100000
10633.820000
10381.510000
10558.960000
10580.190000
10416.660000
10767.690000
10747.810000
10803.980000
10893.320000
10921.590000
10887.460000
10855.910000
10891.790000
10931.240000
10918.620000
11205.540000
11136.200000
11090.110000
11071.540000
11130.180000
11281.790000
11210.310000
11218.830000
11181.660000
11173.100000
11180.660000
11176.580000
11367.980000
11324.720000
11022.020000
10906.780000
11014.590000
11126.080000
11167.220000
11089.790000
11299.800000
11299.200000
11309.210000
11401.970000
11423.280000
11457.700000
11505.390000
11540.790000
11487.330000
11515.640000
11601.680000
11592.660000
11620.740000
11587.630000
11517.800000
11457.840000
11543.480000
11524.170000
11572.410000
11587.470000
11685.690000
11657.060000
11788.410000
11603.890000
11549.960000
11364.170000
11346.650000
11419.480000
11419.040000
11428.160000
11526.040000
11681.990000
11754.790000
11954.400000
11988.010000
12009.750000
11963.400000
11850.570000
11905.910000
11935.200000
11999.930000
12020.280000
12101.320000
12153.070000
12222.390000
12235.510000
12313.160000
12282.600000
12315.180000
12328.020000
12344.080000
12345.420000
12412.750000
12286.880000
12092.740000
12179.930000
11973.920000
12059.830000
11876.650000
11991.620000
12099.570000
12310.370000
12238.940000
12041.290000
12143.470000
12168.740000
11952.410000
12011.040000
12071.180000
12027.050000
11837.810000
11902.080000
11726.840000
11792.810000
11971.170000
11980.810000
11953.140000
12045.380000
12045.380000
12155.810000
12115.680000
12169.050000
12096.400000
12085.820000
12331.750000
12308.530000
12355.390000
12339.920000
12274.570000
12228.440000
12245.320000
12271.030000
12398.800000
12521.380000
12526.720000
12616.240000
12629.900000
12568.530000
12543.510000
12436.550000
12373.410000
12332.120000
12323.320000
12387.340000
12430.970000
12341.030000
12227.850000
12260.070000
12289.400000
12490.740000
12522.890000
12362.100000
12419.900000
12417.470000
12147.240000
12189.040000
12253.150000
11872.440000
11658.510000
11567.960000
11650.150000
11845.410000
11693.800000
11679.680000
11750.130000
11492.660000
11412.670000
11562.740000
11715.370000
11651.180000
11802.850000
11747.040000
11611.510000
11658.040000
11730.020000
11701.020000
11838.880000
11939.280000
11953.780000
11910.860000
12025.040000
12126.780000
12191.730000
12226.100000
12268.710000
12359.070000
12410.250000
12468.530000
12380.310000
12372.610000
12389.620000
12457.700000
12468.010000
12342.330000
12307.150000
12234.180000
12288.540000
12380.940000
12428.080000
12263.830000
11925.250000
11925.250000
12012.810000
12097.430000
11970.200000
12094.260000
12164.200000
12511.650000
12486.560000
12629.790000
12670.110000
12654.950000
12633.600000
12747.960000
12754.690000
12798.190000
12872.100000
12894.510000
12941.710000
12939.620000
12910.230000
12866.790000
12961.050000
13136.280000
13148.500000
13179.890000
13289.460000
13228.560000
13198.370000
13283.510000
13230.070000
13180.230000
13241.750000
13207.010000
13221.120000
13158.140000
13137.700000
13163.880000
13246.450000
13236.420000
13287.070000
13245.580000
13236.380000
12964.680000
12989.290000
13140.570000
13054.800000
13166.580000
13105.610000
13070.720000
13146.740000
13221.640000
13282.720000
13407.660000
13287.830000
13222.160000
13211.960000
13318.900000
13300.980000
13337.110000
13249.010000
13385.930000
13219.140000
13126.990000
13226.830000
13320.180000
13495.060000
13483.310000
13451.520000
13456.490000
13432.300000
13429.430000
13526.130000
13548.940000
13555.870000
13515.750000
13388.420000
13576.680000
13204.770000
13323.690000
13345.000000
13157.120000
12981.970000
13045.190000
13281.740000
13478.330000
13574.820000
13513.810000
13494.030000
13627.840000
13749.780000
13745.430000
13744.210000
13783.890000
13681.190000
13789.000000
13664.000000
13579.330000
13035.240000
12790.490000
12774.880000
12367.460000
11890.350000
11857.870000
11985.390000
12127.690000
11944.720000
11541.870000
10625.020000
10475.490000
10438.680000
9161.130000
9232.080000
8742.250000
8939.100000
8441.710000
8610.430000
8928.950000
8741.150000
9700.570000
9874.260000
10000.960000
9632.520000
9815.970000
9935.840000
9544.750000
9570.820000
9525.770000
10075.170000
10356.700000
10332.890000
10564.740000
10696.560000
10279.760000
10301.540000
10625.780000
10675.900000
10249.850000
10415.030000
10513.790000
10336.090000
10659.990000
10795.630000
11107.740000
10861.640000
10466.800000
10729.460000
10606.200000
10759.270000
10904.480000
10824.990000
10819.500000
10542.660000
10337.020000
10465.170000
11058.870000
11075.290000
11223.710000
11065.930000
11073.870000
11391.280000
11504.650000
11657.690000
11781.130000
11586.850000
12021.280000
12487.360000
12430.560000
12847.680000
12819.590000
12617.990000
12530.160000
11970.290000
11949.280000
11911.350000
12315.660000
12382.140000
12281.530000
12330.760000
12262.970000
12523.760000
12093.940000
12177.870000
12089.390000
12232.120000
12310.930000
12260.570000
12608.460000
12528.180000
12733.450000
12616.800000
12494.810000
12489.460000
12633.710000
12799.970000
12697.360000
12930.980000
12874.970000
12919.610000
13046.920000
13171.830000
13104.250000
13103.390000
12838.060000
12838.660000
12835.280000
12822.260000
12379.650000
12313.360000
12646.980000
12600.870000
12660.250000
12591.680000
12674.880000
12687.530000
12946.890000
13058.630000
12993.710000
12901.340000
12920.660000
12881.760000
12977.330000
12830.000000
12764.800000
13066.540000
13061.620000
13190.150000
13096.360000
13033.200000
12945.380000
12974.250000
13243.430000
13057.770000
12842.660000
13100.280000
12968.330000
13237.210000
13208.890000
13202.840000
13193.660000
13217.670000
13255.370000
13208.120000
13252.580000
12542.440000
12594.390000
12642.970000
12606.570000
12469.200000
12870.870000
12825.820000
12760.730000
12730.770000
12689.040000
12828.310000
12906.020000
12928.570000
13042.210000
13051.230000
13138.410000
13018.990000
13028.060000
12703.750000
12908.990000
12854.660000
12736.950000
12557.640000
12543.060000
12645.750000
12177.180000
12063.570000
11560.510000
11598.070000
11556.480000
11788.280000
12088.980000
12324.220000
12568.090000
12480.020000
13095.970000
13163.110000
13216.180000
13052.950000
13076.720000
13138.610000
13133.470000
13201.890000
13086.160000
13137.250000
13126.970000
13292.440000
13289.800000
13286.570000
13335.680000
13291.160000
13382.300000
13313.240000
13252.860000
13298.960000
13271.000000
13278.490000
13340.260000
13295.730000
13114.300000
13223.160000
13362.870000
13565.980000
13667.250000
13630.510000
13246.300000
13418.110000
13587.230000
13790.290000
13761.380000
13718.780000
13726.740000
13651.220000
13891.970000
13968.240000
14049.530000
13936.660000
13925.060000
13939.710000
13988.700000
13787.730000
13848.350000
13815.060000
13921.370000
13906.670000
13873.970000
13643.950000
13870.990000
13620.460000
13665.930000
13432.870000
13622.020000
13835.160000
13933.630000
14060.290000
14056.720000
14059.910000
14011.800000
13932.970000
14040.910000
14049.890000
14109.480000
14064.600000
13909.270000
13886.930000
13993.230000
13950.040000
13864.810000
13976.000000
13879.330000
13786.290000
14012.820000
14039.800000
14080.030000
14056.340000
13920.690000
14380.910000
14437.940000
14540.250000
14569.390000
14502.390000
14461.420000
14557.580000
14596.610000
14775.520000
14621.000000
14657.210000
14662.020000
14610.390000
14621.360000
14748.940000
14817.720000
15008.610000
15008.340000
15107.170000
15212.680000
15176.360000
15202.680000
15234.160000
15215.000000
15234.360000
15209.150000
15255.330000
15459.750000
15368.390000
15129.510000
15195.970000
15320.520000
15279.620000
15296.340000
15249.270000
15292.180000
15154.200000
15135.910000
15236.470000
14856.480000
15170.780000
15196.740000
15399.650000
15400.410000
15119.750000
15150.220000
15199.680000
15416.640000
15396.620000
15386.580000
15113.560000
15370.260000
15437.510000
15465.090000
15450.720000
15406.730000
15519.980000
15421.130000
15567.360000
15602.710000
15632.670000
15692.900000
15677.150000
15640.600000
15581.140000
15571.220000
15693.270000
15673.640000
15729.520000
15710.570000
15727.670000
15448.040000
15603.240000
15636.330000
15456.390000
15589.230000
15607.970000
15554.180000
15690.590000
15531.040000
15603.810000
15650.090000
15661.970000
15511.380000
15692.710000
15420.640000
15687.930000
15790.510000
15789.640000
15788.980000
15629.660000
15540.310000
15133.200000
15216.270000
15422.500000
15514.540000
15669.290000
15618.980000
15519.130000
15570.360000
15640.470000
15544.390000
15568.730000
15555.080000
15692.130000
15744.670000
15761.450000
15745.410000
15770.710000
15826.090000
15937.510000
15977.440000
15925.730000
15921.950000
15965.970000
15765.810000
15808.040000
15852.790000
15905.850000
15860.660000
15793.620000
15851.750000
15887.310000
15835.090000
15824.290000
15840.590000
15781.200000
15932.120000
15843.090000
15610.280000
15623.150000
15609.810000
15701.420000
15722.990000
15616.000000
15651.750000
15490.170000
15132.060000
15348.530000
15506.740000
15643.970000
15531.750000
15573.880000
15248.560000
15365.270000
15260.690000
15156.440000
15036.550000
15194.490000
14973.330000
15250.860000
15206.130000
15199.140000
15146.870000
15249.380000
15462.720000
15587.360000
15474.470000
15515.830000
15522.920000
15472.560000
15542.980000
15599.230000
15757.060000
15705.810000
15696.330000
15688.770000
15806.290000
15954.450000
15959.980000
16029.650000
16054.360000
16046.520000
16040.470000
16067.830000
16083.110000
16094.070000
16148.640000
16247.860000
16251.130000
16221.730000
16159.970000
16115.690000
15937.000000
15878.390000
15917.980000
15257.040000
15280.860000
15100.130000
15472.670000
15263.110000
15169.980000
15380.790000
15813.940000
15687.090000
15639.260000
15623.310000
15621.720000
15453.560000
15476.350000
15636.400000
15531.690000
15239.670000
15447.440000
15593.470000
15756.310000
15835.250000
15963.700000
15852.250000
15884.860000
16020.730000
16152.610000
16271.750000
16052.030000
15947.740000
15768.270000
15941.810000
16010.320000
16031.590000
15883.240000
15933.720000
15772.560000
15809.720000
15912.330000
15603.880000
15011.130000
15123.870000
15459.390000
15524.270000
15318.950000
15471.200000
15619.390000
15613.770000
15368.470000
15099.560000
15206.640000
15242.380000
15482.010000
15490.440000
15425.120000
15113.970000
15412.710000
15370.300000
15267.630000
15042.510000
14731.120000
14693.000000
14631.360000
14052.100000
14567.230000
14461.020000
13904.850000
14000.110000
13698.400000
13094.540000
12834.650000
12831.510000
13847.930000
13442.100000
13628.110000
13929.110000
13917.270000
14440.740000
14388.060000
14413.090000
14326.970000
14473.200000
14283.650000
14273.790000
14305.760000
14417.370000
14820.330000
14606.050000
14414.750000
14446.480000
14518.160000
14424.360000
14151.690000
14078.150000
14283.670000
14192.780000
14124.950000
14076.440000
14163.850000
14153.460000
14362.030000
14502.410000
14142.090000
13924.170000
13756.400000
13793.940000
13979.840000
14097.880000
13939.070000
14039.470000
13970.820000
13902.520000
13674.290000
13380.670000
13534.740000
13828.640000
13739.640000
14027.930000
13964.380000
14185.940000
14007.760000
13882.300000
13981.910000
14175.400000
13919.750000
14007.930000
14231.290000
14462.190000
14575.980000
14388.350000
14340.470000
14485.170000
14460.090000
14653.810000
14556.620000
14445.990000
14198.800000
13761.830000
13427.030000
13304.390000
13485.290000
13038.490000
13126.260000
13265.600000
13292.400000
13144.280000
12912.590000
13118.130000
13186.070000
13231.820000
13003.350000
12783.770000
12813.030000
12773.380000
12401.200000
12594.520000
12843.220000
13015.230000
12832.440000
12905.480000
12756.320000
12519.660000
12864.720000
12959.810000
13308.410000
13281.980000
13246.640000
13253.680000
13210.320000
13096.930000
13166.380000
13282.110000
13484.050000
13479.630000
13449.200000
13587.560000
13662.680000
13573.930000
13687.690000
13534.970000
13700.930000
13694.510000
13795.850000
13816.610000
13910.120000
13626.710000
13697.410000
13544.520000
13230.570000
13194.230000
13220.060000
13271.960000
12971.470000
12892.990000
12961.140000
12834.960000
12630.230000
13050.270000
12760.780000
12871.440000
12915.970000
12904.320000
13088.210000
13402.270000
13188.950000
13028.000000
12956.660000
12741.260000
12803.240000
12670.830000
12767.150000
12531.630000
12284.190000
12227.920000
12139.680000
12183.280000
11975.550000
12114.360000
12209.480000
12670.480000
12517.180000
12470.780000
12273.000000
12272.940000
12220.250000
12172.260000
12355.580000
12437.810000
12649.030000
12765.610000
12741.410000
12767.410000
12730.900000
12931.450000
13052.960000
13195.810000
13211.230000
13243.330000
13253.740000
13338.740000
13256.740000
13130.190000
13459.850000
13533.520000
13688.750000
13666.320000
14146.090000
14224.860000
14313.300000
14378.510000
14234.030000
14266.380000
14431.860000
14379.930000
14422.350000
14427.590000
14539.560000
14541.380000
14383.360000
14355.450000
14397.040000
14490.300000
14529.390000
14447.610000
14343.190000
14261.190000
14264.560000
14370.720000
14306.630000
14497.890000
14460.200000
13986.230000
13893.070000
13942.870000
13884.660000
14097.820000
13914.070000
13940.930000
13995.100000
13925.600000
14071.720000
13923.590000
14069.260000
14181.670000
14490.780000
14436.310000
14610.020000
14792.830000
14774.600000
14947.910000
15058.300000
15086.520000
15134.040000
15187.070000
15181.800000
14920.360000
15033.560000
15102.950000
15093.110000
15081.640000
15132.850000
15150.030000
15126.080000
15128.270000
15180.740000
15509.190000
15476.430000
15345.910000
15320.880000
15412.050000
15523.420000
15307.980000
15397.340000
15380.560000
15506.340000
15533.640000
15482.000000
15477.550000
15397.620000
15399.890000
15475.690000
15209.740000
15381.430000
15365.140000
15305.020000
15327.640000
15578.390000
15653.580000
15559.530000
15631.870000
15633.210000
15427.970000
14959.470000
15232.830000
14735.260000
14967.100000
14768.200000
14933.380000
15195.340000
15216.190000
15210.390000
14957.230000
15127.680000
15142.020000
15328.780000
15522.400000
15628.840000
15580.920000
15603.470000
15520.170000
15578.330000
15655.170000
15703.600000
15729.460000
15807.500000
15789.530000
15882.670000
15895.200000
15795.970000
15881.660000
15863.950000
15872.130000
15795.730000
15800.450000
15922.380000
15726.940000
15815.060000
15734.240000
15961.020000
15952.830000
15955.480000
15896.230000
15834.910000
15913.820000
15917.240000
15897.930000
15951.300000
16163.360000
16275.380000
16223.990000
16152.860000
15842.130000
15793.800000
15983.970000
15952.730000
15908.910000
15664.020000
15853.660000
16051.230000
15963.890000
15992.440000
15960.560000
15989.960000
15949.840000
16097.870000
16230.680000
16310.790000
16290.120000
16357.630000
16201.200000
16111.320000
16023.130000
15988.160000
15829.940000
15813.060000
15846.860000
15949.000000
15946.720000
16147.900000
16081.040000
16039.170000
15937.580000
15528.540000
15603.400000
15673.160000
15790.340000
16023.000000
16141.030000
16105.070000
16068.650000
16125.490000
16108.930000
16204.220000
16177.220000
16190.950000
16211.590000
16131.460000
16406.030000
16469.750000
16446.830000
16240.400000
16020.020000
15893.380000
15951.860000
15950.760000
15774.930000
15852.580000
15996.520000
15832.170000
