4304.090000
4578.560000
4584.790000
4575.910000
4625.250000
4623.730000
4612.890000
4607.220000
4563.580000
4619.520000
4660.040000
4654.830000
4682.390000
4705.380000
4715.880000
4716.580000
4761.740000
4788.870000
4828.370000
4840.320000
4835.190000
4845.770000
4859.460000
4894.770000
4881.040000
4888.400000
4931.650000
4921.790000
4851.330000
4828.940000
4828.320000
4911.030000
4970.360000
4954.390000
4926.690000
4939.850000
4880.140000
4886.180000
4857.700000
4924.340000
4925.310000
4908.200000
4915.540000
4853.270000
4784.230000
4828.360000
4800.150000
4832.780000
4838.970000
4840.890000
4911.390000
4968.830000
4988.420000
4990.380000
5017.060000
4990.080000
4906.590000
4914.120000
4904.320000
4989.580000
4929.220000
4950.610000
4858.530000
4864.910000
4896.250000
4989.690000
4970.230000
5031.910000
5047.520000
5051.790000
5084.310000
5132.150000
5064.500000
4989.370000
5012.450000
5019.430000
5028.960000
4964.480000
4936.170000
4981.600000
4972.140000
4926.850000
4881.640000
4852.390000
4850.040000
4927.390000
4862.930000
4882.280000
4802.990000
4842.000000
4927.840000
4922.920000
4970.010000
5007.180000
4993.850000
5037.190000
5004.600000
5035.930000
5057.210000
5089.430000
5088.090000
5105.660000
5073.850000
5114.510000
5125.890000
5172.270000
5183.880000
5195.660000
5190.980000
5198.670000
5167.110000
5195.360000
5190.280000
5272.560000
5295.360000
5270.960000
5306.560000
5262.120000
5268.900000
5286.250000
5300.580000
5314.960000
5304.810000
5292.700000
5344.030000
5342.090000
5355.350000
5395.120000
5406.280000
5419.040000
5432.900000
5455.030000
5458.780000
5408.980000
5455.390000
5479.180000
5519.520000
5514.980000
5544.240000
5549.410000
5517.580000
5525.250000
5536.250000
5476.250000
5517.890000
5447.440000
5408.990000
5453.610000
5330.240000
5338.770000
5356.160000
5431.330000
5561.060000
5639.060000
5675.320000
5673.520000
5726.660000
5646.130000
5676.260000
5666.420000
5647.390000
5687.840000
5740.870000
5707.350000
5743.230000
5771.750000
5767.910000
5792.280000
5799.610000
5782.360000
5788.980000
5865.240000
5864.960000
5875.110000
5915.240000
5803.010000
5876.080000
5778.500000
5755.910000
5732.920000
5729.130000
5676.160000
5717.800000
5821.860000
5844.300000
5881.570000
5906.520000
5894.680000
5887.690000
5905.680000
5906.350000
5940.360000
5945.290000
5960.970000
5910.440000
5901.080000
5936.180000
5961.980000
5973.680000
6022.000000
6024.890000
6030.960000
6032.720000
5959.200000
6001.030000
5903.690000
5921.240000
5918.610000
5908.160000
5905.900000
5915.590000
6000.310000
6064.750000
6094.550000
6088.080000
6076.400000
6110.630000
6079.710000
6025.820000
6002.940000
6053.240000
5974.460000
6053.690000
6111.480000
6131.060000
6133.570000
6116.620000
6034.190000
5906.510000
5845.510000
5861.920000
5671.770000
5656.320000
5685.840000
5529.930000
5685.660000
5596.570000
5719.390000
5778.720000
5757.820000
5613.400000
5681.690000
5719.470000
5685.420000
5613.730000
5513.840000
5531.800000
5387.790000
5463.740000
5379.570000
5282.670000
5294.900000
5428.150000
5382.920000
5420.960000
5477.920000
5524.000000
5521.130000
5548.830000
5528.400000
5444.700000
5471.300000
5583.990000
5683.240000
5723.710000
5721.180000
5634.830000
5687.960000
5678.940000
5695.620000
5626.930000
5612.290000
5514.970000
5436.250000
5424.090000
5392.650000
5558.380000
5527.370000
5449.140000
5579.700000
5576.240000
5589.710000
5633.150000
5703.060000
5681.950000
5604.930000
5687.240000
5671.870000
5672.070000
5645.830000
5652.050000
5677.420000
5654.090000
5629.930000
5691.010000
5778.060000
5819.080000
5828.080000
5825.490000
5799.040000
5804.930000
5775.300000
5807.490000
5811.720000
5850.970000
5847.710000
5867.670000
5852.460000
5881.670000
5912.200000
5885.580000
5811.930000
5774.790000
5803.330000
5824.430000
5881.650000
5902.480000
5911.880000
5930.750000
5926.470000
5864.230000
5954.400000
5935.230000
5888.490000
5915.010000
5967.910000
5985.520000
5991.290000
6009.090000
5989.410000
6008.820000
6049.650000
6085.920000
6080.420000
6091.200000
6111.100000
6129.480000
6158.490000
6181.300000
6187.690000
6129.860000
6172.190000
6174.090000
6201.980000
6244.000000
6243.420000
6266.010000
6279.050000
6256.140000
6256.220000
6263.710000
6281.270000
6229.630000
6244.720000
6331.800000
6358.320000
6350.420000
6338.880000
6353.830000
6386.370000
6401.190000
6430.180000
6448.660000
6418.800000
6446.220000
6465.650000
6480.110000
6473.180000
6401.770000
6278.240000
6284.050000
6360.760000
6323.560000
6242.500000
6297.420000
6370.500000
6363.910000
6408.720000
6429.590000
6467.160000
6463.240000
6520.830000
6564.240000
6588.670000
6583.240000
6558.140000
6567.540000
6554.220000
6523.720000
6616.300000
6611.640000
6593.920000
6678.740000
6684.450000
6673.380000
6604.970000
6611.640000
6621.340000
6588.510000
6685.630000
6715.630000
6734.320000
6713.310000
6711.310000
6687.240000
6744.240000
6689.540000
6704.030000
6758.910000
6687.420000
6698.630000
6723.900000
6781.720000
6787.320000
6857.240000
6892.220000
6876.690000
6876.880000
6917.870000
6890.510000
6890.320000
6862.530000
6902.280000
6977.120000
6961.660000
6978.740000
6987.160000
6989.130000
6964.740000
6986.240000
7004.100000
7022.590000
6663.670000
6717.040000
6640.900000
6558.850000
6514.690000
6632.190000
6633.880000
6711.560000
6713.430000
6732.870000
6570.100000
6519.340000
6569.230000
6582.590000
6666.530000
6698.190000
6793.940000
6848.960000
6901.120000
6858.170000
6864.890000
6836.430000
6891.520000
6915.730000
6979.400000
7059.660000
7072.810000
7154.820000
7168.120000
7145.510000
7171.870000
7240.330000
7330.760000
7334.330000
7275.420000
7252.620000
7338.300000
7325.780000
7337.720000
7346.960000
7360.950000
7384.600000
7438.440000
7467.960000
7452.640000
7517.030000
7541.220000
7459.510000
7483.970000
7360.360000
7473.010000
7458.820000
7497.210000
7507.370000
7505.260000
7613.790000
7621.750000
7665.740000
7730.950000
7678.310000
7745.600000
7740.100000
7794.470000
7798.970000
7876.680000
7967.220000
7980.250000
7890.750000
7708.340000
7569.620000
7655.540000
7689.980000
7645.070000
7770.380000
7875.500000
8053.120000
8054.040000
8092.170000
8041.070000
7993.850000
7882.680000
7863.530000
7799.130000
7890.540000
7961.860000
7952.750000
8041.340000
8063.070000
8114.730000
7984.600000
8087.230000
8089.830000
7867.250000
7933.280000
8132.760000
8098.130000
8106.020000
7926.320000
7964.540000
7968.190000
7875.120000
7905.380000
7737.100000
7721.900000
7402.090000
7470.250000
7560.690000
7407.660000
7543.980000
7587.880000
7374.960000
7534.360000
7574.300000
7570.710000
7327.680000
7439.750000
7407.950000
7351.470000
7302.390000
7228.960000
7424.000000
7435.080000
7439.450000
7574.530000
7467.470000
7536.480000
7465.480000
7370.790000
7478.150000
7573.280000
7655.100000
7626.700000
7684.670000
7618.360000
7597.980000
7432.060000
7444.900000
7453.270000
7446.000000
7504.150000
7496.780000
7451.990000
7732.780000
7706.810000
7712.730000
7771.290000
7749.520000
7799.730000
7870.660000
7848.070000
7847.550000
7957.990000
7951.700000
7923.040000
7943.950000
7961.730000
7966.360000
7984.680000
7984.380000
7980.390000
8027.850000
7931.710000
7959.460000
8006.560000
7878.820000
7762.800000
7839.270000
7824.330000
7859.720000
7977.500000
7983.810000
7979.280000
7963.390000
8027.810000
7809.060000
7833.090000
7813.910000
7860.470000
7765.480000
7836.410000
7812.860000
7762.470000
7814.790000
7785.300000
7633.540000
7629.810000
7505.700000
7575.260000
7533.280000
7565.000000
7608.330000
7514.130000
7537.390000
7752.120000
7760.350000
7872.640000
7844.180000
7814.960000
7941.400000
7970.860000
7986.960000
8036.020000
7991.070000
8055.580000
7949.390000
7915.520000
7782.760000
7842.860000
7833.290000
7880.380000
8021.560000
8000.110000
8050.390000
7928.860000
7897.320000
7780.520000
7821.770000
7831.790000
7764.210000
7723.520000
7692.320000
7730.490000
7555.510000
7487.740000
7359.520000
7300.810000
6757.180000
6822.550000
6711.980000
6997.860000
6691.270000
6849.100000
6854.710000
6814.620000
6912.260000
7016.180000
6992.050000
6699.250000
6807.100000
6825.860000
6679.200000
6814.950000
6906.750000
7042.970000
6945.020000
6844.110000
6989.570000
6914.260000
6964.210000
6844.010000
6859.980000
6890.570000
7005.220000
6954.250000
6812.160000
6638.710000
6638.500000
6591.040000
6648.630000
6518.170000
6454.230000
6497.410000
6633.840000
6489.840000
6476.030000
6221.750000
6283.440000
6450.110000
6310.110000
6543.950000
6501.440000
6455.210000
6555.470000
6464.060000
6502.390000
6763.540000
6770.870000
6713.700000
6810.720000
6771.120000
6710.320000
6673.880000
6696.340000
6515.530000
6539.070000
6626.790000
6704.370000
6716.230000
6782.610000
6789.590000
6735.460000
6775.780000
6867.040000
6905.110000
6894.850000
6914.950000
6954.280000
7054.210000
6992.540000
7053.240000
7069.280000
7011.770000
7016.780000
7039.800000
7057.680000
7080.840000
7057.760000
7096.370000
7172.140000
7173.760000
7147.200000
6983.530000
7039.720000
6929.600000
6980.610000
6983.880000
7062.300000
7056.150000
7091.120000
6986.550000
6977.360000
6971.890000
6974.180000
6790.070000
6756.410000
6789.230000
6666.720000
6692.090000
6766.890000
6764.870000
6802.830000
6700.470000
6723.240000
6585.870000
6589.780000
6546.500000
6554.460000
6428.410000
6437.680000
6387.130000
6337.310000
6245.970000
6394.040000
6348.900000
6270.630000
6381.090000
6306.090000
6299.660000
6216.800000
6124.550000
6109.630000
6280.910000
6255.610000
6403.840000
6351.600000
6493.130000
6638.360000
6408.930000
6466.600000
6278.970000
6472.940000
6518.560000
6454.660000
6316.170000
6376.250000
6594.220000
6519.280000
6519.970000
6526.590000
6604.340000
6577.300000
6487.870000
6443.910000
6481.350000
6392.860000
6329.170000
6246.090000
6231.070000
6331.080000
6254.100000
6315.890000
6278.530000
6460.070000
6376.220000
6409.650000
6466.270000
6460.610000
6214.810000
6307.540000
6247.260000
6239.650000
6166.890000
6271.460000
6047.720000
5959.750000
6042.330000
5824.740000
6099.360000
6226.290000
6085.270000
6101.630000
6085.970000
6077.000000
6006.310000
5675.740000
5864.960000
5790.860000
5680.580000
5533.470000
5465.110000
5084.640000
5116.450000
4545.390000
4710.800000
5230.580000
5190.130000
4591.570000
4841.900000
4940.260000
4895.300000
4652.400000
4555.400000
4267.970000
3967.810000
4435.730000
4541.570000
4935.350000
4857.840000
5074.710000
5023.260000
5228.960000
5020.620000
4837.250000
5099.210000
4927.640000
4856.080000
4523.770000
4806.870000
4711.310000
4563.450000
4614.930000
4220.830000
4235.270000
4225.920000
4509.460000
4499.370000
4611.660000
4673.960000
4646.460000
4325.710000
4494.480000
4527.890000
4507.350000
4594.810000
4683.480000
4797.160000
4758.090000
4577.640000
4751.450000
4662.330000
4757.410000
4727.390000
4694.000000
4680.340000
4625.270000
4651.040000
4728.960000
4853.450000
5000.390000
4958.730000
4994.210000
4869.170000
4881.510000
4765.930000
4707.470000
4632.820000
4389.790000
4451.730000
4391.050000
4265.010000
4183.260000
4309.500000
4157.970000
4127.190000
4332.330000
4340.760000
4434.670000
4408.640000
4259.030000
4286.190000
4373.610000
4384.330000
4492.620000
4640.690000
4635.370000
4470.510000
4556.810000
4427.020000
4353.790000
4281.750000
4203.450000
4237.210000
4112.470000
4027.850000
3878.130000
3955.860000
3918.930000
3914.520000
3782.160000
3748.420000
3758.440000
3848.130000
3711.670000
3701.160000
3694.680000
3828.180000
3883.660000
4020.640000
4001.780000
3998.370000
4052.040000
4015.460000
3998.810000
4175.450000
4231.730000
4136.210000
4229.340000
4278.190000
4138.280000
4013.490000
4079.520000
4221.170000
4346.390000
4435.630000
4363.130000
4252.710000
4389.180000
4503.140000
4496.330000
4585.370000
4626.190000
4647.940000
4501.720000
4509.080000
4531.620000
4568.800000
4602.510000
4612.370000
4627.850000
4746.130000
4833.240000
4883.510000
4838.750000
4911.090000
4861.010000
4911.770000
4830.970000
4889.050000
4731.200000
4767.330000
4688.040000
4900.650000
4965.420000
4974.000000
4903.520000
4935.300000
4892.960000
5009.600000
4943.260000
5000.150000
5051.900000
5108.980000
5183.090000
5061.520000
5091.450000
5041.890000
5039.540000
5054.790000
5053.320000
5098.010000
5051.350000
4899.810000
4883.060000
4810.350000
4844.820000
4837.280000
4680.340000
4728.780000
4838.040000
4818.190000
4768.110000
4897.460000
4820.610000
4883.400000
4738.000000
4669.660000
4663.370000
4594.870000
4600.170000
4613.120000
4564.940000
4734.200000
4799.250000
4920.770000
4980.010000
5014.500000
5041.190000
5098.840000
5129.220000
5233.850000
5277.720000
5261.900000
5168.890000
5293.550000
5349.140000
5330.870000
5418.830000
5406.380000
5389.580000
5366.380000
5451.790000
5423.160000
5283.410000
5357.770000
5402.990000
5296.330000
5218.090000
5210.470000
5297.790000
5296.010000
5482.600000
5482.990000
5548.770000
5512.900000
5512.170000
5474.620000
5479.350000
5325.940000
5332.500000
5328.590000
5400.760000
5474.690000
5463.930000
5596.450000
5601.650000
5599.580000
5637.210000
5640.990000
5722.370000
5711.340000
5698.530000
5686.840000
5705.880000
5684.490000
5615.790000
5595.360000
5736.790000
5728.480000
5681.880000
5532.650000
5477.570000
5518.690000
5650.250000
5679.510000
5701.490000
5727.310000
5777.890000
5756.690000
5853.450000
5845.690000
5761.300000
5856.130000
5827.090000
5805.530000
5787.980000
5764.030000
5652.870000
5639.640000
5491.960000
5593.150000
5410.610000
5412.060000
5378.160000
5404.830000
5464.550000
5514.340000
5627.160000
5633.090000
5657.900000
5661.820000
5717.460000
5788.460000
5793.390000
5783.910000
5724.930000
5689.380000
5762.570000
5794.660000
5785.090000
5580.520000
5691.840000
5653.880000
5771.500000
5805.140000
5752.860000
5812.110000
5764.300000
5673.200000
5646.650000
5714.430000
5803.200000
5815.830000
5812.880000
5884.160000
5846.970000
5841.810000
5939.200000
5966.110000
5977.990000
6010.920000
6002.290000
5975.520000
6043.940000
6032.390000
6016.800000
6028.620000
6057.930000
6039.390000
5937.170000
5999.080000
5996.560000
5897.630000
5905.330000
5963.710000
5878.240000
5735.680000
5662.850000
5593.940000
5643.520000
5687.100000
5566.030000
5587.500000
5664.250000
5715.160000
5671.170000
5515.690000
5476.470000
5485.310000
5533.710000
5562.830000
5550.450000
5525.740000
5573.070000
5640.170000
5645.630000
5627.260000
5741.000000
5715.630000
5622.310000
5562.700000
5588.990000
5652.850000
5728.280000
5759.220000
5773.860000
5816.190000
5891.740000
5872.570000
5882.760000
5913.170000
5944.570000
5933.630000
5935.190000
5999.310000
6005.290000
6031.730000
5960.850000
5987.090000
6038.000000
6043.840000
6125.870000
6150.170000
6187.640000
6139.400000
6189.380000
6250.010000
6248.370000
6199.940000
6226.260000
6283.810000
6236.280000
6269.480000
6286.630000
6264.650000
6158.600000
6193.500000
6280.540000
6229.230000
6192.620000
6317.130000
6332.400000
6141.010000
6110.560000
6155.570000
6122.760000
6176.240000
6021.060000
5919.940000
5790.670000
5814.410000
5922.030000
6026.060000
6240.670000
6226.490000
6029.910000
6144.080000
6091.850000
6023.110000
5835.220000
5858.450000
5659.590000
5735.460000
5802.640000
5962.840000
5933.580000
5943.940000
5923.480000
6075.680000
6081.470000
5876.480000
5916.860000
5895.940000
5959.110000
6082.900000
6113.460000
6089.320000
6203.010000
6181.770000
6223.880000
6320.410000
6254.860000
6219.200000
6232.380000
6116.230000
6097.370000
6061.680000
5972.260000
5885.610000
5885.220000
5853.750000
5847.470000
5896.180000
6025.860000
6070.470000
6079.950000
6078.340000
6215.230000
6187.780000
6165.510000
6034.870000
6039.160000
6011.720000
5971.090000
6125.260000
6201.020000
6211.100000
6238.710000
6202.780000
6123.410000
6187.640000
6279.950000
6287.650000
6332.820000
6361.090000
6326.620000
6315.870000
6234.600000
6141.900000
6163.110000
6132.780000
6125.320000
6183.120000
6216.330000
6079.910000
6017.190000
5962.870000
5925.480000
5937.270000
5899.990000
5973.480000
5846.030000
5936.940000
6071.560000
6091.660000
6156.290000
6136.920000
6099.330000
6141.840000
6186.220000
6258.510000
6261.780000
6282.520000
6255.140000
6297.930000
6231.280000
6281.070000
6286.330000
6252.310000
6173.890000
6307.870000
6258.200000
6296.280000
6214.020000
6244.060000
6205.000000
6132.120000
6248.810000
6278.610000
6269.480000
6308.430000
6257.030000
6339.760000
6446.320000
6478.000000
6465.830000
6508.360000
6470.300000
6514.990000
6594.900000
6645.450000
6634.240000
6591.240000
6600.280000
6585.970000
6637.090000
6600.410000
6666.070000
6677.780000
6743.560000
6746.440000
6742.050000
6759.590000
6747.800000
6650.920000
6705.130000
6751.130000
6658.990000
6765.700000
6841.370000
6892.020000
6791.750000
6740.610000
6834.680000
6842.390000
6867.770000
6732.590000
6748.360000
6895.770000
6947.310000
6970.240000
6987.880000
6976.190000
7017.990000
6987.690000
7027.580000
7024.790000
7007.490000
7012.990000
7042.830000
7000.380000
7045.250000
7079.220000
7083.080000
7055.320000
6984.850000
6989.540000
6996.560000
6973.390000
6979.680000
6966.080000
6949.480000
6991.550000
6920.360000
6879.390000
6958.840000
7075.540000
7055.420000
7072.750000
7100.480000
7163.370000
7074.890000
7047.700000
7080.780000
7096.840000
7092.890000
7120.640000
7155.470000
7094.560000
7133.340000
7202.620000
7175.750000
7216.660000
7222.050000
7274.170000
7319.120000
7322.620000
7320.070000
7403.830000
7397.680000
7414.230000
7429.000000
7422.110000
7412.060000
7293.110000
7295.120000
7134.700000
7139.880000
7173.590000
7309.800000
7169.040000
7225.230000
7262.540000
7137.810000
7211.060000
7177.550000
7078.690000
7002.260000
6896.310000
6668.990000
6696.310000
6557.850000
6715.170000
6782.300000
6823.080000
6749.180000
6798.080000
6971.770000
6931.860000
6952.510000
7010.770000
7068.290000
7086.560000
7178.590000
7174.690000
7197.370000
7212.460000
7226.790000
7215.340000
7131.440000
7135.210000
7160.990000
7166.980000
7165.990000
7050.850000
7137.100000
7294.580000
7288.770000
7374.110000
7450.570000
7475.000000
7570.860000
7518.600000
7475.180000
7416.380000
7391.040000
7461.350000
7446.440000
7526.560000
7438.020000
7486.200000
7348.120000
7346.810000
7325.850000
7360.470000
7372.180000
7158.080000
7129.940000
7079.250000
7202.720000
7205.130000
7165.000000
7240.120000
7310.560000
7155.860000
7101.480000
7095.400000
7094.140000
7076.310000
7061.870000
7152.550000
7075.910000
7165.140000
7178.050000
7062.180000
7084.270000
7078.590000
7202.880000
7285.930000
7225.200000
7231.730000
7101.150000
7138.500000
7230.950000
7310.340000
7374.490000
7427.140000
7433.130000
7443.930000
7467.820000
7502.830000
7352.730000
7112.190000
7171.470000
7204.940000
7188.700000
7162.820000
7148.480000
7250.180000
7264.980000
7308.480000
7273.600000
7369.890000
7315.750000
7163.950000
7108.270000
7254.500000
6909.430000
6717.840000
6714.790000
6338.770000
6170.690000
5896.140000
6040.680000
5771.210000
5775.960000
6075.590000
5957.940000
5910.500000
5854.360000
5581.510000
5412.750000
5529.260000
5579.800000
5739.860000
5582.500000
5634.060000
5713.530000
5686.260000
5793.100000
5623.700000
5409.870000
5248.310000
5332.520000
5410.080000
5383.630000
5063.590000
5153.950000
5108.100000
5386.860000
5607.510000
5447.320000
5373.530000
5557.070000
5258.420000
5227.090000
5128.560000
5502.890000
5560.600000
5555.070000
5602.550000
5311.930000
5284.110000
5341.430000
5511.560000
5647.660000
5705.400000
5825.910000
5851.100000
5969.910000
5934.780000
6021.290000
5781.770000
5909.580000
5834.420000
5800.060000
6014.360000
6026.450000
6041.160000
6222.750000
6364.180000
6283.190000
5934.540000
5897.140000
5835.360000
6175.430000
5905.930000
5950.440000
6045.870000
5732.320000
5881.490000
6097.270000
5920.430000
5873.290000
5875.860000
5800.790000
5767.090000
5648.500000
5485.670000
5512.760000
5433.300000
5577.190000
5725.680000
5741.210000
6080.480000
6117.730000
6137.870000
6021.730000
6116.260000
6054.560000
5806.490000
5945.190000
5801.390000
5738.980000
5713.480000
5764.450000
5651.740000
5652.610000
5918.720000
5830.130000
5905.180000
5900.700000
5875.870000
5804.130000
5867.030000
5900.180000
6124.110000
6141.260000
6121.340000
6114.640000
6061.260000
6090.870000
6148.450000
6160.090000
6242.490000
6120.400000
6301.910000
6330.430000
6377.240000
6410.750000
6387.330000
6372.490000
6448.870000
6453.620000
6507.770000
6454.540000
6489.040000
6482.950000
6640.050000
6649.570000
6752.030000
6772.750000
6800.720000
6782.140000
6730.540000
6748.680000
6712.680000
6807.550000
6665.240000
6811.020000
6892.040000
6936.910000
6914.680000
6838.940000
6871.250000
6817.460000
6867.230000
6914.660000
6831.970000
6944.450000
6876.890000
6835.970000
6638.480000
6723.330000
6848.520000
6868.970000
6957.250000
7028.920000
7093.970000
7145.780000
7143.930000
7121.920000
7088.760000
7053.420000
6986.900000
7022.640000
7106.770000
7056.050000
6980.090000
6924.820000
6973.990000
7053.910000
6940.610000
6817.850000
6694.720000
6628.660000
6710.370000
6732.070000
6556.300000
6625.710000
6780.490000
6775.460000
6689.710000
6666.790000
6566.110000
6622.960000
6702.610000
6662.310000
6844.100000
6861.300000
6749.270000
6682.960000
6515.940000
6548.740000
6483.270000
6531.150000
6465.190000
6499.790000
6501.930000
6344.920000
6401.150000
6254.820000
6269.310000
6381.830000
6352.430000
6338.120000
6334.150000
6425.100000
6396.650000
6360.790000
6297.680000
6259.760000
5976.460000
5999.860000
6028.360000
6117.760000
6082.630000
6255.650000
6141.920000
6183.800000
6146.920000
6164.560000
6304.770000
6254.770000
6364.060000
6357.250000
6273.100000
6229.430000
6157.840000
6155.910000
6232.120000
6296.740000
6405.390000
6508.330000
6564.300000
6561.770000
6508.220000
6408.640000
6397.460000
6413.170000
6410.940000
6446.220000
6550.950000
6583.770000
6601.710000
6706.990000
6741.900000
6561.870000
6420.820000
6387.840000
6393.200000
6605.420000
6729.190000
6780.620000
6775.990000
6756.160000
6626.300000
6845.880000
6909.280000
6944.890000
6979.410000
6927.710000
6935.510000
6965.040000
6953.010000
6958.390000
7011.370000
7037.020000
7048.790000
7048.300000
7065.990000
6957.600000
6960.020000
7004.050000
7003.020000
6962.290000
6897.730000
6946.610000
7012.990000
6941.660000
6984.310000
7183.920000
7207.960000
7197.200000
7331.580000
7341.780000
7397.980000
7390.290000
7350.090000
7387.180000
7322.620000
7409.340000
7419.650000
7406.220000
7362.980000
7313.150000
7330.610000
7227.810000
7278.130000
7283.260000
7368.210000
7327.700000
7340.390000
7306.330000
7219.460000
7192.750000
7260.570000
7237.400000
7309.080000
7381.080000
7401.410000
7413.690000
7372.360000
7339.160000
7202.030000
7203.120000
7161.730000
7205.050000
7239.690000
7305.070000
7255.300000
7336.520000
7320.980000
7336.460000
7425.080000
7260.350000
7220.690000
7164.680000
7131.600000
7156.340000
7064.990000
7045.630000
7020.230000
7098.130000
7148.910000
7210.460000
7258.330000
7286.690000
7343.010000
7317.490000
7382.550000
7399.090000
7427.410000
7428.130000
7480.590000
7469.540000
7539.780000
7484.950000
7529.240000
7595.200000
7618.620000
7599.030000
7604.160000
7634.280000
7675.330000
7642.990000
7632.410000
7652.270000
7649.890000
7689.460000
7762.130000
7740.990000
7760.010000
7710.700000
7713.570000
7732.140000
7725.930000
7737.610000
7704.050000
7661.610000
7677.280000
7747.130000
7727.770000
7741.880000
7702.920000
7700.530000
7746.780000
7859.830000
7841.960000
7855.680000
7800.450000
7792.590000
7822.540000
7643.540000
7665.880000
7581.370000
7607.570000
7627.720000
7619.120000
7678.480000
7697.890000
7636.260000
7591.080000
7614.100000
7747.210000
7681.610000
7619.810000
7731.800000
7682.240000
7641.840000
7712.200000
7735.350000
7654.670000
7779.620000
7907.390000
7934.190000
7970.660000
7967.460000
7970.830000
7964.770000
8013.250000
8074.030000
7924.040000
7980.540000
7995.590000
7989.590000
7917.640000
7988.270000
7889.150000
7905.960000
7791.140000
7806.120000
7926.880000
7902.860000
7820.690000
7669.040000
7704.350000
7664.160000
7799.310000
7831.870000
7740.540000
7680.780000
7719.560000
7519.670000
7490.110000
7516.060000
7477.030000
7656.760000
7766.610000
7835.590000
7834.020000
7928.420000
7905.350000
7972.280000
8119.220000
8125.820000
8176.880000
8232.500000
8278.450000
8281.950000
8304.500000
8333.610000
8348.540000
8356.260000
8434.970000
8446.780000
8467.560000
8410.060000
8390.160000
8346.600000
8432.460000
8437.210000
8314.200000
8385.380000
8291.490000
8358.680000
8229.230000
8188.820000
8124.880000
8246.040000
8256.190000
8204.910000
8023.370000
8157.880000
8170.750000
8196.440000
8254.570000
8085.670000
7946.320000
7776.880000
7741.130000
7810.370000
7945.920000
8015.530000
8000.020000
7988.920000
7841.180000
7877.910000
8010.440000
7865.920000
8021.130000
8056.510000
8163.560000
8192.910000
8237.920000
8251.510000
8216.700000
8239.380000
8299.010000
8343.280000
8358.620000
8325.060000
8349.520000
8341.780000
8307.120000
8302.140000
8235.220000
8320.380000
8428.580000
8416.110000
8387.930000
8265.330000
8256.400000
8332.530000
8341.960000
8395.820000
8424.880000
8418.940000
8348.420000
8395.020000
8294.870000
8301.060000
8289.300000
8398.280000
8424.070000
8378.930000
8202.860000
8189.020000
8197.720000
8224.340000
8259.370000
8201.560000
8205.560000
8222.210000
8275.010000
8357.690000
8453.320000
8509.490000
8461.310000
8599.650000
8595.560000
8617.450000
8735.110000
8693.320000
8682.940000
8645.240000
8655.040000
8678.820000
8672.820000
8562.850000
8618.590000
8650.710000
8647.860000
8590.910000
8557.040000
8591.020000
8541.080000
8563.390000
8705.030000
8688.450000
8757.130000
8792.990000
8817.110000
8849.770000
8828.470000
8853.870000
8906.910000
8968.500000
8952.780000
9013.050000
8965.750000
9030.310000
8985.480000
9032.290000
9035.910000
9036.180000
9030.470000
9038.470000
9036.590000
9081.580000
9102.990000
9056.710000
9137.480000
9157.600000
9154.230000
9197.470000
9175.640000
9127.890000
9210.690000
9258.220000
9297.650000
9308.960000
9359.500000
9378.550000
9412.950000
9398.190000
9246.890000
9110.530000
9126.150000
9218.810000
9180.290000
9093.260000
9032.670000
9016.780000
9004.620000
9142.750000
9145.350000
9279.680000
9371.080000
9436.490000
9558.550000
9586.530000
9598.250000
9409.660000
9419.440000
9446.250000
9512.790000
9492.240000
9473.870000
9497.920000
9391.460000
9590.570000
9742.210000
9718.200000
9713.200000
9751.980000
9752.110000
9690.510000
9646.650000
9389.170000
9405.530000
9507.350000
9343.510000
9339.840000
9318.770000
9126.460000
9105.280000
9166.460000
9275.380000
9331.710000
9338.800000
9505.120000
9522.660000
9615.520000
9661.800000
9674.800000
9641.450000
9524.580000
9665.080000
9619.640000
9676.560000
9708.500000
9660.550000
9592.900000
9553.080000
9453.770000
9562.390000
9577.350000
9538.450000
9305.510000
9295.320000
9257.130000
9200.120000
8939.180000
9047.490000
9172.050000
9262.710000
9215.700000
9300.660000
9349.520000
9223.920000
9367.530000
9428.910000
9487.120000
9621.920000
9601.960000
9628.760000
9620.870000
9641.960000
9585.520000
9525.070000
9506.750000
9556.700000
9351.200000
9248.860000
9324.840000
9252.300000
9311.030000
9455.520000
9602.120000
9597.070000
9474.790000
9454.840000
9521.650000
9576.930000
9611.790000
9536.380000
9570.250000
9418.500000
9547.270000
9591.320000
9608.930000
9751.050000
9765.620000
9741.250000
9646.560000
9607.320000
9644.800000
9615.860000
9731.450000
9722.630000
9826.910000
9893.330000
9950.740000
9937.660000
9926.730000
9986.860000
9949.960000
9903.820000
9929.410000
9954.010000
9994.400000
9998.510000
10022.990000
9950.520000
9920.490000
9885.970000
9915.200000
9932.040000
10018.910000
9995.500000
9991.400000
9938.640000
9883.780000
9894.550000
9818.460000
9833.850000
9853.740000
9913.000000
9910.470000
10028.710000
9992.130000
9918.270000
9789.050000
9807.250000
9672.170000
9710.920000
9764.690000
9747.880000
9819.450000
9703.670000
9711.680000
9682.210000
9727.430000
9772.150000
9770.240000
9660.710000
9607.100000
9646.430000
9576.160000
9379.740000
9222.050000
9186.030000
9084.520000
9081.290000
8928.190000
9106.670000
9166.920000
9133.840000
9161.810000
9239.000000
9220.990000
9276.190000
9329.890000
9328.710000
9390.290000
9456.670000
9481.560000
9583.980000
9545.210000
9483.420000
9484.530000
9525.150000
9541.020000
9591.430000
9714.240000
9767.900000
9737.560000
9672.450000
9729.890000
9706.590000
9603.970000
9644.280000
9672.980000
9703.100000
9849.430000
9748.530000
9713.400000
9598.770000
9644.360000
9500.550000
9495.580000
9446.810000
9454.040000
9363.280000
9195.680000
9341.050000
9164.770000
9027.900000
9082.660000
8924.580000
8703.850000
8765.360000
8838.680000
8623.280000
8629.160000
8819.260000
8693.060000
8934.540000
8873.540000
9008.600000
9080.800000
8983.060000
9139.000000
9091.130000
9283.400000
9305.730000
9244.090000
9238.070000
9284.970000
9406.160000
9233.870000
9374.360000
9339.680000
9260.530000
9272.360000
9162.270000
9323.750000
9462.050000
9460.400000
9521.240000
9722.310000
9790.030000
9894.600000
9934.780000
9990.700000
9915.740000
9983.790000
9978.890000
9998.850000
9931.960000
10060.910000
9904.580000
9859.780000
9770.660000
9794.200000
9599.820000
9366.560000
9455.740000
9711.610000
9901.260000
9827.260000
9887.240000
9914.870000
9883.100000
9869.130000
9735.650000
9484.250000
9510.340000
9643.770000
9813.990000
9697.460000
9759.570000
9810.700000
9933.450000
9985.510000
10231.580000
10278.550000
10270.330000
10300.260000
10503.330000
10592.970000
10785.900000
10719.400000
10666.430000
10801.380000
10719.180000
10867.610000
10892.500000
10840.790000
10866.200000
10765.210000
10675.590000
10765.000000
10746.910000
10952.390000
10946.880000
10847.730000
10931.720000
10932.490000
10976.770000
11150.470000
11128.170000
11208.270000
11206.660000
11337.110000
11408.280000
11424.670000
11317.240000
11427.640000
11513.890000
11510.350000
11555.970000
11531.550000
11795.910000
11845.900000
11955.820000
12163.080000
12002.240000
11897.480000
11942.160000
11984.790000
11821.210000
11995.090000
11736.340000
11920.220000
11927.140000
12054.200000
11902.920000
11991.620000
12057.340000
12109.850000
12099.430000
12226.980000
12357.270000
12306.360000
12220.100000
12224.760000
11942.360000
11736.400000
11994.820000
11984.390000
11887.140000
11783.560000
11881.250000
12035.560000
11864.400000
11440.790000
11506.840000
11576.120000
11377.580000
11265.130000
11483.070000
11674.520000
11557.970000
11532.970000
11299.190000
11593.200000
11464.800000
11709.870000
11858.470000
11815.430000
11881.490000
11841.480000
11647.040000
11716.080000
11685.660000
11462.970000
11467.070000
11359.800000
11370.570000
11241.430000
11131.860000
11025.080000
10970.410000
11242.870000
11286.560000
11053.210000
10910.010000
11066.750000
10937.670000
11121.300000
11138.710000
11552.960000
11566.350000
11410.620000
11387.130000
11404.710000
11058.040000
11050.320000
11191.280000
11082.040000
10825.060000
10930.020000
10710.290000
10795.110000
11170.710000
11489.170000
11456.540000
11508.340000
11624.480000
11747.470000
11679.470000
11760.000000
11511.190000
11611.420000
11467.830000
11287.770000
11129.910000
11249.300000
11305.460000
11271.310000
11295.500000
11408.230000
11503.210000
11605.590000
11561.370000
11545.630000
11548.000000
11151.720000
11098.170000
11010.500000
11044.750000
10916.710000
10819.850000
10593.280000
10228.700000
9805.720000
9816.590000
9956.850000
10271.330000
10335.920000
10200.980000
10073.740000
10060.310000
10161.360000
10216.170000
10148.800000
10198.600000
10489.290000
10216.020000
10243.400000
10112.900000
10154.760000
10288.390000
10269.320000
10177.580000
9837.130000
9974.410000
9578.100000
9599.910000
9594.530000
9633.680000
9346.040000
9674.610000
9757.040000
9606.590000
9691.650000
9804.420000
9968.560000
9942.780000
10100.780000
10128.490000
10106.670000
9948.490000
9999.640000
10128.810000
10084.610000
10174.800000
10185.420000
10213.010000
10610.330000
10791.180000
10761.370000
10728.160000
10867.190000
10842.520000
10749.980000
10945.350000
10957.060000
10847.500000
10872.980000
10993.240000
10846.960000
10843.680000
10895.740000
10764.570000
10609.140000
10810.920000
10901.740000
11061.880000
11123.810000
11105.920000
11064.780000
10958.400000
11180.940000
11277.910000
11268.310000
11422.470000
11301.510000
11173.790000
10770.160000
10832.420000
10872.680000
10719.700000
10547.520000
10572.860000
10406.710000
10239.800000
10476.060000
10685.300000
10639.980000
10607.200000
10598.190000
10623.560000
10748.370000
10744.960000
10855.170000
10485.810000
10373.270000
10288.680000
10144.170000
10010.470000
9814.040000
9832.820000
10112.350000
9836.850000
9778.360000
9542.600000
9722.640000
9430.130000
9400.690000
9762.550000
9790.440000
9599.560000
9781.420000
9826.280000
9772.580000
9823.730000
9721.180000
9541.530000
9522.670000
9375.290000
9329.870000
8980.710000
8937.980000
8887.890000
8854.400000
9163.540000
9242.750000
9174.280000
9428.010000
9420.510000
9481.370000
9503.120000
9396.480000
9277.020000
9454.520000
9424.930000
9482.660000
9780.840000
9807.060000
9800.860000
9764.080000
9688.470000
9700.160000
9697.640000
9672.050000
9948.210000
9941.460000
9971.040000
10051.690000
9905.670000
9893.260000
9836.280000
10046.940000
9974.600000
9900.880000
9951.680000
9997.440000
9833.260000
9789.770000
9647.810000
9582.460000
9648.550000
9576.400000
9595.560000
9716.750000
9901.130000
10042.280000
10063.890000
9933.700000
10170.180000
10312.640000
10456.990000
10377.220000
10379.160000
10359.770000
10283.100000
10222.110000
10235.470000
10091.170000
10052.550000
9925.250000
9849.700000
9805.390000
9929.190000
10057.530000
10055.400000
9899.900000
9794.830000
10016.790000
9828.050000
9847.640000
9878.490000
9891.380000
9798.940000
10143.370000
10213.870000
10257.910000
10293.430000
10356.140000
10242.780000
10199.200000
10237.580000
10105.090000
10196.170000
10246.490000
10184.480000
10024.690000
9715.780000
9595.170000
9589.470000
9480.430000
9620.920000
9850.590000
9943.840000
10084.740000
10122.470000
9237.620000
9516.920000
9458.380000
9557.690000
9566.070000
9742.840000
9797.660000
9656.050000
9449.570000
9437.470000
9392.200000
9744.800000
9850.400000
9941.990000
10058.490000
10031.180000
10079.030000
10038.950000
10054.540000
10195.400000
10130.510000
10155.200000
10199.660000
10314.430000
10309.920000
10320.820000
10426.360000
10328.870000
10150.130000
10237.080000
10242.880000
10407.500000
10438.600000
10676.900000
10687.570000
10718.330000
10719.140000
10666.720000
10694.550000
10613.080000
10613.230000
10528.880000
10542.950000
10531.140000
10576.560000
10512.210000
10503.880000
10588.710000
10627.180000
10622.330000
10570.700000
10712.170000
10704.890000
10706.860000
10749.820000
10641.810000
10380.460000
10483.070000
10410.300000
10360.840000
10403.670000
10349.870000
10374.680000
10496.430000
10518.530000
10662.490000
10555.190000
10451.400000
10425.890000
10545.600000
10240.690000
10492.970000
10535.620000
10641.130000
10549.690000
10496.010000
10600.940000
10572.720000
10425.790000
10450.060000
10544.690000
10560.140000
10626.990000
10665.750000
10710.510000
10743.870000
10786.250000
10726.220000
10691.860000
10634.990000
10658.670000
10724.140000
10443.520000
10341.860000
10281.870000
10410.560000
10449.520000
10181.890000
10710.040000
10702.880000
10750.620000
10720.930000
10726.340000
10640.360000
10735.050000
10697.950000
10745.670000
10718.890000
10689.160000
10700.170000
10655.920000
10562.150000
10615.790000
10593.060000
10436.480000
10494.640000
10685.000000
10885.050000
11035.760000
11170.180000
11198.420000
11194.670000
11254.470000
11267.030000
11368.640000
11384.030000
11415.300000
11445.230000
11444.410000
11477.230000
11457.910000
11469.450000
11411.360000
11443.310000
11426.380000
11631.700000
11609.530000
11537.730000
11560.520000
11606.890000
11583.240000
11587.530000
11599.240000
11576.780000
11537.450000
11521.500000
11592.120000
11624.110000
11568.900000
11545.970000
11554.800000
11677.630000
11867.910000
11841.720000
11786.310000
11692.530000
11646.420000
11628.280000
11636.230000
11628.030000
11498.490000
11546.930000
11584.400000
11698.700000
11697.990000
11766.990000
11834.480000
11778.990000
11759.570000
11831.710000
11817.970000
11989.710000
11994.060000
11920.900000
11858.140000
11847.090000
11915.030000
12052.800000
11998.060000
11956.810000
11963.760000
11922.860000
11923.510000
12018.480000
11954.800000
11987.340000
12000.440000
12140.300000
12039.240000
12050.810000
12083.010000
11870.780000
11914.200000
12033.270000
11957.650000
12062.690000
12195.860000
12220.640000
12241.570000
12368.820000
12255.720000
12280.060000
12147.370000
12174.510000
12244.500000
12149.400000
12174.960000
12137.570000
12135.610000
12014.030000
11968.060000
12032.780000
12296.560000
12457.830000
12466.500000
12440.010000
12417.890000
12478.460000
12502.360000
12552.060000
12601.460000
12758.480000
12732.740000
12728.970000
12767.130000
12728.840000
12824.050000
12787.690000
12700.120000
12608.190000
12612.300000
12664.970000
12597.540000
12631.390000
12693.840000
12604.400000
12588.800000
12583.820000
12612.520000
12623.610000
12735.000000
12768.460000
12659.970000
12688.540000
12711.530000
12760.390000
12739.500000
12798.260000
12801.910000
12746.050000
12849.990000
12938.040000
12792.320000
12758.660000
12757.970000
12783.890000
12728.500000
12586.060000
12707.480000
12424.500000
12396.340000
12413.600000
12432.410000
12474.510000
12376.190000
12464.960000
12479.670000
12469.850000
12614.130000
12642.650000
12652.370000
12540.930000
12468.060000
12514.840000
12424.800000
12228.630000
12228.320000
12260.300000
12230.090000
12151.380000
12141.530000
12147.890000
12269.900000
12130.760000
12138.090000
12305.740000
12239.780000
12191.370000
12158.690000
11961.600000
12100.170000
12208.300000
12250.020000
12236.600000
12103.510000
12105.720000
12151.760000
12227.230000
12196.180000
12194.730000
12105.490000
12031.120000
12026.450000
12098.570000
12101.150000
12051.800000
12125.420000
12071.900000
12284.140000
12261.810000
12381.520000
12527.440000
12489.250000
12524.120000
12525.360000
12593.550000
12556.460000
12550.920000
12601.950000
12569.660000
12573.350000
12557.440000
12630.400000
12682.370000
12725.870000
12866.270000
12955.890000
12950.180000
12979.340000
12975.860000
12959.720000
12965.280000
12977.270000
12995.080000
13017.180000
12995.840000
13012.800000
13036.280000
13057.780000
13014.570000
12998.660000
12998.440000
12955.430000
13186.550000
13227.850000
13342.440000
13448.520000
13476.530000
13459.420000
13517.980000
13404.580000
13378.960000
13206.350000
13150.780000
13101.090000
12963.090000
13024.390000
13051.710000
12932.810000
13042.940000
13171.360000
12943.490000
13023.520000
13036.740000
13008.940000
13153.740000
13060.560000
13044.150000
13038.770000
13056.820000
12897.430000
13026.300000
13146.820000
13181.850000
13131.410000
13148.520000
13107.110000
13027.840000
13211.630000
13314.730000
13244.270000
13065.790000
13076.760000
13070.190000
13065.460000
12980.090000
12897.690000
12916.180000
13065.980000
13219.110000
13399.620000
13383.260000
13355.280000
13281.200000
13241.280000
13244.370000
13228.600000
13200.920000
13250.250000
13297.740000
13435.140000
13577.140000
13572.710000
13374.380000
13297.510000
13358.900000
13223.970000
13210.760000
13235.150000
12954.590000
12687.790000
12232.860000
12478.680000
12506.180000
12263.100000
12238.630000
12282.760000
12294.850000
12425.450000
12408.480000
12495.070000
12403.630000
12457.220000
12358.820000
12491.770000
12566.050000
12573.650000
12427.460000
12386.400000
12051.890000
11831.570000
12229.290000
12060.090000
12237.940000
12331.640000
12453.300000
12425.690000
12212.490000
12284.140000
12345.560000
12346.510000
12261.190000
12336.760000
12187.730000
11995.510000
11919.640000
11996.350000
11868.080000
11956.340000
11997.470000
12000.470000
12153.610000
12242.940000
12311.020000
12389.900000
12372.070000
12282.390000
12461.310000
12478.990000
12443.200000
12597.580000
12595.610000
12555.960000
12538.160000
12602.410000
12456.820000
12395.900000
12572.720000
12606.270000
12610.780000
12775.660000
12733.190000
12827.430000
12924.230000
12917.820000
12975.090000
13023.000000
13009.830000
12947.970000
12983.490000
12985.140000
13115.630000
13132.560000
13138.830000
12955.940000
12917.150000
13016.550000
12786.150000
12693.330000
12796.160000
12678.070000
12839.440000
12766.160000
12813.390000
12877.850000
12668.770000
12816.320000
12924.030000
12857.160000
12806.070000
13115.850000
12945.530000
12647.070000
12731.660000
12699.710000
12507.720000
12497.480000
12333.440000
12247.750000
12289.810000
12322.640000
12147.940000
12321.070000
12323.750000
12363.050000
12506.270000
12541.740000
12580.310000
12506.990000
12464.060000
12549.230000
12530.980000
12566.970000
12728.410000
12740.680000
12664.450000
12510.230000
12590.790000
12685.680000
12732.880000
12825.750000
12822.870000
12809.740000
12826.700000
12617.630000
12572.610000
12631.400000
12656.870000
12622.980000
12623.140000
12574.200000
12346.750000
12444.630000
12400.270000
12202.130000
12242.060000
12263.010000
12320.560000
12355.530000
12367.480000
12396.690000
12462.750000
12578.650000
12553.860000
12516.550000
12418.260000
12338.360000
12389.460000
12161.650000
11995.810000
11960.100000
11950.550000
12013.010000
11989.270000
12036.790000
12109.370000
12056.380000
12097.190000
12168.200000
12210.950000
12402.720000
12383.420000
12341.850000
12395.200000
12329.400000
12381.360000
12265.890000
12229.070000
12275.070000
12236.290000
12044.960000
11963.630000
11976.700000
11558.980000
11691.470000
11523.810000
11637.620000
11811.470000
11695.190000
11578.850000
11665.680000
11367.570000
11298.650000
11098.680000
11180.960000
11270.670000
11391.780000
11417.090000
11419.610000
11636.370000
11522.330000
11518.170000
11542.090000
11629.000000
11489.190000
11591.590000
11374.110000
11394.750000
11447.840000
11425.800000
11384.000000
11157.650000
11138.250000
11216.290000
11146.550000
11315.900000
11380.790000
11355.800000
11377.210000
11311.660000
11534.750000
11429.820000
11204.320000
11053.580000
10876.340000
10726.170000
10711.400000
10832.040000
10978.680000
10809.580000
10852.990000
10744.280000
10777.420000
10621.180000
10573.080000
10607.420000
10452.020000
10477.770000
10467.110000
10533.940000
10814.390000
10750.190000
10884.750000
10843.890000
10949.130000
10820.850000
10962.950000
10940.360000
10852.500000
11001.310000
11176.120000
11076.980000
11043.640000
11045.640000
11234.050000
11233.160000
11191.520000
11210.680000
11257.920000
11198.460000
11180.420000
11178.750000
11337.540000
11262.970000
10991.790000
10955.830000
11123.430000
11174.850000
11257.800000
11044.800000
11287.740000
11280.730000
11338.740000
11448.650000
11422.620000
11517.760000
11446.290000
11493.810000
11430.800000
11584.240000
11646.210000
11570.970000
11593.210000
11546.420000
11429.770000
11497.980000
11612.460000
11499.320000
11573.420000
11608.670000
11685.540000
11672.760000
11704.440000
11566.870000
11578.390000
11323.200000
11374.180000
11439.020000
11422.160000
11492.090000
11617.180000
11703.240000
11855.400000
11924.610000
11993.220000
11979.730000
11927.010000
11864.460000
11914.510000
11912.580000
12011.110000
12026.740000
12100.440000
12138.140000
12224.320000
12232.990000
12304.530000
12284.460000
12308.980000
12313.970000
12349.100000
12345.320000
12171.900000
12298.710000
12110.870000
12098.020000
12105.280000
12044.100000
11908.770000
12018.450000
12077.360000
12252.680000
12226.850000
12111.800000
12141.460000
12064.290000
12027.310000
12077.880000
12100.390000
11906.020000
11885.070000
11742.210000
11661.120000
11716.550000
11981.180000
11987.920000
12003.920000
12045.380000
12133.600000
12093.980000
12095.210000
12124.360000
12112.470000
12069.370000
12321.430000
12409.580000
12351.980000
12308.110000
12226.880000
12210.520000
12308.260000
12302.770000
12616.340000
12546.930000
12548.300000
12644.350000
12632.120000
12541.180000
12436.970000
12412.990000
12401.020000
12318.500000
12346.590000
12392.190000
12429.870000
12194.330000
12302.640000
12243.580000
12384.660000
12510.520000
12576.020000
12363.860000
12398.290000
12398.240000
12149.090000
12134.710000
12033.680000
11758.440000
11690.270000
11636.340000
11752.960000
11806.820000
11801.060000
11632.850000
11758.750000
11522.460000
11460.650000
11679.720000
11711.780000
11673.660000
11756.210000
11805.480000
11619.660000
11638.510000
11704.670000
11686.840000
11850.300000
11939.990000
11921.940000
12043.960000
12117.900000
12146.000000
12210.870000
12210.880000
12341.840000
12399.400000
12412.720000
12387.680000
12370.960000
12361.230000
12355.920000
12462.570000
12432.300000
12368.960000
12250.080000
12227.770000
12327.790000
12367.810000
12469.670000
12221.740000
11925.250000
11958.310000
12008.770000
12097.890000
11973.820000
12082.890000
12248.880000
12468.780000
12565.680000
12644.180000
12655.320000
12637.010000
12661.930000
12757.730000
12702.920000
12860.630000
12886.420000
12897.400000
12946.340000
12929.420000
12937.590000
12912.090000
13022.950000
13134.330000
13150.940000
13258.260000
13248.620000
13170.180000
13243.530000
13244.050000
13198.330000
13261.720000
13255.780000
13235.280000
13127.450000
13083.000000
13145.770000
13247.510000
13256.400000
13291.090000
13247.610000
13179.250000
13264.930000
13039.610000
12998.660000
13144.380000
13087.510000
13147.570000
13065.830000
13075.430000
13167.560000
13383.260000
13349.860000
13391.270000
13266.350000
13226.700000
13210.260000
13304.770000
13338.320000
13301.430000
13233.710000
13266.390000
13085.490000
13199.590000
13140.490000
13474.760000
13533.460000
13521.860000
13439.200000
13444.950000
13463.460000
13513.480000
13503.830000
13456.900000
13601.650000
13455.900000
13512.840000
13374.990000
13274.010000
13316.420000
13186.490000
13196.800000
13033.170000
13135.610000
13224.270000
13570.330000
13530.770000
13476.000000
13604.740000
13671.150000
13695.930000
13756.470000
13770.670000
13668.940000
13751.050000
13774.440000
13609.940000
13231.380000
13132.040000
12682.160000
12526.600000
11891.870000
12030.270000
12013.060000
11992.590000
12191.410000
11694.560000
10690.080000
10724.980000
10601.850000
9863.990000
9480.780000
8728.480000
9141.170000
8613.350000
8495.940000
9080.490000
8536.330000
9242.060000
9987.370000
9621.240000
9793.500000
9725.880000
9970.790000
9610.670000
9587.450000
9535.270000
9889.030000
10464.110000
10301.560000
10490.650000
10733.970000
10678.190000
10420.260000
10607.350000
10704.350000
10519.440000
10370.250000
10437.380000
10299.310000
10551.070000
10658.470000
10812.740000
11195.210000
10543.360000
10627.070000
10716.510000
10640.770000
10882.440000
10948.240000
10777.740000
10669.990000
10418.040000
10470.850000
10683.860000
11200.920000
11029.330000
11088.120000
10896.280000
11186.040000
11488.990000
11530.200000
11746.780000
11649.370000
11896.700000
12147.120000
12390.030000
12565.160000
12722.680000
12859.830000
12719.150000
12223.420000
11876.340000
11661.360000
12168.370000
12312.440000
12347.490000
12375.180000
12194.480000
12360.090000
12459.810000
12102.250000
12308.480000
12090.410000
12287.940000
12391.720000
12378.800000
12644.600000
12774.770000
12660.090000
12542.580000
12639.170000
12442.220000
12817.190000
12642.230000
12812.110000
12857.300000
12915.270000
12898.110000
13194.930000
13165.290000
13183.500000
12919.310000
12865.750000
12886.230000
12819.630000
12762.120000
12403.100000
12374.460000
12744.130000
12667.120000
12664.550000
12634.790000
12729.100000
12806.970000
12917.340000
13044.470000
12965.220000
12924.880000
12836.870000
12838.630000
12829.390000
12879.450000
12945.970000
13136.770000
13041.830000
13206.580000
13140.600000
13103.930000
13037.200000
13071.660000
13354.720000
12916.120000
12931.400000
13126.230000
12990.520000
13265.510000
13198.740000
13329.610000
13220.810000
13224.160000
13060.180000
13210.860000
12998.900000
12629.710000
12737.320000
12520.470000
12615.910000
12673.730000
12817.790000
12754.770000
12812.080000
12558.780000
12824.050000
12858.970000
12901.290000
13011.230000
13070.040000
13086.060000
13132.900000
13012.690000
12826.130000
12773.350000
12948.630000
12819.150000
12764.450000
12429.410000
12517.980000
12303.410000
12206.420000
11848.310000
11631.070000
11472.610000
11602.910000
11858.810000
11896.110000
12420.880000
12531.740000
12713.190000
13109.770000
13205.950000
13073.480000
13036.970000
13170.520000
13130.540000
13086.430000
13101.710000
13054.640000
13215.440000
13254.420000
13346.770000
13315.210000
13280.510000
13270.510000
13371.660000
13341.910000
13304.830000
13230.610000
13255.780000
13248.020000
13344.140000
13341.680000
13255.240000
13224.260000
13216.490000
13416.290000
13691.490000
13649.660000
13398.220000
13311.020000
13456.630000
13779.050000
13873.350000
13750.990000
13890.220000
13680.690000
13687.080000
13946.530000
14106.600000
13986.420000
13985.890000
13899.060000
13973.770000
13904.300000
13701.980000
13935.930000
13848.770000
13997.780000
13858.050000
13943.960000
13687.390000
13827.470000
13500.640000
13474.200000
13559.940000
13724.120000
13986.720000
13971.940000
14061.690000
14156.840000
14055.600000
14063.120000
13958.390000
13976.130000
14109.070000
14105.130000
14028.100000
13926.840000
13941.400000
13858.560000
13984.980000
13855.850000
14045.020000
13685.800000
13962.430000
13962.070000
14130.860000
14015.440000
13958.540000
14024.570000
14345.510000
14439.450000
14553.540000
14492.450000
14504.490000
14519.720000
14565.290000
14673.720000
14697.260000
14551.170000
14582.070000
14543.580000
14550.400000
14714.590000
14809.800000
14897.660000
14982.120000
15053.770000
15289.970000
15221.230000
15236.440000
15198.140000
15238.850000
15244.620000
15253.590000
15238.630000
15277.850000
15496.870000
15361.150000
15179.910000
15252.040000
15267.760000
15297.930000
15282.840000
15320.400000
15326.230000
15204.390000
15191.790000
15259.500000
14969.630000
15170.770000
15348.320000
15417.530000
15253.320000
15144.040000
14967.800000
15301.740000
15432.340000
15514.720000
15238.820000
15207.320000
15411.030000
15548.290000
15520.440000
15419.200000
15443.140000
15496.480000
15513.130000
15570.770000
15591.540000
15651.690000
15661.580000
15674.410000
15642.740000
15610.080000
15583.290000
15739.890000
15744.770000
15756.830000
15655.320000
15720.520000
15391.500000
15587.570000
15674.330000
15528.550000
15584.900000
15570.800000
15565.830000
15700.060000
15624.280000
15644.840000
15628.420000
15615.070000
15606.940000
15584.720000
15497.930000
15675.420000
15769.510000
15733.190000
15737.360000
15682.750000
15420.140000
15234.850000
15239.920000
15533.220000
15603.690000
15586.660000
15537.890000
15538.750000
15608.820000
15493.740000
15631.700000
15537.690000
15653.650000
15691.740000
15770.850000
15773.510000
15734.140000
15792.120000
15829.270000
15948.150000
15875.700000
15872.120000
15935.210000
15737.180000
15734.680000
15930.720000
15897.860000
15912.850000
15773.710000
15778.920000
15856.710000
15929.260000
15958.410000
15813.570000
15841.450000
15818.440000
15896.560000
15714.610000
15499.450000
15648.890000
15681.170000
15697.720000
15731.480000
15666.630000
15774.570000
15259.500000
15265.030000
15463.240000
15630.010000
15562.140000
15699.010000
15542.030000
15357.000000
15434.330000
15041.600000
15061.860000
15055.400000
15040.100000
15162.750000
15242.760000
15115.460000
15025.350000
15130.800000
15350.720000
15481.220000
15518.590000
15510.990000
15473.560000
15408.800000
15507.990000
15580.580000
15652.910000
15725.400000
15681.520000
15579.900000
15764.550000
15825.270000
15957.150000
16035.900000
16011.570000
16040.850000
16026.740000
16053.000000
16067.340000
16100.080000
16109.410000
16174.310000
16248.320000
16262.290000
16269.220000
16188.540000
15987.200000
15942.280000
15928.380000
15383.900000
15418.280000
15117.630000
15233.370000
15300.730000
15422.900000
15323.200000
15546.700000
15781.050000
15705.930000
15572.690000
15653.570000
15680.350000
15503.640000
15708.940000
15599.750000
15152.560000
15379.080000
15474.840000
15660.780000
15705.530000
15839.190000
15952.470000
15837.560000
15947.440000
16069.800000
16177.440000
16076.160000
15999.020000
16006.440000
15918.820000
16054.930000
15959.830000
15929.370000
15948.900000
15839.150000
15639.450000
15837.240000
15694.820000
15499.610000
15139.070000
15273.060000
15229.980000
15411.860000
15506.790000
15620.560000
15689.160000
15565.940000
15410.730000
15220.080000
15221.700000
15356.950000
15597.060000
15353.860000
15065.730000
15077.320000
15431.270000
15404.140000
15278.660000
15186.630000
14365.060000
14754.220000
13989.410000
14230.090000
14263.730000
14404.220000
13836.930000
13990.250000
13485.980000
12614.080000
12673.890000
13215.060000
13819.440000
13479.690000
13827.220000
13768.440000
14245.770000
14500.050000
14374.410000
14385.820000
14365.670000
14532.840000
14305.800000
14332.260000
14376.000000
14592.740000
14712.320000
14674.830000
14447.780000
14503.960000
14504.800000
14402.160000
14187.130000
14275.870000
14162.970000
13956.560000
14062.700000
14098.480000
14057.430000
14154.480000
14376.050000
14320.510000
13908.050000
14087.080000
13760.220000
13907.060000
14095.930000
13996.820000
13958.920000
14020.900000
14282.770000
13832.650000
13624.920000
13550.020000
13587.290000
13512.130000
13837.420000
13986.170000
14072.670000
14197.180000
13822.350000
13968.260000
14179.840000
14043.220000
14022.270000
14025.440000
14289.530000
14572.800000
14513.340000
14478.370000
14394.360000
14585.180000
14576.870000
14569.300000
14595.780000
14364.590000
14110.030000
13564.470000
13557.440000
13480.500000
13440.430000
13092.850000
13207.790000
13335.150000
13062.260000
13082.620000
12949.870000
13217.900000
13264.620000
13089.990000
12795.220000
12627.660000
12904.090000
12851.290000
12587.550000
12757.630000
12814.100000
12783.090000
12751.300000
12800.870000
12759.290000
12562.150000
12935.050000
12884.830000
13356.670000
13261.820000
13179.560000
13183.240000
13181.920000
13158.640000
13214.410000
13353.280000
13471.200000
13419.190000
13398.700000
13629.700000
13642.910000
13703.380000
13647.060000
13482.630000
13747.070000
13709.830000
13847.880000
13849.620000
13928.120000
13653.820000
13591.240000
13471.440000
13163.520000
13131.120000
13328.490000
13335.100000
12838.420000
12919.430000
13018.480000
12713.750000
12768.440000
12827.580000
12807.270000
12770.720000
12985.610000
12926.150000
13171.920000
13450.390000
13131.340000
13040.360000
12814.920000
12685.290000
12849.780000
12555.310000
12531.660000
12506.640000
12231.840000
12332.850000
12025.430000
12143.210000
12063.090000
11951.840000
12360.720000
12611.070000
12593.410000
12414.780000
12175.520000
12168.660000
12207.970000
12114.230000
12549.020000
12467.540000
12788.530000
12817.630000
12685.160000
12641.120000
12868.770000
12965.190000
13054.490000
13152.990000
13072.920000
13254.310000
13344.850000
13369.330000
13130.970000
13201.240000
13398.790000
13506.650000
13653.980000
13603.790000
14179.390000
14295.810000
14372.420000
14374.860000
14348.460000
14320.610000
14395.530000
14352.540000
14438.200000
14456.150000
14547.580000
14471.100000
14404.670000
14429.220000
14543.800000
14465.700000
14487.430000
14406.870000
14304.950000
14277.750000
14325.800000
14300.430000
14345.880000
14453.540000
14351.310000
13978.440000
13934.750000
13829.900000
13944.690000
14113.010000
13945.590000
14047.420000
14013.720000
13890.810000
14005.840000
13992.710000
14116.070000
14266.980000
14451.230000
14476.720000
14650.730000
14741.970000
14805.400000
14972.280000
15063.210000
15112.050000
15130.030000
15182.950000
15115.550000
14986.520000
15077.400000
15140.500000
15095.720000
15146.290000
15115.750000
15070.300000
15081.170000
15125.120000
15275.000000
15408.400000
15367.040000
15359.590000
15450.670000
15560.150000
15438.940000
15322.060000
15419.000000
15394.440000
15612.430000
15372.060000
15524.160000
15450.620000
15342.600000
15453.290000
15501.820000
15351.630000
15299.790000
15399.910000
15171.070000
15430.660000
15597.900000
15638.440000
15528.810000
15619.750000
15369.670000
15435.160000
15016.530000
15175.440000
14973.840000
15073.760000
14715.400000
15062.060000
15174.670000
15178.250000
15135.500000
15133.680000
15255.930000
15242.520000
15429.380000
15568.370000
15623.450000
15639.020000
15611.680000
15530.200000
15710.450000
15689.140000
15708.210000
15789.780000
15838.890000
15841.500000
15850.520000
15864.150000
15782.580000
15852.270000
15836.790000
15804.500000
15739.350000
15884.790000
15950.360000
15774.020000
15781.460000
15837.440000
15967.570000
15950.890000
15973.380000
15943.850000
15918.250000
15966.960000
15892.780000
15883.610000
16069.420000
16233.110000
16235.980000
16186.440000
16008.520000
15872.460000
15850.090000
16064.130000
15962.310000
15757.430000
15744.010000
15949.040000
16079.860000
15939.310000
15998.100000
15951.610000
15993.020000
16052.910000
16218.200000
16219.090000
16275.730000
16306.630000
16272.210000
16100.290000
16082.750000
15867.650000
15862.790000
15874.150000
15873.730000
15922.710000
15960.470000
15989.430000
16187.910000
16082.930000
15930.160000
15816.110000
15515.000000
15585.340000
15716.260000
15842.260000
16009.260000
16123.130000
16013.520000
16042.030000
16190.000000
16059.220000
16125.210000
16126.710000
16169.750000
16183.700000
16162.160000
16356.380000
16434.660000
16414.790000
16027.650000
15879.030000
15917.010000
15877.540000
15868.310000
15918.060000
15921.420000
15927.790000
