0.000000
0.000000
0.000000
0.000000
0.000000
0.000000
0.000000
0.000000
0.000000
0.000000
0.000000
0.000000
0.000000
0.000000
75.150989
78.518190
80.672058
82.408976
82.905401
82.951318
83.314797
84.159643
86.522136
81.813994
82.090521
84.472359
82.759718
63.559786
60.210048
60.428005
69.167698
73.090130
70.620326
66.039865
67.743478
56.925197
57.647961
54.291807
60.964262
61.412048
58.214725
59.015688
49.716173
42.409592
48.277337
44.762131
48.456184
49.171868
49.843315
57.344051
63.315247
65.040934
65.013589
67.084305
62.526827
51.650089
52.136966
51.012006
60.079131
52.781512
55.016644
45.417400
46.296942
49.917214
57.552970
56.191041
60.496702
62.546734
61.327718
63.868312
67.307458
59.673225
50.864278
52.906412
53.928980
54.603312
48.594189
45.959757
49.863278
49.491756
46.502688
41.427632
38.882628
39.400472
47.561726
41.317229
44.859766
38.957621
43.659771
50.093721
49.734340
54.280862
57.154227
55.451902
58.763443
56.413852
58.375688
59.811360
62.714937
62.762590
63.838499
59.092186
63.295893
64.378339
68.157477
68.759619
69.071128
68.025294
68.702560
62.142693
65.579008
62.511460
70.640368
72.550036
67.460010
69.311096
64.170606
63.692555
66.402206
66.860642
69.574596
65.045279
62.787580
67.056152
66.305055
68.447038
71.392754
72.972090
73.473613
74.350462
76.421397
74.916500
65.052725
69.752054
73.484715
75.265584
73.600811
75.912863
74.823976
67.573244
69.564924
68.536583
59.322596
63.660495
54.330751
47.295704
52.809807
40.109826
41.648711
43.336235
52.478159
62.056205
66.211603
67.636553
68.485474
71.173171
61.738345
62.037352
63.115062
60.734225
63.871644
65.849001
66.034324
66.928364
69.664286
68.024202
69.809364
69.969357
68.026596
67.453647
72.984772
70.969141
72.178396
74.976112
58.774435
64.521115
54.163895
50.593031
49.375103
49.962313
45.801763
48.105070
56.793198
59.172695
62.109768
63.763514
60.759312
60.987105
62.441620
60.964097
64.856179
65.460236
66.026370
59.847437
55.690197
60.767168
62.785251
63.257714
66.514680
68.175652
68.454283
68.334496
55.792508
59.213585
48.334685
49.201306
49.060057
50.697422
47.521098
51.912368
59.982389
64.551658
66.468537
66.777136
64.361780
66.844594
62.334717
53.185599
57.840683
58.026751
49.150751
52.603624
62.050221
62.848011
63.113353
59.730288
49.727163
39.589660
38.181700
37.181074
27.585572
26.485969
31.587733
26.221567
34.695833
32.519727
42.618894
46.147105
44.660412
37.455848
43.186854
45.321057
43.125775
38.829630
36.291637
35.943219
32.462232
32.220662
29.861379
26.674270
29.894532
41.019245
38.200219
39.610687
43.957373
46.451080
46.855261
48.009014
47.363993
42.224683
44.725987
54.991187
57.435026
59.833573
59.795451
53.186422
56.064430
53.914794
56.014104
52.998044
49.743249
42.760345
39.445965
38.624577
37.333085
49.390677
47.037828
42.497436
51.711312
52.262247
51.901545
54.439153
58.920214
57.176721
51.416187
56.333179
55.281016
55.683480
52.956902
52.237199
54.396357
53.269748
50.728017
54.375675
62.816218
64.921890
64.497783
64.875704
60.217147
61.039231
58.228813
61.028160
60.857826
64.030282
62.313069
63.987500
63.171053
65.306180
67.336597
64.757922
52.370016
49.921366
52.810008
54.418938
61.473901
62.988961
62.741482
64.114238
63.790077
55.214316
63.647513
58.851402
54.519552
57.773714
61.724060
63.127633
63.831198
64.710138
61.826768
63.564822
69.392236
69.961050
70.094976
70.879381
72.493609
73.141785
76.736364
77.193378
77.854988
65.762889
69.344631
68.950442
71.695340
74.625087
73.970975
76.280612
77.809691
66.581188
67.846970
68.544652
68.128988
61.429784
63.286644
71.706709
72.739060
73.339653
69.378361
71.288691
73.281204
74.909144
76.248610
77.371282
72.218748
74.019263
75.282866
76.496422
75.153582
59.590969
43.355824
44.439289
53.721027
49.665895
42.134592
47.981255
54.448691
53.561526
56.735288
58.986759
61.830259
61.051728
65.545684
67.955127
69.260459
68.945528
67.352692
67.463151
65.822875
58.767809
67.828022
66.943278
62.107038
68.800679
67.670480
68.865436
58.538947
59.733224
58.328700
56.058004
60.968836
66.084085
67.328587
65.316074
63.872631
59.679861
65.508140
57.351585
58.118108
63.818612
55.626231
56.119028
58.287921
63.179582
64.704592
69.417269
70.087427
67.881546
67.907944
70.452200
65.936953
64.963002
61.707841
65.548176
70.768491
67.884819
69.445099
69.834110
70.340434
64.587008
66.891230
67.785829
69.880606
34.350610
40.246964
36.338147
32.693263
30.151235
41.120042
40.010661
46.199504
47.228262
48.178170
39.048971
37.792905
41.059962
41.546797
47.314063
49.582981
55.757641
57.954007
60.830114
58.524799
58.044087
55.112661
59.068215
60.371351
64.149084
67.670496
68.556576
70.796396
72.714500
69.602152
70.753822
73.220949
77.236879
77.243844
70.972985
65.939076
70.592369
69.130542
66.168228
68.941155
70.549069
68.407363
69.156861
73.545476
72.914856
70.724960
74.677143
66.648176
68.256355
55.784484
62.316238
60.569234
61.486581
63.375389
62.050186
67.867780
67.868706
70.172735
72.691631
66.708459
69.671826
70.261032
71.203102
74.224539
75.868603
78.997022
79.490378
68.959024
54.677539
46.012772
51.302474
54.892977
50.939280
54.160025
60.055815
65.432869
66.241424
66.787173
64.938919
64.119031
56.171244
55.464151
53.243820
52.974443
58.104348
59.022834
60.151482
64.366322
65.074003
58.601965
61.302884
63.628911
50.161011
51.429234
60.067121
60.156379
59.791193
55.995504
48.360813
52.931147
45.510962
49.392190
41.898804
40.061624
31.539515
30.493108
36.658749
37.165351
37.364456
38.794596
32.593042
41.391829
42.928990
44.062277
37.201594
37.528037
39.005872
37.941340
36.196577
33.698881
41.416746
41.502342
42.064498
47.877116
47.041821
50.657268
45.870308
40.902030
48.011791
48.423915
56.312139
56.319226
59.996508
52.403303
53.575995
44.637006
42.380886
46.303300
45.494209
49.363367
48.410188
46.840774
55.654996
59.439923
59.359995
61.809752
61.059523
61.366948
63.211270
65.251791
64.686193
69.571357
69.011587
68.310149
68.601152
71.388042
68.474705
69.148723
65.564559
68.062069
69.125948
62.216491
60.291997
62.075230
57.207202
48.623591
47.842540
50.756628
50.034225
55.590846
59.202121
62.887725
59.033454
62.900617
46.689766
47.814746
44.179477
48.409233
40.716835
48.466043
46.523371
42.882436
47.837488
45.258081
36.930360
37.920482
32.205657
38.381376
35.872907
39.079019
42.540046
37.526996
41.087861
52.151542
52.500585
57.308327
55.736563
53.584108
60.174697
61.388842
61.629772
63.395937
57.202004
61.818247
56.315894
53.714690
46.532891
50.620714
49.435704
52.136108
58.525772
56.674476
57.924836
52.415227
50.896350
44.219483
47.115283
45.925005
45.503685
44.034894
40.028043
43.851539
35.978943
32.960065
28.628742
27.525839
17.230071
20.025898
16.783657
30.405003
28.679743
34.307939
35.810148
34.785313
35.849842
40.583748
39.928272
33.368458
36.541539
36.804116
35.265482
36.518818
43.965472
47.364215
44.619798
42.295253
47.162067
47.925215
46.215095
43.546436
39.953642
43.792051
50.559073
49.446645
44.807805
40.050572
39.203150
33.950631
38.360427
37.053708
34.014030
32.604749
40.446104
41.612293
39.874729
34.599249
30.731321
38.709110
36.488138
38.233151
46.743148
44.613448
47.910982
46.962719
47.782933
55.238866
56.448046
56.095657
56.696483
58.675795
54.779949
51.761116
51.760038
45.935796
45.035563
47.040272
52.738142
52.687602
58.330762
56.961110
51.129395
55.300572
58.705745
61.051193
61.769790
59.978168
62.399320
63.620635
66.403094
66.994595
67.030867
66.755886
68.304532
58.928050
62.707633
63.561530
65.317973
66.021818
67.677839
72.335007
60.459145
54.265605
57.218945
47.653758
48.918386
48.896360
53.619162
57.429837
55.831258
48.785284
49.224839
47.511556
48.246531
37.954873
37.295623
37.801074
30.484638
35.882030
39.665895
39.212491
43.763421
39.324438
40.432936
32.260040
34.985981
33.040504
38.359119
30.983794
23.447457
37.714471
33.903966
35.984044
38.338807
35.951502
37.268981
37.746217
40.323569
39.149601
32.946738
33.940794
32.699521
36.436664
45.172045
47.816207
49.622905
50.690024
55.549217
49.408635
49.334180
44.596557
50.443717
50.869315
52.978590
48.452304
46.644082
55.206697
57.067906
56.675164
57.971775
60.599449
56.201957
48.198452
49.366636
48.077971
45.403012
39.890484
41.384979
37.985836
45.668282
41.634776
45.739648
45.558406
53.501756
50.176636
51.185781
54.211777
53.416782
41.695285
38.925813
44.161692
39.803729
41.509620
40.119579
43.885462
34.824386
34.982831
28.128839
39.248510
48.295927
44.625265
42.630059
43.551830
49.874633
46.375942
35.372041
42.118398
41.162905
35.875641
38.098608
31.645370
29.042544
25.846219
22.815295
20.350516
39.442963
39.487137
32.922147
33.667506
35.590771
37.549554
34.598916
31.254827
30.479783
28.178508
28.032555
47.226724
43.595168
46.389242
48.709160
48.270284
54.805661
50.946641
43.526633
48.211865
47.974533
45.118680
41.812523
44.751280
44.417302
42.098343
41.147573
37.039926
34.397831
34.418839
44.850413
44.547649
47.186283
48.706454
48.490134
41.283258
46.122526
46.663764
45.346753
45.039437
51.272728
52.343472
54.475130
52.024174
50.641604
49.617915
53.367502
51.990133
51.308028
50.272738
48.220007
48.539827
53.010333
56.662388
62.288028
62.199148
63.581939
56.777858
56.113555
49.943636
46.463523
44.099181
36.403309
34.759440
34.909623
33.036336
30.143788
35.962479
33.594662
32.775048
37.242123
40.202907
49.786744
44.675650
42.248392
40.585109
45.210267
48.480537
52.765126
57.386534
58.739247
50.250898
51.266032
46.911642
44.506435
44.121710
38.012275
37.773510
37.001079
31.633621
28.112743
31.912118
29.678012
31.595929
30.034883
25.891392
26.817143
37.915780
32.282822
31.826741
31.796699
43.324706
44.027100
48.167525
49.212644
49.943782
50.078405
51.752158
50.461158
49.482059
59.931841
56.801743
57.590071
61.942044
55.432289
46.077512
50.843125
53.344564
60.930020
62.947370
59.648076
57.087817
59.649338
64.385716
64.521784
66.768521
68.402551
69.883460
57.232177
59.734809
60.021814
61.100057
64.715469
63.969856
60.783242
64.069898
63.226092
70.731973
67.464652
69.090446
59.752558
65.519298
61.021933
61.267017
52.733230
55.130985
53.256794
59.131968
61.668689
63.216716
58.275479
58.536808
59.468848
62.346922
59.593091
59.672698
59.791488
66.793154
67.400058
60.271890
62.056644
60.905380
56.975250
56.274601
57.938640
61.613301
58.677741
47.247955
47.296051
42.447534
44.958780
45.095005
37.685448
38.706469
47.404032
45.491036
44.186982
51.010257
46.684008
52.209426
42.951376
42.505038
40.046673
37.807078
36.754556
40.751608
38.308783
47.512639
50.729948
57.643891
58.861356
59.780153
62.009602
64.614629
65.709326
70.228944
68.836232
69.639135
63.536960
67.368728
70.521874
68.278768
71.518572
70.711337
65.524927
66.232060
69.737162
66.332208
56.682592
59.746809
62.041954
55.857218
49.631386
52.250817
51.156808
55.396333
62.177570
64.370170
65.769844
63.252984
59.641696
61.781168
58.060136
49.671473
49.255679
48.181760
53.140162
57.329169
58.255103
62.683703
63.605358
64.935453
64.606848
65.047279
68.491045
69.875769
67.068545
63.527968
65.780311
65.002314
55.636300
53.596627
63.095485
61.113340
57.822359
48.899887
43.685271
46.584306
55.540104
54.426542
58.457157
58.116677
61.786635
56.625252
63.320084
61.608545
55.561325
60.745506
58.021889
59.074143
54.311250
52.836638
46.905015
46.495271
39.317912
45.294700
37.724900
38.738688
35.682998
41.508551
43.728753
44.183960
51.727801
51.356014
54.336533
54.052621
55.361171
61.459498
59.501533
59.979161
53.639205
50.987517
58.767556
56.520567
58.318998
46.672101
50.684403
47.472186
55.194709
55.434030
54.733497
57.158977
54.953339
48.998846
46.693855
50.465985
53.220384
55.794753
56.307905
61.208467
56.811329
55.842407
61.195149
61.952476
62.561709
64.907466
65.351203
60.209492
65.165291
63.621446
63.760362
62.209852
63.379027
63.571232
53.390277
54.993674
57.026773
46.992559
50.528420
54.932955
45.519319
39.430043
36.810469
33.814981
37.054855
35.763323
31.096651
36.987013
40.638350
44.796042
42.607876
35.672585
31.713019
35.642011
36.683598
39.671790
38.026635
37.842215
38.809108
45.689972
49.902272
52.181282
55.038145
52.319775
46.156872
47.067343
41.563957
46.881604
54.618859
58.211257
60.422408
58.599290
62.974410
62.847995
63.392687
66.117398
65.284530
66.218081
61.715188
65.782860
68.623037
67.269728
63.893165
64.219622
66.166174
67.553286
72.754220
71.069713
72.989917
71.005565
71.646351
75.886555
76.651809
72.237757
65.366518
70.084376
70.140068
67.428254
70.382092
71.154914
57.473636
55.558856
62.915200
59.398188
53.513737
59.820791
64.021764
50.498779
45.946670
49.868093
49.282627
51.366966
41.867071
39.486047
37.135175
29.771810
47.381341
48.294277
54.548650
57.167058
48.569363
49.001294
52.728552
45.934794
41.751137
40.481302
39.688145
35.390731
39.933878
47.957413
48.332526
49.125388
49.899515
49.894697
53.449035
47.704362
46.138908
44.453554
50.650730
54.063012
53.576536
57.227866
59.455217
60.163157
61.646906
61.153766
64.678567
62.750823
57.740813
51.622491
48.814179
54.013932
42.897047
43.717198
38.896561
37.926548
37.157109
45.443125
48.484481
50.915513
52.578290
53.271043
59.344065
60.253637
55.888064
48.984834
47.191766
44.831259
46.418640
55.550859
56.814250
58.285371
58.992487
56.748953
53.342151
54.229742
62.561948
63.348478
64.540198
64.657933
57.805579
63.050535
57.573011
48.411823
47.253974
45.711563
45.721581
52.661207
51.181977
43.854901
39.975199
40.442975
36.442610
34.683211
35.900740
39.471875
37.227854
38.468692
51.336468
51.340613
54.843057
56.208106
53.063160
56.359037
60.062337
59.420192
62.426663
63.284078
61.786674
60.397674
55.974114
62.295474
60.254925
53.393429
51.201117
59.758382
57.890279
57.610496
54.647387
52.850997
51.065446
44.073515
51.624029
55.928776
56.354509
57.577268
58.999901
58.423176
67.552243
68.733335
70.777592
72.072755
68.581903
70.580198
74.958663
74.251177
75.845141
72.176843
65.988972
67.761843
68.160846
68.402201
71.678181
66.219352
73.244760
74.208419
73.670614
75.607570
66.072059
66.312201
67.098982
70.748671
55.579885
58.367611
66.492276
67.089866
64.756115
53.746728
60.989295
63.861038
61.195133
50.126867
49.521209
59.438788
63.394398
62.678818
62.981847
65.156215
62.972187
61.967882
64.176558
65.373805
65.168748
63.998371
64.501272
59.812363
62.355481
66.134215
64.947290
63.689292
54.104986
54.221014
56.270391
48.201989
54.703414
53.330380
49.993797
53.650230
50.445653
42.971103
50.345241
58.954025
59.331860
59.369402
59.530332
63.807774
57.715500
52.498991
55.333842
55.732203
54.869299
60.064167
62.009518
56.470881
53.979981
61.661077
61.598868
62.282548
63.842873
68.095630
70.306261
69.997774
71.127691
72.882437
74.267611
74.456034
75.271494
73.709457
75.057063
58.977973
58.532781
45.346429
40.288971
45.838365
53.297692
49.192673
45.916030
49.747930
46.061067
44.771022
45.048075
42.391068
37.432920
32.561999
27.197289
20.323519
17.424475
29.069608
29.631453
39.963968
38.551634
40.075102
47.747699
48.451164
48.029429
47.787510
54.959697
53.929865
60.839425
60.523222
60.521709
62.528252
59.551199
61.622359
60.560971
52.410341
56.998973
54.625365
56.591891
46.282004
47.135354
58.961795
61.035261
63.637745
65.601931
68.280357
69.699229
70.181697
67.805159
57.873845
58.032069
63.629665
57.749288
61.961230
61.500150
57.770901
54.920666
53.812174
45.583350
48.617264
51.975119
46.497464
39.396031
41.335245
42.706444
39.888378
43.383685
43.210229
51.921206
47.441971
40.387771
42.624853
41.453581
42.747179
40.520702
47.349158
42.594896
43.630030
51.082524
46.155072
45.895722
49.282414
48.443125
56.281575
55.787403
47.832179
46.283133
45.520461
49.664047
56.683418
60.609294
62.533498
63.576714
63.292677
62.580998
64.655143
58.685330
46.962936
43.891421
49.798066
46.791150
47.139223
41.100708
46.658989
48.433085
52.507611
54.551032
55.579874
55.870905
49.049995
45.204149
43.374109
33.745111
28.511136
24.455127
20.018566
17.340355
13.844964
13.785759
11.245296
20.783741
29.628525
30.649627
30.124328
29.217771
23.485427
21.847768
21.764981
24.661407
31.583249
29.669475
28.765952
34.838501
34.218924
40.371834
38.866281
34.017379
28.250864
27.358310
36.159893
36.275053
31.684321
29.519305
33.435830
40.066307
45.697760
47.751216
43.476121
48.393958
44.687726
38.482079
39.567900
44.426055
52.272759
50.904101
52.540362
48.615776
45.296251
41.408935
48.965521
53.321602
54.068111
58.131563
58.539481
61.491369
58.721933
59.997695
56.150975
56.650340
57.692697
52.190637
58.165278
60.364630
60.021224
58.725675
66.815799
66.996583
58.566840
48.685652
52.382880
56.677112
51.674394
50.594825
51.546236
47.569655
48.804209
54.507908
52.127771
50.419591
49.750215
47.577133
45.872119
39.884004
37.997202
35.877149
35.090250
38.269577
48.798388
50.753974
59.559471
57.528942
58.808273
59.552479
56.225809
54.772124
49.872293
54.007763
46.587223
46.207793
42.871056
45.254027
44.221412
43.080907
50.830905
48.588307
51.125916
52.245495
52.717736
47.216263
50.830982
53.045589
59.983111
63.008005
60.053852
59.208389
57.090632
54.833143
60.810820
60.181122
61.267798
58.943435
62.230849
66.472570
67.232196
69.363206
68.440901
69.622032
68.139360
68.248172
72.791104
70.235728
64.341682
65.018620
71.397235
72.721380
76.112951
75.944452
74.912654
74.355900
75.782549
66.277905
68.311233
67.322279
68.730402
68.095211
72.493311
76.181954
72.023317
65.813774
62.698922
65.507408
64.105100
66.108700
62.968485
67.485882
65.439250
60.151407
43.912154
46.447630
55.718947
57.911788
58.925741
63.196750
66.508871
68.859105
69.335557
69.029306
61.024202
61.811080
55.211112
56.017534
60.479284
60.453218
54.334060
46.503819
50.917979
56.800604
52.235255
42.443390
42.068075
35.543162
39.622152
43.485480
37.478911
39.799442
48.557191
45.744492
43.361311
47.204582
39.000341
42.211029
47.271469
48.767245
51.350272
49.591019
47.394031
46.672829
41.179499
41.623141
36.928548
38.751735
41.303418
44.890326
39.516934
37.589093
36.948135
34.140193
32.793086
37.034159
43.708094
37.561214
39.407380
40.908778
40.163676
44.918878
39.579013
38.874596
31.102074
29.000322
28.743997
37.180959
40.252450
39.694856
40.373931
41.767644
41.316909
40.569012
47.290756
48.586653
55.764785
57.366230
53.794160
48.493016
41.310896
41.616886
47.896517
43.572304
57.493144
60.626965
63.601268
62.767524
60.893097
53.509883
52.283269
54.796314
55.566847
53.388258
60.112637
60.497131
61.055075
65.728714
68.544808
59.419669
48.101237
46.783916
47.644084
56.027281
60.170530
63.145016
63.037224
61.911714
53.359564
62.991209
64.600493
66.074505
65.966348
65.891493
64.503225
62.097688
64.725933
62.728688
64.825372
66.645959
66.051470
68.399842
62.424515
57.286581
58.443502
62.361183
58.860250
59.290414
50.875031
55.343703
57.762577
52.090560
53.988392
63.762493
65.594643
65.536393
69.220776
70.402362
67.624204
71.355937
70.629144
65.837503
67.655021
67.540915
70.189765
66.568325
67.133372
54.703835
55.510588
50.242750
56.845368
55.352216
56.312672
54.993113
60.488361
52.531364
48.853576
47.020918
52.074086
48.845986
50.766611
57.621881
58.608309
60.898925
56.440039
52.589206
43.259549
44.577302
45.101222
47.410719
45.538789
51.391406
49.708209
54.747143
56.509402
53.531463
56.888573
46.635897
44.957935
42.507708
42.932650
42.963722
39.556086
35.425979
31.190994
44.797251
48.091131
48.985642
52.849383
56.324363
55.355464
58.129001
58.781767
61.819415
62.552369
63.802532
62.708093
63.983426
69.281642
66.046438
67.394736
70.502890
71.613908
66.355821
67.878789
68.062240
71.633189
72.259844
72.089071
67.880710
68.291292
63.038595
73.153965
70.860329
71.400561
66.132398
62.112581
64.144737
61.762120
62.505609
64.252714
55.680239
57.647123
61.038228
58.992569
61.882688
56.074880
56.912913
60.545357
68.087638
66.188885
67.439380
61.066528
59.182100
62.327272
44.055390
46.041669
40.471439
40.441594
45.853007
45.095932
47.685798
52.411085
45.502191
42.673621
46.049546
55.878807
53.867009
43.466765
49.164482
55.955122
45.579958
50.039985
53.475910
51.532509
50.560227
59.483508
61.535214
62.390426
64.341161
64.173828
62.709924
62.949868
67.111122
65.700947
62.759041
57.347795
60.506106
54.894083
53.273045
50.220007
50.877321
44.361865
44.883832
55.598199
50.663411
46.940001
38.510308
38.800535
37.566950
49.482467
52.893944
45.945010
44.355139
42.861737
35.229312
34.160303
33.643613
35.038353
46.953273
52.234843
55.712275
54.661619
57.465084
59.319471
61.478459
67.661696
66.926122
69.373876
71.581368
71.992303
72.526749
72.551365
74.642379
75.427902
75.687132
76.687214
78.633065
79.163247
80.984963
62.924607
59.215639
63.127296
67.347224
56.964548
59.900007
56.546703
52.650643
53.210184
47.298640
42.353671
51.156869
53.743991
49.229029
45.411742
43.229120
45.160004
50.086740
50.833565
48.976312
36.938586
32.481625
29.790764
36.722705
43.301199
45.636509
44.388914
45.642568
42.581064
39.411165
47.875990
40.859514
47.950252
51.394763
51.731398
55.260268
57.228891
58.040861
56.278451
58.439042
61.577288
61.243542
61.210533
60.060097
62.950941
57.422894
53.978326
54.741827
55.418181
55.712440
62.893139
62.585795
61.850632
53.980962
51.190177
54.891188
56.129292
57.446868
60.862908
62.157412
56.584006
57.619840
55.291448
49.703878
48.538329
56.910277
58.155157
59.357427
44.692058
40.012134
42.804367
38.047984
47.686251
44.351076
45.342472
47.908971
50.515716
50.558280
60.210418
62.489370
62.354105
63.120386
67.853817
66.431015
68.181840
70.633077
68.820553
64.890005
66.388358
66.442555
66.271611
65.962227
58.359754
64.568209
58.633652
55.723464
57.528911
54.529490
51.257240
47.860104
60.133325
62.338824
62.241989
66.651872
68.682228
65.183716
67.930588
68.038966
71.908534
68.821995
71.702113
71.936867
71.056079
73.217315
71.654316
72.905898
69.272120
71.024714
67.083611
69.164771
71.609154
71.192973
73.010024
68.102407
64.862934
71.302160
72.395428
75.404105
70.703268
71.230910
70.300666
71.819821
76.400881
74.801788
77.882779
79.485978
80.248807
79.654600
55.846767
48.596014
44.418131
51.475058
53.142345
46.976740
44.410885
40.568413
39.916259
52.240083
47.050862
53.216150
61.007920
63.730201
67.129730
70.507350
67.732657
57.735012
59.230770
58.774596
62.203242
61.613291
56.363902
58.916944
60.688651
62.133445
69.759190
68.521444
69.437330
67.181393
67.773906
66.858833
59.199459
44.475036
42.439473
46.025383
42.552447
44.897224
41.566238
36.364198
34.117571
33.674519
43.274873
45.996097
45.372602
55.539314
58.251414
60.648222
63.273297
62.885070
63.015925
63.028476
59.699379
61.713333
64.332651
63.470084
60.067667
53.986771
60.130651
41.134824
52.340185
50.232453
50.271348
42.236572
39.239589
41.458734
37.324306
32.340500
34.469937
40.923812
43.872599
45.511440
46.442332
48.757029
42.277612
49.317421
53.786840
53.891363
59.048624
57.456587
59.264040
60.016078
60.235747
62.925438
52.385489
51.380089
52.147270
49.354719
42.731304
44.116342
37.372069
45.226140
49.569067
57.149631
54.556490
54.734155
48.098259
50.083194
55.693250
56.424863
54.050384
52.708537
49.609266
52.233745
56.170236
54.706884
59.947058
61.981408
61.978799
55.763399
54.160444
55.701733
54.381382
57.520302
58.719113
61.133819
66.693584
68.556494
68.414836
68.389933
68.589221
68.919994
65.619592
66.019338
67.270681
69.519194
70.700005
71.806547
61.940837
60.678071
57.731264
54.540831
57.706966
58.563075
64.291933
62.185547
54.567082
56.066863
48.936696
43.600473
44.662340
46.551200
53.213376
54.002325
62.970369
60.772765
51.059045
41.751944
44.646050
36.460693
37.061727
45.968357
42.442369
51.290587
45.601733
43.916398
38.970537
46.341001
47.416508
49.703017
42.354657
40.390052
43.787310
41.063012
33.989619
28.403599
27.047048
29.359273
27.769745
25.501575
24.791602
35.902253
32.541672
39.620430
40.971971
36.522872
44.062982
47.941438
47.161125
50.954086
48.277736
55.222013
57.993310
57.093806
52.042550
52.364890
52.762975
54.068871
59.247567
62.931022
63.752380
64.166015
60.946292
60.222277
59.578776
56.635380
57.118379
55.044416
56.849888
64.245278
64.299774
59.968699
48.937178
52.973341
44.394621
43.424779
40.142186
43.628744
39.212371
32.136964
32.136964
33.174805
28.927326
26.258709
27.031661
21.593006
23.406024
24.424299
19.026178
19.850983
36.783452
33.056146
41.243355
43.578958
48.059757
45.880809
42.883453
49.754298
50.322538
51.613610
59.177065
55.844278
52.251073
57.410627
59.375381
55.560927
57.618049
58.213427
51.093226
52.577118
52.759226
55.002747
60.660185
61.228910
61.638935
69.395729
70.753355
72.621144
73.909949
75.277601
75.417523
74.107768
71.827762
72.975090
64.008948
71.413441
66.880184
55.285641
55.511606
57.901660
46.443359
38.463025
47.094924
46.500286
54.902299
54.075640
56.387900
58.015814
58.165628
53.213086
51.623782
41.979310
41.878169
43.896168
54.978704
48.829079
52.836681
57.147290
53.078121
58.599714
61.647652
63.255177
63.580962
64.545239
67.543442
71.600668
74.031130
66.985805
68.550226
69.065640
67.147032
69.910385
71.141091
71.546710
71.233881
68.034664
59.167369
61.814422
61.732350
66.410610
67.527008
65.378388
63.874014
65.876364
67.105858
68.557163
70.841052
72.822394
72.942273
75.897375
77.577144
77.772042
68.228860
71.424624
74.299918
75.401505
76.132095
70.235899
77.311715
76.886611
78.828312
82.864155
72.423634
69.492957
68.295401
71.466903
64.357484
67.058427
60.725860
59.788489
60.535774
66.462936
61.028622
62.011426
60.427177
64.867193
60.746160
64.376729
69.260601
67.537177
62.377227
62.481118
52.733245
43.077307
49.590133
51.006283
48.771199
44.581869
47.527856
54.362906
47.695843
39.095230
39.763850
44.753580
38.663511
39.347105
41.164212
49.643388
48.731570
43.931862
41.295351
47.176600
44.573365
48.563841
54.737689
54.605267
54.994183
53.476644
48.012357
52.067944
49.407998
42.774081
43.463108
40.904203
43.915444
41.914243
38.485617
35.595178
34.261686
43.690783
45.826058
42.330021
37.543008
39.596339
38.088837
42.460070
40.928111
53.535802
55.530445
53.386067
53.436868
53.994142
42.405269
39.334234
46.450454
44.513051
43.526232
39.649216
35.329195
37.738323
45.466521
53.441664
57.019992
57.694781
58.189539
61.921287
60.498221
61.855294
57.393097
54.664097
54.380764
49.107917
41.456280
45.170832
46.354331
47.803059
49.484301
53.661728
54.036941
59.225772
57.248562
53.694231
57.156817
46.854616
38.085795
40.987053
40.320488
39.275287
38.686964
33.509981
29.035811
24.669643
19.726482
34.062557
32.366576
40.176463
39.909898
39.268448
35.439301
36.329735
43.322353
38.588958
40.358917
44.342948
45.113473
43.232563
41.486395
41.725053
43.437742
44.651793
44.729272
37.294204
38.431784
31.291299
32.784800
29.717989
38.461374
34.798403
34.230623
40.819381
37.877866
39.244414
46.775222
49.062510
50.809718
51.411889
54.171065
54.791416
51.954627
48.331879
52.841354
53.991905
55.748668
55.119195
57.902470
64.549779
70.523723
70.643456
66.008540
68.828855
67.486235
68.533422
70.611973
70.621952
65.349454
66.432464
68.902492
60.634172
61.131009
63.331031
57.504987
54.315630
54.492491
62.776178
62.251243
65.742109
66.652242
65.160379
57.224934
64.208801
67.839330
66.541090
68.656876
62.807500
59.589173
45.469429
44.419042
48.996698
42.954724
40.882348
41.125223
34.915593
31.006277
41.868171
42.460324
50.234543
46.934288
44.272334
44.052536
50.992131
48.973103
54.410558
51.081214
40.587369
41.340216
39.402418
35.085741
32.921042
32.519235
37.911444
37.420068
34.169736
29.983061
29.615407
34.845326
30.215895
36.317195
42.021507
41.419625
44.022310
45.762465
40.175245
44.933132
43.977234
39.953619
36.943797
36.113073
33.986465
28.761713
27.290011
32.426570
28.298162
35.479129
42.405487
40.985377
47.389386
49.496408
47.697233
52.282217
48.418766
42.987580
47.182217
51.454904
51.017347
56.008404
57.265745
56.542780
58.204939
56.741480
53.960410
54.799101
47.826737
56.624752
60.088552
58.310890
59.446033
56.402206
57.893908
57.815384
58.963152
59.898675
53.105403
54.295817
59.139704
55.879809
49.667838
50.617245
42.480867
44.741764
42.011266
45.506860
47.754512
50.590708
58.726870
60.514271
58.805791
60.754985
66.456256
68.020816
68.341081
65.305252
61.560617
59.935028
61.211962
61.904731
49.343221
52.447612
45.454990
42.402513
43.383737
44.168559
48.835812
51.406251
48.569308
44.317273
48.231357
45.834545
48.180135
42.654340
47.900877
45.169421
53.497523
58.200455
60.179778
60.584754
62.019866
58.569635
55.804524
55.941309
50.945425
51.735176
58.467310
54.965944
49.208976
40.211113
35.358975
32.103985
36.113291
34.695318
38.439340
50.845308
52.513391
54.247920
59.574451
40.476232
35.433560
40.385565
44.611348
46.296515
48.677538
47.107542
43.160537
39.908995
41.270115
47.233134
52.275090
55.229428
54.305105
57.466846
57.423307
57.297418
54.502367
58.756127
59.119679
58.775875
60.221630
61.634671
63.650591
61.487997
63.367571
62.998198
53.962660
54.929962
57.093489
61.859483
63.879593
70.588481
68.382972
70.551765
68.923254
69.585972
65.912634
58.521743
60.750713
57.750657
55.246242
59.017165
60.122229
55.152140
57.508983
55.183065
59.761745
56.213173
53.157781
59.264313
58.625730
59.234168
61.897041
57.152952
51.572357
44.991613
43.103086
42.752254
45.810755
39.190202
44.621818
45.690706
47.995957
58.558330
56.120229
45.942162
44.734912
48.228723
46.867046
51.599628
55.949618
54.311928
53.466002
49.643831
55.499672
53.155145
50.506315
45.577388
53.098320
49.683348
54.889245
55.437444
57.623969
57.996081
60.036989
59.797539
56.787806
57.148671
55.733699
53.600493
45.287657
38.161985
36.373305
33.842248
45.864934
47.190400
54.868534
54.047046
55.745797
56.912929
58.797405
54.392377
55.484419
54.132984
55.283017
56.907611
53.182902
54.843403
55.478102
47.162511
49.791314
51.161949
44.193578
42.965763
54.294259
58.930133
67.278807
72.723501
73.323977
72.372879
74.845633
71.923261
75.118013
76.026905
76.582656
77.523413
77.622669
76.453595
75.848294
76.570620
76.663270
73.922726
75.123246
79.160612
77.532454
77.534926
77.558858
78.119482
73.216690
74.178985
77.067894
62.161167
67.933709
61.029001
59.737418
63.130102
62.889869
64.807450
56.785791
59.901716
69.924528
71.473332
68.411744
58.087882
49.229161
55.430931
53.638369
54.812541
47.084860
49.239423
48.911214
54.296780
55.520582
60.586349
60.405713
61.450706
58.684092
58.667036
62.439722
68.562005
69.742955
65.423244
55.025474
56.001624
56.639956
66.895507
66.342343
63.935650
59.000747
59.379719
59.440750
60.052863
58.742274
60.385825
60.266422
61.654545
66.091240
66.772345
62.059343
53.363332
48.669624
57.972550
59.409627
53.904327
62.352207
64.780883
67.062722
69.323699
64.612375
65.744565
60.382030
61.086244
60.579823
58.385676
53.212036
54.306247
50.518264
42.868697
44.210374
45.152169
47.034559
68.969278
69.374589
69.578966
67.148469
66.648923
69.594455
70.397746
74.723494
76.824942
74.664016
76.409554
76.674055
71.847474
74.093845
75.398589
75.119401
58.930166
55.817346
58.575339
57.058562
59.395604
58.001212
56.156735
54.434435
56.407003
53.582346
54.898509
58.734171
68.017542
56.510133
55.175756
57.683757
63.196285
53.918358
57.880541
59.920360
52.318487
55.559160
61.809531
57.101046
54.650778
55.649003
51.874573
53.951846
48.000444
46.680893
36.241584
33.099937
42.025535
40.544642
41.506835
38.565304
39.042543
42.733333
42.304436
53.101123
53.825198
53.248374
50.543605
42.386220
43.737313
43.493894
34.554313
33.442817
37.307399
40.069284
36.156304
34.246926
32.577808
41.731465
38.757934
37.650463
46.455326
44.534765
46.580560
40.252397
35.061441
35.053078
44.092569
44.746091
49.386780
46.463102
44.659108
40.292094
49.115777
46.616023
46.960921
46.324686
44.104630
36.567832
40.081567
43.273040
48.113557
46.138697
47.375711
52.354202
56.371444
56.723280
64.006815
65.799553
66.833977
65.856755
64.189627
65.931289
66.036497
66.380308
67.846075
67.062463
67.193170
67.774829
70.596021
72.907193
77.839379
80.151158
82.010070
81.710152
80.162269
80.823241
77.149783
77.999753
78.490681
78.864235
79.372473
77.899158
80.106994
71.606793
71.678943
72.437052
73.094305
63.408634
74.400389
77.769296
78.210194
84.643117
81.929429
82.843505
81.662466
71.855369
71.982871
54.967926
51.363877
48.093730
45.676863
42.470583
47.403195
44.314000
48.685545
55.056997
46.372147
46.039305
49.145866
45.841055
49.480538
49.624324
47.277885
38.804074
50.411983
49.894254
47.297526
49.913270
55.490866
53.707825
56.693965
53.126034
49.772007
51.792339
61.582913
55.927447
48.622003
50.546918
48.755280
48.616161
44.199306
41.398026
39.401557
45.891944
55.090172
60.827565
62.465751
63.080894
57.174189
53.142080
54.978576
52.631118
54.771547
51.368926
55.972186
62.046117
63.093860
66.372989
57.991968
52.280357
54.031951
53.242147
47.234479
46.864766
39.379722
32.741800
30.286909
24.351502
33.732888
27.583424
25.285704
32.256853
30.736840
36.099230
36.359958
40.317617
38.692154
42.538209
42.054681
41.802497
42.745382
44.654192
43.347594
41.376939
33.957678
27.866479
35.792589
36.764068
42.152731
46.284444
45.999039
48.744585
42.361090
43.041225
47.357628
49.055081
43.177549
46.771992
46.844967
40.051923
34.537150
32.316782
40.013786
39.225565
45.242706
42.504133
41.234014
53.019771
50.992702
51.630786
55.739029
52.105706
55.744171
56.548597
54.560350
60.286309
60.431778
59.389131
58.146746
59.234684
58.133944
51.940655
55.075586
58.102753
59.251708
65.460180
59.686312
63.671247
67.144220
65.266021
66.141770
68.364023
67.079033
65.633760
65.141068
66.080948
70.000030
67.384946
70.364845
58.343182
52.277996
55.658919
52.086096
44.042634
49.083671
42.755681
47.610282
49.409202
50.060001
51.810106
50.958256
48.931186
52.428177
52.397310
54.671990
63.171412
57.953008
49.848950
43.986874
44.757100
38.654908
41.816171
33.367293
32.543571
37.794356
33.573418
39.078826
37.324025
41.919056
40.999312
46.842523
48.046833
49.877355
52.375176
45.275743
48.248616
50.087509
50.885949
54.748068
58.406369
54.768531
49.557219
49.040092
54.627709
50.012159
57.995744
59.544463
56.802832
57.052763
53.903445
46.243918
49.080561
48.385525
50.533895
49.878539
51.833294
41.520071
39.324168
39.331015
33.244474
37.206855
36.372286
42.655674
45.221828
45.281816
44.410906
46.019123
53.255201
52.679248
54.351848
50.563155
44.163584
43.362249
37.680489
32.044810
29.647710
29.937831
31.785248
31.251328
35.738496
37.388067
42.121349
40.773861
44.936180
48.815725
54.820208
59.759258
54.810850
55.979778
56.549945
59.076255
47.721481
52.524170
49.778961
47.520631
41.367962
35.245742
37.075686
29.239255
25.450126
25.135300
30.517016
39.004128
37.152673
33.636050
32.698790
31.900870
26.087650
24.498596
30.838121
28.464582
35.259763
34.018810
41.412428
42.326523
44.561157
43.692763
43.291234
47.892644
45.710045
45.804561
37.930812
45.235325
43.018216
40.889935
40.426294
36.987722
31.636246
40.835615
37.596523
40.215686
47.332381
45.683828
45.302702
45.276855
43.587982
53.148353
47.706423
42.807020
32.461212
31.971874
28.603905
35.578514
41.375442
41.248482
39.617416
37.108308
36.280298
37.494930
33.306419
34.461302
28.549009
36.765805
37.689051
33.617475
46.882704
46.318197
48.215469
51.171455
52.103151
50.841856
49.645446
51.056019
52.627336
52.051636
62.180974
58.940357
56.820612
55.947556
58.135081
63.220301
59.547763
59.847172
57.835957
57.357906
57.690524
57.430166
65.333987
62.509059
47.147443
42.831887
47.658731
52.157416
53.737512
50.365919
58.053186
58.025536
58.381686
61.630641
62.357656
63.558716
65.214804
66.434208
62.850973
63.959558
67.166454
66.498422
67.579458
64.919371
59.591734
55.388495
59.754780
58.367617
60.814907
61.574320
66.178103
63.779383
69.280736
56.335889
53.206764
44.115824
43.363401
47.381037
47.359179
47.895717
53.386939
60.525190
63.346979
69.735176
70.662358
71.275353
68.012515
60.724946
62.828727
63.929999
66.305818
67.040817
69.860426
71.535054
73.647277
74.039918
76.291398
73.586465
74.619611
75.034070
75.571407
75.618559
77.924283
65.461086
51.720710
56.170302
45.499994
49.784021
42.172016
47.588606
52.123176
59.493229
56.328971
48.622701
52.258985
53.142252
45.398704
47.626127
49.884521
48.240702
41.869142
44.547881
39.238481
42.039084
48.897179
49.246718
48.227049
51.809177
51.809177
56.032969
54.174729
56.252620
52.746442
52.235826
61.552828
60.355735
61.963439
61.082761
57.373137
54.841268
55.613167
56.823705
62.323056
66.704587
66.885254
69.839803
70.275614
65.683524
63.851658
56.586145
52.768983
50.375792
49.856817
53.601743
56.012823
50.219417
44.045640
46.077933
47.931873
58.484139
59.882263
50.688310
53.454820
53.319385
40.907041
43.113057
46.417011
33.845751
29.079748
27.325770
31.371995
39.928856
36.158968
35.819768
38.899518
32.719962
31.068650
37.446987
43.203301
41.474712
46.882611
45.226553
41.401900
43.178515
45.910548
44.972360
50.183966
53.628437
54.121814
52.346438
56.440168
59.757544
61.759718
62.814059
64.134308
66.824275
68.275616
69.890907
64.534407
64.072832
64.673929
67.050092
67.407628
59.002760
56.865369
52.608404
55.293400
59.494241
61.482727
51.918901
38.592291
38.592291
42.981852
46.930050
42.198691
47.732147
50.603169
61.822374
60.749378
64.533684
65.540883
64.795792
63.697538
66.930799
67.116412
68.352869
70.390079
70.999655
72.293428
72.139959
69.893012
66.591516
69.912629
74.906657
75.215610
76.031951
78.672629
73.805405
71.445666
73.972960
69.797166
66.052186
68.312276
65.654157
66.228938
61.297946
59.743275
61.104002
65.109669
64.244169
66.654734
62.913097
62.080916
43.697687
45.278315
53.854390
49.151108
54.703247
51.406157
49.565117
53.474853
57.010865
59.700699
64.582418
57.400511
53.865259
53.315997
58.135893
57.072536
58.712260
53.359924
59.534105
50.725032
46.620607
51.225473
55.123598
61.354763
60.744467
59.033553
59.226903
57.797063
57.619331
61.873526
62.821561
63.121590
60.097862
51.642594
60.492853
43.539913
48.508973
49.368903
42.612031
37.464213
40.269122
49.412142
55.507519
58.171505
55.892717
55.138564
59.153729
62.451811
62.258686
62.200591
63.396933
58.257603
61.761951
55.902013
52.283416
36.108345
31.402071
31.123445
24.910810
19.900975
19.611817
24.264542
29.189730
26.778343
22.392209
15.977820
15.212448
15.021685
10.227892
11.909211
10.453580
14.952466
13.154150
16.809114
23.366176
22.252507
38.404180
40.801853
42.558369
38.939986
41.602309
43.340720
39.236780
39.647034
39.155064
47.681394
51.436871
51.102774
54.220928
55.941230
49.595119
49.914860
54.538307
55.226339
48.505979
50.995762
52.475320
49.574960
54.510311
56.433347
60.564459
56.051238
49.657592
53.460717
51.494723
53.768451
55.881276
54.415234
54.309261
49.114898
45.624164
48.099699
57.706339
57.938228
60.069382
56.776042
56.904090
61.778685
63.372268
65.465483
67.098731
62.119274
67.862503
72.652928
71.258894
75.045625
74.335342
69.268192
67.121512
55.346698
54.957080
54.215070
60.359004
61.279095
59.045484
59.817289
58.191056
62.423423
52.915654
54.376925
52.526196
55.176460
56.616616
55.391891
61.575520
59.524931
62.924762
59.848206
56.724719
56.585241
59.478367
62.574069
59.550339
63.835226
62.135783
62.981659
65.358484
67.559330
65.147771
65.115917
56.015777
56.030741
55.915331
55.441600
42.316425
40.760046
50.606220
49.384501
51.024253
49.048210
51.502431
51.881933
58.970906
61.595983
59.225098
55.926618
56.472666
54.995237
57.908750
52.288928
49.977431
59.008641
58.822158
62.184317
58.434901
55.986749
52.681816
53.650453
61.553135
54.633993
47.913694
55.045542
51.180141
57.698808
56.837973
56.643548
56.328691
57.001895
58.094236
56.168285
57.592918
36.940332
38.672876
40.324034
39.466612
36.327272
49.081317
47.921902
46.222939
45.424661
44.277638
48.913989
51.346554
52.059925
55.593526
55.871559
58.571448
53.722696
54.033937
42.918827
49.937373
48.246231
44.713193
39.917769
39.546374
43.531405
32.880643
30.906175
24.026251
25.362193
24.841303
33.089571
41.984318
47.827433
53.100891
51.092427
61.936126
62.901679
63.685816
59.518780
59.929947
61.039543
60.888740
62.226534
58.576804
59.700527
59.351635
63.090666
62.991111
62.860416
64.080699
62.089069
64.520162
61.311799
58.569525
60.039109
58.679598
58.947771
61.185095
58.701388
49.826616
54.291870
59.298311
65.256306
67.788153
65.911577
50.246502
55.356212
59.739346
64.274722
63.183423
61.525719
61.727777
58.584235
64.747581
66.450930
68.213804
63.244563
62.738718
63.139693
64.514877
55.386130
57.346661
55.894041
59.428402
58.727618
57.114193
47.275353
55.435696
46.823722
48.390799
41.620510
47.981510
54.056339
56.579224
59.648605
59.520891
59.604121
57.677979
54.566418
57.914359
58.190389
60.062305
57.957630
51.262351
50.361262
54.463000
52.562543
48.933774
53.448909
49.362474
45.737996
54.498262
55.421362
56.827793
55.713117
49.701434
63.924221
65.236061
67.518015
68.159105
64.983338
63.048798
65.634682
66.654691
70.916133
63.382167
64.338281
64.470990
61.812020
62.169034
66.134361
68.077031
72.749257
72.733042
74.935268
77.064948
74.711652
75.300274
76.019247
74.595996
75.103215
73.057660
74.431463
79.431246
72.598571
58.442662
60.736506
64.672033
62.458088
63.015489
60.301116
61.911805
54.284803
53.346659
57.677381
41.863335
53.274887
54.076699
59.872902
59.893320
49.812919
50.781431
52.387630
58.747278
57.977716
57.570421
47.747429
55.445049
57.222962
57.963802
57.405952
55.640585
59.125553
55.059541
59.496915
60.511974
61.395021
63.177747
62.366699
60.427994
57.307027
56.780138
61.473474
60.338567
62.463046
61.264566
61.973596
46.866234
53.623520
54.939319
47.111604
52.493002
53.216198
50.824597
56.200411
49.398302
52.237720
54.005373
54.471180
47.855222
54.950567
45.046390
53.847342
56.712575
56.680435
56.654205
50.570417
47.490376
36.563236
39.616312
46.500303
49.279465
53.640046
52.072650
49.011625
50.615637
52.803820
49.562758
50.393437
49.897126
54.719116
56.449539
57.014535
56.263131
57.220813
59.320555
63.230869
64.546157
61.479080
61.249960
62.980221
51.680281
53.572937
55.559415
57.861646
55.237067
51.504640
54.382959
56.099500
52.948553
52.294356
53.233512
49.416282
57.714309
52.267182
41.292238
42.017066
41.445873
46.794981
47.999527
42.821013
44.957896
38.038557
27.819317
38.563786
45.006864
49.913557
46.277302
47.814368
38.624630
42.867047
40.186493
37.658498
34.936621
40.987815
35.946333
45.075977
43.987760
43.809767
42.427229
46.024717
52.655200
56.051922
52.385981
53.583755
53.798314
51.961015
54.310757
56.155568
60.923259
58.691448
58.266251
57.905973
61.854525
66.163788
66.316739
68.263175
68.948536
68.443507
68.029400
68.944490
69.470061
69.864018
71.814229
74.984104
75.083560
72.300387
66.706565
62.946261
50.560033
47.274172
49.654313
27.409139
28.649759
25.139164
41.147669
36.428576
34.533115
41.902277
53.487361
50.322606
49.141917
48.731311
48.687638
44.178191
44.922723
49.969460
46.939127
39.707057
46.073341
50.064278
54.140038
56.014297
58.953905
55.488819
56.298206
59.594914
62.548127
65.034477
57.458485
54.229338
49.114016
53.665333
55.362701
55.902807
51.245434
52.689805
47.819145
48.990043
52.180906
43.393552
32.178836
35.588545
44.526936
46.084992
42.059067
45.837531
49.302973
49.174473
43.807568
38.807317
41.662767
42.625106
48.731741
48.937639
47.350796
40.597728
48.231630
47.302267
45.039665
40.468768
35.154298
34.556029
33.561418
25.990623
39.138903
37.653577
31.015798
33.188283
29.969106
24.786911
22.947757
22.925624
42.319303
38.187608
41.029461
45.403716
45.261494
52.365776
51.639424
51.980240
50.657425
52.851473
49.762605
49.600213
50.168044
52.193050
58.715995
54.460603
50.913040
51.477625
52.798412
50.847881
45.576849
44.244694
48.752817
46.945035
45.586494
44.592600
46.841604
46.599478
51.966974
55.228817
46.500196
42.160322
39.132296
40.167808
45.144684
48.096911
44.617769
47.217255
45.639817
44.062616
39.189075
33.981719
38.592661
46.297851
44.477808
51.173569
49.749303
54.503566
50.375798
47.639946
49.963434
54.213701
48.367733
50.356214
55.075765
59.375369
61.339112
56.490130
55.289005
58.182813
57.488303
61.328121
58.474473
55.319093
48.961628
40.172544
34.989925
33.295446
38.060338
31.983439
34.205800
37.686727
38.362185
36.037139
32.698745
38.170848
39.910038
41.111295
37.120408
33.731269
34.588304
33.947607
28.593523
34.382528
41.008361
45.134846
41.789505
43.588737
40.814302
36.810860
45.244302
47.330459
54.216970
53.644283
52.840565
52.991658
51.888967
49.016476
50.812534
53.737228
58.386850
58.248857
57.245742
60.570625
62.285510
59.019568
61.785583
56.292460
60.411478
60.175228
62.657695
63.164255
65.438503
54.463270
56.426589
51.277825
42.668112
41.793379
42.692683
44.546598
37.069345
35.398169
38.011589
35.174327
31.116034
45.109071
39.198956
42.310464
43.562098
43.297431
48.605373
56.154366
50.706363
47.001203
45.417074
40.931329
42.685495
39.955606
42.820354
38.041071
33.775815
32.873152
31.453563
32.993296
29.583648
34.457925
37.643266
50.260191
46.864413
45.854560
41.727105
41.725878
40.596876
39.547301
45.358760
47.783591
53.492738
56.330747
55.572641
56.253829
54.979044
60.300878
63.143595
66.207181
66.530592
67.233605
67.472221
69.429815
65.344223
59.522847
67.616298
69.103082
72.018265
70.976184
78.231746
79.153189
80.168220
80.906425
74.306760
74.802381
77.222782
74.794739
75.473145
75.560651
77.414903
77.444858
68.900056
67.483801
68.522144
70.775738
71.690601
66.967342
61.404449
57.373877
57.497354
61.300386
57.930352
64.247191
62.263159
43.902351
41.322971
43.242674
41.532248
49.421732
43.919984
44.885833
46.873087
44.648704
50.019025
45.228305
50.272311
53.807484
61.840946
59.865184
63.833588
67.478032
66.755620
70.039541
71.940797
72.422587
73.255353
74.191955
73.914927
61.622154
64.384132
65.999460
65.545474
64.984343
66.368679
66.842284
65.458383
65.528663
67.248079
75.489725
73.502983
66.045154
64.689620
67.320611
70.237912
59.223866
61.893064
61.084454
64.797071
65.564951
62.775535
62.528659
58.108264
58.198644
61.208266
48.118091
54.833622
54.117864
51.448697
52.399960
61.423143
63.648398
59.059326
61.366628
61.410013
51.812684
37.431833
46.723511
36.188872
42.674485
39.011167
43.359667
49.508209
49.973689
49.836053
44.123731
48.411292
48.767469
53.290556
57.481555
59.626184
58.202822
58.702416
56.037800
57.488731
59.395463
60.595094
61.253366
63.248639
62.451151
64.920058
65.251074
60.391040
62.956888
62.062066
62.328400
58.217546
58.400092
62.908336
52.994661
56.335822
52.640126
60.475332
60.088702
60.177416
57.120272
54.059353
57.235220
57.372761
56.272286
58.633950
66.399227
69.641265
66.472580
62.250612
47.929155
46.150710
53.467299
52.212267
50.424327
41.807986
49.066239
55.318943
52.264409
53.174595
51.982685
53.028341
51.383907
56.717221
60.865281
63.158809
62.146766
64.166379
56.627159
52.789271
49.261381
47.894545
42.190593
41.621086
43.272316
48.053862
47.956689
56.345195
53.272035
51.382039
47.022872
34.376768
37.680034
40.676793
45.424200
53.398376
56.843371
55.497290
54.099977
55.963494
55.259581
58.494694
57.231911
57.731623
58.516317
54.301606
63.897244
65.697389
64.452500
54.445826
46.199325
42.240073
44.601094
44.564194
39.008615
42.422354
48.209167
42.906640
