4304.090000
4559.940000
4575.840000
4572.600000
4610.850000
4577.940000
4607.790000
4443.880000
4559.280000
4617.400000
4635.390000
4653.500000
4682.390000
4690.590000
4705.260000
4716.210000
4756.320000
4788.870000
4814.950000
4819.640000
4828.130000
4839.610000
4856.660000
4874.620000
4877.680000
4885.430000
4901.490000
4841.120000
4823.830000
4827.460000
4827.500000
4911.030000
4938.080000
4920.890000
4916.020000
4875.480000
4841.080000
4834.050000
4851.710000
4918.910000
4897.050000
4874.300000
4847.300000
4784.650000
4725.640000
4783.990000
4790.650000
4815.620000
4817.280000
4840.890000
4905.230000
4967.240000
4967.900000
4964.880000
4979.490000
4899.170000
4888.150000
4888.460000
4904.320000
4860.190000
4928.060000
4856.040000
4827.400000
4855.580000
4896.250000
4957.540000
4968.490000
5003.790000
5020.650000
5048.780000
5064.420000
5057.630000
4980.180000
4984.270000
5005.530000
5017.280000
4954.240000
4923.760000
4933.230000
4965.290000
4936.100000
4825.860000
4852.220000
4829.350000
4840.050000
4853.770000
4862.930000
4791.850000
4762.750000
4840.730000
4907.980000
4891.660000
4966.380000
4976.340000
4984.080000
4993.350000
4998.060000
5002.900000
5043.010000
5075.200000
5074.160000
5063.920000
5073.850000
5109.060000
5125.890000
5161.200000
5172.590000
5171.860000
5178.120000
5154.240000
5155.370000
5166.230000
5189.650000
5272.560000
5251.930000
5264.500000
5249.130000
5222.280000
5260.990000
5285.150000
5285.440000
5274.460000
5279.750000
5292.100000
5328.440000
5322.880000
5355.350000
5382.790000
5405.330000
5418.420000
5431.090000
5446.000000
5385.020000
5407.750000
5441.120000
5477.520000
5502.350000
5502.910000
5532.610000
5482.440000
5515.240000
5512.620000
5464.140000
5460.940000
5446.420000
5364.040000
5403.300000
5314.250000
5289.630000
5321.210000
5341.850000
5420.960000
5561.060000
5615.650000
5635.410000
5643.400000
5641.250000
5614.370000
5649.480000
5630.120000
5598.000000
5687.840000
5695.810000
5684.120000
5718.200000
5745.350000
5757.310000
5773.700000
5766.930000
5781.080000
5783.420000
5820.390000
5840.130000
5871.930000
5791.080000
5796.340000
5749.010000
5690.920000
5723.330000
5698.010000
5660.760000
5676.160000
5708.750000
5821.860000
5823.730000
5869.580000
5867.430000
5862.060000
5884.960000
5847.930000
5856.850000
5922.000000
5941.420000
5905.580000
5862.950000
5868.270000
5936.160000
5943.190000
5971.530000
5993.090000
5995.810000
6008.530000
5947.260000
5943.140000
5894.340000
5860.880000
5860.660000
5918.610000
5887.190000
5859.600000
5915.590000
5988.540000
6063.900000
6041.050000
6051.870000
6075.900000
6020.940000
6003.050000
6022.620000
5999.480000
5962.290000
5941.870000
5990.000000
6111.400000
6098.880000
6106.380000
6025.250000
5893.370000
5785.230000
5808.090000
5653.040000
5581.250000
5634.570000
5512.810000
5529.930000
5551.360000
5566.910000
5719.280000
5748.420000
5594.080000
5532.890000
5603.130000
5662.810000
5588.330000
5477.100000
5471.640000
5367.320000
5387.790000
5363.440000
5262.270000
5244.010000
5294.900000
5367.150000
5382.920000
5382.740000
5414.870000
5499.130000
5499.660000
5501.040000
5448.100000
5420.270000
5471.300000
5583.090000
5675.500000
5689.260000
5609.300000
5630.610000
5628.450000
5633.390000
5594.020000
5607.530000
5494.330000
5420.980000
5364.770000
5373.580000
5389.070000
5519.850000
5423.080000
5447.790000
5542.020000
5555.530000
5588.330000
5620.970000
5673.090000
5583.680000
5604.930000
5591.170000
5654.620000
5614.300000
5629.960000
5613.360000
5557.830000
5602.010000
5629.930000
5664.980000
5765.000000
5802.940000
5804.200000
5771.720000
5755.980000
5759.400000
5744.380000
5784.390000
5768.090000
5837.280000
5846.970000
5841.020000
5851.590000
5879.070000
5857.530000
5799.730000
5753.560000
5773.340000
5737.590000
5775.350000
5874.610000
5888.540000
5907.040000
5899.370000
5853.450000
5864.230000
5915.420000
5858.000000
5864.690000
5915.010000
5956.310000
5973.400000
5991.290000
5964.420000
5944.300000
5997.890000
6049.650000
6053.000000
6054.760000
6088.020000
6080.450000
6113.530000
6152.740000
6162.940000
6105.920000
6128.040000
6148.410000
6171.290000
6185.640000
6227.070000
6234.030000
6264.850000
6231.130000
6206.080000
6237.490000
6262.360000
6201.070000
6220.310000
6244.720000
6326.240000
6318.160000
6333.200000
6311.990000
6344.960000
6365.540000
6401.190000
6415.530000
6398.860000
6368.100000
6446.220000
6454.130000
6461.540000
6367.420000
6267.940000
6248.010000
6284.050000
6302.230000
6195.790000
6230.590000
6287.290000
6341.500000
6356.620000
6351.920000
6429.590000
6453.850000
6463.240000
6519.520000
6556.620000
6574.330000
6524.450000
6558.140000
6549.420000
6493.880000
6520.210000
6600.910000
6584.130000
6593.920000
6654.870000
6635.010000
6588.640000
6579.680000
6588.250000
6530.640000
6571.950000
6659.580000
6715.630000
6705.600000
6673.290000
6661.210000
6651.720000
6676.210000
6628.110000
6681.700000
6692.050000
6647.750000
6683.560000
6710.910000
6758.830000
6787.320000
6850.590000
6864.450000
6862.150000
6876.880000
6849.540000
6872.640000
6844.030000
6862.530000
6902.280000
6949.460000
6940.890000
6972.540000
6936.200000
6922.510000
6957.390000
6964.490000
6992.790000
6612.310000
6636.430000
6544.450000
6553.940000
6437.050000
6514.690000
6584.780000
6633.880000
6665.940000
6674.800000
6558.120000
6431.340000
6506.230000
6528.720000
6582.590000
6632.100000
6688.510000
6793.940000
6828.560000
6800.250000
6842.910000
6788.330000
6836.430000
6885.650000
6892.090000
6977.870000
7038.720000
7054.680000
7109.800000
7138.480000
7087.230000
7151.900000
7232.380000
7291.600000
7243.380000
7137.130000
7252.000000
7302.250000
7218.860000
7290.550000
7345.570000
7308.810000
7354.040000
7422.750000
7404.810000
7394.730000
7508.120000
7413.320000
7421.470000
7361.390000
7297.320000
7440.750000
7418.190000
7457.300000
7476.300000
7490.830000
7599.480000
7608.540000
7660.060000
7659.050000
7639.260000
7740.700000
7735.780000
7676.420000
7798.970000
7876.680000
7936.280000
7864.870000
7692.330000
7555.810000
7499.180000
7630.860000
7629.730000
7595.710000
7752.510000
7861.540000
8014.020000
7992.390000
8020.160000
7904.850000
7881.470000
7829.470000
7817.690000
7750.920000
7867.590000
7886.670000
7916.290000
7983.630000
8048.850000
7964.950000
7946.910000
8044.930000
7898.430000
7799.870000
7881.550000
8065.630000
8075.170000
7995.450000
7865.440000
7939.680000
7842.250000
7836.810000
7734.740000
7654.380000
7401.480000
7372.930000
7386.540000
7517.930000
7394.190000
7503.320000
7382.860000
7322.060000
7459.560000
7532.250000
7400.460000
7240.240000
7390.680000
7383.740000
7336.440000
7157.090000
7042.000000
7376.630000
7344.910000
7434.800000
7474.830000
7460.290000
7472.540000
7372.880000
7353.970000
7416.640000
7537.210000
7631.040000
7595.690000
7568.680000
7510.970000
7407.650000
7361.440000
7416.860000
7420.280000
7430.660000
7438.490000
7433.210000
7450.970000
7697.890000
7696.650000
7712.730000
7757.990000
7717.430000
7785.270000
7830.650000
7789.970000
7823.050000
7924.590000
7928.480000
7912.100000
7943.950000
7958.130000
7876.000000
7953.460000
7981.810000
7974.840000
7952.030000
7927.840000
7941.530000
7906.870000
7821.680000
7751.430000
7771.810000
7795.260000
7856.390000
7914.700000
7983.810000
7966.210000
7963.390000
7848.310000
7792.510000
7779.160000
7813.910000
7740.060000
7716.800000
7792.390000
7754.460000
7751.980000
7764.650000
7600.820000
7564.210000
7485.890000
7505.700000
7474.740000
7488.110000
7549.720000
7501.900000
7444.500000
7536.810000
7729.470000
7760.350000
7825.670000
7785.640000
7814.960000
7911.890000
7957.930000
7955.040000
7932.990000
7928.480000
7920.200000
7873.490000
7770.560000
7782.760000
7777.930000
7826.060000
7880.380000
7986.980000
7991.760000
7906.780000
7858.600000
7762.320000
7779.800000
7790.680000
7740.410000
7696.890000
7670.340000
7681.380000
7550.630000
7450.640000
7340.400000
7272.820000
6750.170000
6409.910000
6343.610000
6668.410000
6724.940000
6680.200000
6824.380000
6822.260000
6691.650000
6912.260000
6971.770000
6718.470000
6691.650000
6655.610000
6706.020000
6679.200000
6745.900000
6869.790000
6925.980000
6798.360000
6844.110000
6891.670000
6852.340000
6880.520000
6762.170000
6822.600000
6890.570000
6881.160000
6846.610000
6697.600000
6608.840000
6514.920000
6578.930000
6569.400000
6449.400000
6413.130000
6431.970000
6567.320000
6397.130000
6378.730000
6167.660000
6264.660000
6307.990000
6270.850000
6479.800000
6467.860000
6455.210000
6533.370000
6427.640000
6495.890000
6726.610000
6695.840000
6689.640000
6795.070000
6724.320000
6698.330000
6589.940000
6568.840000
6515.530000
6523.740000
6600.970000
6663.230000
6686.250000
6748.220000
6694.900000
6656.970000
6721.230000
6827.730000
6899.940000
6854.230000
6845.780000
6935.110000
7003.870000
6992.540000
6968.630000
7029.670000
7008.860000
6956.310000
7005.380000
7002.630000
7001.620000
7037.090000
7093.920000
7164.210000
7108.170000
7012.160000
6951.550000
6934.770000
6916.800000
6905.900000
6954.250000
7004.880000
7048.960000
6972.710000
6960.540000
6891.320000
6904.850000
6796.370000
6763.000000
6715.560000
6637.890000
6647.550000
6649.850000
6672.260000
6751.890000
6705.600000
6662.480000
6546.940000
6572.050000
6444.840000
6546.500000
6432.720000
6127.100000
6308.520000
6242.090000
6292.360000
6200.440000
6255.340000
6286.990000
6226.880000
6343.250000
6254.170000
6138.170000
6157.010000
6006.940000
5998.850000
6209.290000
6235.240000
6343.340000
6322.240000
6488.970000
6415.320000
6331.380000
6317.620000
6265.840000
6421.290000
6428.930000
6378.690000
6316.170000
6343.170000
6496.400000
6502.320000
6442.360000
6526.590000
6545.440000
6413.930000
6369.790000
6394.830000
6374.580000
6266.070000
6261.980000
6219.270000
6229.460000
6265.300000
6237.890000
6251.970000
6265.560000
6401.280000
6341.170000
6379.640000
6439.970000
6250.420000
6095.210000
6240.160000
6178.820000
6160.810000
6086.440000
6159.170000
5942.070000
5858.830000
5792.320000
5803.650000
6066.330000
6084.630000
6020.130000
6010.270000
6044.350000
6001.110000
5717.530000
5658.440000
5746.790000
5631.070000
5616.680000
5293.460000
5196.500000
4867.890000
4788.640000
4306.330000
4710.800000
5094.540000
4738.550000
4521.470000
4578.160000
4753.020000
4710.060000
4462.220000
4364.310000
4014.770000
3958.200000
4390.870000
4541.570000
4827.950000
4785.100000
4925.920000
4993.400000
5042.510000
4716.850000
4750.770000
4919.660000
4742.070000
4555.540000
4523.770000
4688.600000
4512.150000
4445.560000
4321.020000
4117.230000
4033.760000
4159.950000
4455.440000
4423.580000
4598.840000
4567.100000
4354.190000
4304.110000
4377.650000
4484.360000
4321.550000
4589.760000
4622.370000
4743.060000
4710.050000
4521.650000
4627.740000
4644.170000
4639.350000
4711.800000
4646.610000
4577.240000
4622.290000
4651.040000
4728.960000
4840.720000
4949.770000
4958.730000
4907.130000
4820.140000
4744.160000
4688.910000
4596.420000
4379.800000
4295.570000
4332.560000
4249.970000
4214.050000
4140.210000
4196.740000
4067.160000
4127.190000
4265.290000
4340.760000
4391.430000
4312.070000
4198.370000
4224.630000
4372.190000
4384.330000
4492.620000
4597.050000
4455.830000
4460.920000
4370.730000
4375.550000
4353.790000
4196.030000
4123.590000
4176.600000
3984.320000
3882.200000
3817.060000
3791.230000
3849.990000
3764.810000
3677.770000
3668.050000
3726.030000
3673.880000
3632.330000
3589.080000
3679.320000
3828.180000
3802.310000
3937.050000
3983.310000
3947.100000
3948.090000
4002.450000
3992.450000
4102.830000
4151.200000
4136.210000
4212.970000
4155.710000
3987.540000
4006.940000
3997.210000
4212.130000
4335.180000
4303.520000
4276.650000
4228.840000
4372.310000
4461.410000
4488.470000
4532.080000
4590.930000
4470.040000
4389.760000
4450.960000
4494.300000
4541.040000
4568.120000
4548.020000
4619.870000
4683.290000
4805.910000
4843.690000
4827.820000
4748.470000
4844.520000
4831.970000
4821.580000
4683.970000
4653.320000
4685.300000
4654.200000
4886.570000
4949.400000
4875.100000
4868.130000
4829.740000
4802.590000
4952.670000
4884.820000
4927.660000
5020.940000
5095.930000
5032.710000
5044.210000
5048.110000
4970.410000
4981.790000
5017.940000
5036.200000
5044.330000
4886.400000
4870.200000
4761.200000
4768.940000
4816.120000
4693.340000
4669.800000
4698.200000
4720.240000
4753.930000
4762.610000
4790.170000
4818.910000
4718.490000
4685.270000
4611.210000
4590.690000
4558.000000
4596.320000
4570.050000
4524.010000
4705.910000
4798.690000
4904.240000
4960.650000
5007.950000
5027.340000
5050.400000
5101.310000
5202.020000
5216.490000
5174.090000
5159.250000
5251.500000
5303.690000
5309.350000
5360.440000
5333.520000
5340.360000
5312.800000
5390.730000
5272.360000
5252.150000
5357.770000
5289.780000
5173.840000
5200.470000
5158.600000
5265.510000
5286.230000
5481.360000
5472.670000
5500.300000
5432.060000
5502.460000
5437.920000
5327.290000
5263.110000
5278.500000
5320.280000
5400.760000
5455.380000
5450.400000
5547.370000
5601.650000
5532.300000
5584.530000
5640.990000
5703.220000
5701.040000
5617.800000
5686.840000
5672.100000
5586.230000
5559.470000
5554.530000
5690.190000
5619.480000
5554.250000
5442.320000
5440.230000
5518.690000
5626.380000
5666.790000
5673.690000
5727.310000
5695.160000
5756.690000
5805.900000
5731.050000
5761.300000
5801.440000
5736.900000
5712.820000
5731.690000
5624.100000
5597.630000
5493.590000
5461.550000
5394.800000
5376.630000
5312.640000
5364.920000
5356.130000
5410.540000
5514.340000
5602.550000
5633.090000
5632.770000
5615.680000
5717.460000
5760.550000
5770.680000
5688.640000
5638.330000
5689.380000
5745.570000
5753.860000
5597.010000
5519.480000
5607.840000
5653.080000
5752.260000
5754.980000
5724.270000
5743.170000
5659.400000
5605.480000
5636.960000
5714.430000
5778.830000
5752.210000
5812.200000
5833.900000
5829.640000
5841.690000
5929.670000
5935.140000
5977.990000
6001.220000
5949.450000
5974.430000
6015.670000
5997.090000
5961.250000
5972.240000
6031.140000
5924.720000
5925.240000
5951.690000
5866.840000
5877.660000
5849.670000
5832.090000
5742.450000
5639.490000
5624.580000
5574.460000
5589.010000
5540.330000
5556.190000
5567.720000
5624.610000
5656.900000
5522.570000
5433.020000
5434.400000
5461.510000
5505.370000
5454.070000
5460.050000
5502.490000
5498.070000
5634.980000
5626.080000
5626.570000
5683.610000
5584.470000
5572.300000
5518.270000
5530.210000
5641.180000
5709.740000
5750.350000
5767.660000
5808.360000
5865.440000
5838.170000
5874.750000
5906.840000
5934.160000
5898.220000
5930.340000
5991.210000
5995.700000
5956.650000
5910.850000
5981.350000
5964.760000
6038.050000
6105.670000
6128.210000
6135.510000
6108.230000
6186.590000
6214.240000
6208.520000
6138.020000
6216.600000
6223.780000
6199.710000
6249.920000
6249.740000
6162.840000
6140.380000
6172.570000
6229.180000
6141.080000
6170.390000
6299.580000
6159.510000
6024.010000
6073.370000
6085.620000
6089.960000
5995.430000
5929.350000
5884.390000
5655.180000
5805.980000
5918.140000
6006.310000
6196.890000
6014.780000
6026.320000
6113.870000
5972.170000
5780.730000
5689.180000
5733.570000
5607.680000
5721.020000
5802.360000
5927.320000
5931.200000
5833.610000
5869.350000
6046.380000
5912.900000
5851.930000
5798.770000
5832.970000
5925.100000
5983.270000
6093.380000
6089.320000
6143.180000
6164.990000
6189.710000
6263.410000
6216.390000
6178.900000
6097.010000
6039.560000
6059.890000
5935.350000
5938.210000
5827.250000
5833.120000
5809.370000
5842.070000
5848.690000
6006.680000
6039.360000
6061.840000
6076.140000
6161.130000
6127.360000
6018.640000
5993.550000
5906.040000
5976.920000
5961.860000
6112.500000
6131.910000
6189.960000
6147.600000
6124.450000
6059.190000
6182.680000
6265.610000
6264.280000
6321.380000
6244.740000
6318.120000
6247.620000
6143.580000
6097.720000
6068.820000
6062.290000
6123.790000
6155.560000
6070.830000
5999.630000
5995.370000
5869.300000
5837.900000
5896.520000
5845.490000
5889.840000
5833.510000
5876.430000
6052.550000
6088.260000
6140.980000
6083.200000
6062.650000
6133.990000
6182.560000
6231.580000
6231.420000
6227.200000
6233.970000
6185.740000
6219.850000
6275.980000
6192.430000
6129.440000
6146.420000
6272.210000
6197.960000
6223.140000
6204.690000
6187.230000
6128.540000
6115.870000
6242.530000
6233.140000
6239.430000
6289.390000
6228.390000
6335.220000
6445.320000
6438.780000
6462.630000
6472.180000
6461.520000
6504.660000
6586.430000
6625.830000
6580.280000
6553.250000
6576.040000
6569.250000
6586.010000
6597.460000
6604.800000
6676.420000
6712.530000
6728.350000
6736.630000
6684.220000
6700.470000
6617.970000
6679.690000
6663.210000
6653.570000
6754.420000
6794.490000
6805.970000
6705.040000
6701.980000
6823.190000
6778.640000
6697.970000
6655.940000
6736.690000
6840.650000
6914.500000
6926.570000
6962.100000
6956.670000
6947.900000
6973.320000
7017.650000
7011.140000
6964.130000
6991.690000
6980.180000
6992.670000
7043.020000
7067.710000
7042.580000
6943.050000
6957.650000
6981.790000
6897.220000
6969.890000
6952.020000
6842.900000
6949.100000
6939.940000
6835.740000
6860.520000
6958.500000
7036.090000
7015.350000
7055.830000
7099.120000
7077.230000
7008.620000
7023.690000
7000.410000
7043.640000
7087.250000
7114.350000
7102.800000
7033.090000
7105.310000
7160.360000
7144.080000
7186.310000
7214.060000
7272.800000
7310.440000
7269.530000
7283.870000
7378.410000
7376.260000
7399.820000
7364.040000
7379.940000
7310.690000
7259.670000
7183.300000
7093.910000
7130.150000
7148.940000
7193.850000
7122.690000
7191.140000
7157.120000
7127.310000
7072.470000
7109.270000
7022.020000
6963.310000
6847.940000
6483.390000
6501.850000
6517.180000
6655.690000
6781.300000
6765.060000
6720.020000
6787.040000
6920.570000
6915.580000
6867.420000
7002.770000
7041.310000
7086.560000
7168.240000
7129.410000
7157.680000
7175.350000
7195.450000
7157.330000
7089.190000
7122.510000
7099.660000
7144.960000
6994.580000
7027.040000
7136.740000
7280.100000
7278.520000
7361.280000
7426.620000
7461.530000
7527.640000
7446.830000
7355.430000
7291.390000
7362.570000
7379.970000
7423.360000
7469.630000
7356.780000
7391.170000
7285.010000
7253.890000
7261.290000
7316.760000
7228.130000
7105.200000
7128.040000
7071.420000
7087.360000
7115.480000
7146.980000
7238.810000
7193.900000
7074.120000
7021.360000
7062.730000
7086.920000
6991.620000
7035.860000
7050.840000
7040.420000
7161.210000
7093.230000
7017.980000
7037.240000
7063.860000
7176.740000
7262.370000
7118.520000
7099.220000
7079.110000
7075.240000
7230.950000
7285.440000
7357.060000
7416.730000
7424.740000
7396.740000
7442.980000
7389.800000
7188.960000
6996.260000
7163.100000
7197.490000
7139.680000
7089.090000
7139.760000
7166.370000
7142.430000
7266.790000
7258.520000
7302.510000
7216.580000
7110.130000
7063.820000
6953.980000
6772.430000
6543.600000
6391.540000
6152.620000
5911.090000
5502.630000
5549.020000
5487.820000
5678.620000
6008.010000
5849.520000
5870.170000
5535.610000
5345.360000
5408.710000
5452.150000
5514.180000
5451.520000
5403.580000
5587.810000
5572.690000
5648.970000
5639.030000
5493.310000
5208.370000
5150.050000
5276.880000
5313.780000
5174.240000
4965.800000
4969.840000
5105.820000
5374.570000
5524.220000
5362.010000
5369.070000
5417.850000
5135.850000
4973.920000
5118.190000
5483.230000
5520.590000
5533.340000
5438.550000
5289.040000
5125.440000
5266.150000
5465.550000
5606.370000
5652.990000
5773.910000
5798.160000
5878.290000
5885.390000
5820.020000
5747.670000
5874.850000
5752.830000
5769.190000
5937.580000
5964.280000
5951.820000
6196.600000
6305.500000
6141.340000
5762.260000
5810.790000
5832.030000
5928.920000
5835.090000
5934.230000
5767.260000
5721.970000
5855.150000
5934.090000
5815.860000
5852.040000
5778.100000
5769.690000
5598.050000
5537.390000
5457.810000
5399.850000
5366.500000
5573.000000
5690.570000
5725.980000
6017.440000
6055.480000
6086.420000
6005.830000
5919.560000
5868.630000
5802.360000
5785.430000
5734.120000
5675.140000
5682.160000
5693.410000
5644.190000
5637.530000
5771.640000
5820.490000
5844.690000
5877.980000
5771.270000
5775.790000
5817.710000
5900.180000
6108.620000
6088.060000
6040.970000
6012.640000
5987.750000
6069.360000
6106.030000
6148.850000
6063.660000
6104.110000
6270.970000
6280.520000
6333.700000
6371.690000
6349.690000
6339.000000
6366.650000
6430.410000
6484.350000
6414.330000
6450.100000
6482.560000
6606.390000
6635.630000
6714.820000
6682.890000
6735.670000
6746.100000
6649.560000
6709.630000
6698.320000
6736.560000
6651.720000
6794.890000
6878.530000
6873.540000
6821.800000
6733.590000
6826.340000
6743.650000
6809.220000
6843.330000
6817.730000
6904.100000
6815.480000
6633.110000
6612.610000
6703.890000
6830.630000
6846.900000
6941.960000
7028.150000
7072.270000
7142.780000
7095.130000
7032.070000
7012.040000
6938.200000
6908.970000
6969.970000
7075.160000
6998.830000
6842.000000
6898.910000
6911.630000
6981.210000
6772.950000
6685.800000
6606.430000
6603.070000
6651.810000
6552.320000
6548.450000
6616.950000
6718.100000
6665.310000
6651.800000
6499.090000
6508.100000
6622.900000
6642.050000
6652.510000
6759.900000
6664.600000
6648.500000
6546.000000
6410.030000
6415.030000
6375.820000
6440.230000
6454.210000
6404.280000
6353.260000
6297.380000
6291.100000
6229.300000
6244.020000
6351.020000
6258.850000
6244.480000
6279.550000
6311.340000
6334.750000
6258.890000
6208.090000
6008.470000
5942.410000
5914.430000
5996.410000
6099.080000
6053.950000
6130.280000
6083.820000
6093.610000
6078.220000
6158.780000
6221.870000
6233.250000
6334.030000
6331.800000
6256.340000
6118.720000
6109.930000
6131.300000
6096.940000
6261.770000
6390.550000
6505.390000
6525.510000
6475.920000
6407.840000
6375.710000
6349.620000
6399.400000
6366.770000
6436.150000
6511.180000
6542.890000
6578.860000
6698.870000
6620.720000
6371.150000
6378.000000
6375.150000
6324.530000
6513.970000
6703.260000
6756.190000
6735.890000
6596.210000
6621.380000
6845.880000
6902.860000
6907.290000
6891.490000
6891.900000
6882.030000
6939.530000
6910.390000
6929.430000
7000.850000
7008.970000
7041.730000
7005.260000
6923.070000
6886.000000
6946.080000
6976.010000
6945.710000
6871.030000
6889.790000
6944.250000
6920.020000
6892.860000
6977.860000
7182.600000
7203.650000
7186.630000
7307.480000
7280.230000
7388.790000
7382.470000
7304.250000
7326.240000
7313.140000
7391.060000
7388.200000
7369.390000
7255.770000
7268.690000
7216.020000
7225.290000
7266.110000
7272.060000
7283.480000
7312.790000
7286.240000
7221.500000
7201.090000
7182.310000
7232.420000
7237.400000
7293.950000
7367.630000
7389.010000
7363.500000
7313.240000
7153.800000
7120.680000
7181.510000
7147.570000
7171.970000
7239.100000
7260.630000
7255.110000
7314.740000
7304.450000
7319.730000
7226.600000
7184.250000
7064.340000
7138.170000
7074.870000
7084.630000
7021.620000
6954.430000
7007.220000
7092.230000
7139.990000
7205.200000
7219.550000
7273.590000
7307.370000
7265.440000
7377.090000
7398.280000
7419.310000
7417.300000
7428.760000
7461.190000
7487.670000
7457.400000
7518.790000
7590.180000
7561.960000
7571.160000
7564.070000
7626.250000
7655.710000
7635.390000
7596.700000
7640.300000
7602.890000
7689.460000
7738.050000
7727.610000
7713.490000
7683.530000
7688.550000
7685.080000
7683.920000
7702.360000
7635.880000
7643.140000
7662.430000
7704.340000
7719.020000
7634.260000
7684.840000
7661.960000
7743.200000
7831.720000
7800.120000
7775.030000
7765.200000
7784.970000
7644.240000
7622.300000
7537.290000
7565.320000
7577.340000
7597.610000
7593.660000
7650.290000
7607.480000
7588.610000
7568.160000
7611.670000
7709.480000
7561.840000
7607.300000
7726.400000
7589.320000
7565.790000
7691.810000
7627.990000
7637.320000
7772.330000
7898.040000
7911.560000
7962.280000
7954.580000
7933.940000
7942.370000
8011.220000
7996.950000
7901.940000
7919.510000
7972.210000
7887.670000
7876.360000
7847.970000
7859.270000
7750.380000
7778.020000
7805.920000
7869.810000
7803.890000
7632.420000
7645.560000
7608.040000
7660.200000
7786.750000
7726.130000
7651.580000
7639.430000
7473.070000
7436.780000
7418.360000
7437.520000
7442.360000
7656.220000
7742.020000
7767.610000
7823.240000
7893.130000
7896.990000
7957.360000
8103.270000
8116.670000
8173.350000
8224.520000
8252.370000
8217.150000
8236.050000
8299.830000
8324.230000
8327.470000
8401.750000
8397.540000
8434.840000
8281.110000
8262.640000
8338.320000
8424.400000
8316.700000
8293.960000
8297.030000
8214.830000
8274.940000
8182.080000
8098.810000
8034.550000
8245.940000
8141.020000
8122.720000
7968.130000
8111.380000
8167.670000
8176.190000
8160.500000
7911.960000
7789.240000
7655.830000
7725.990000
7800.910000
7919.590000
7906.140000
7890.280000
7873.970000
7730.370000
7863.800000
7805.360000
7848.170000
8005.730000
7990.650000
8130.490000
8178.280000
8211.420000
8178.190000
8137.530000
8215.660000
8284.360000
8310.290000
8306.600000
8318.480000
8265.140000
8217.260000
8245.600000
8256.470000
8213.360000
8316.890000
8376.280000
8367.410000
8267.980000
8228.110000
8252.460000
8286.410000
8238.860000
8383.230000
8400.830000
8307.980000
8330.330000
8329.000000
8246.190000
8268.420000
8283.770000
8360.230000
8386.050000
8242.560000
8094.220000
8129.990000
8101.950000
8211.030000
8142.860000
8095.910000
8165.430000
8174.320000
8246.780000
8350.420000
8446.690000
8466.610000
8456.840000
8578.030000
8585.040000
8594.650000
8665.750000
8666.490000
8605.590000
8633.210000
8609.950000
8628.650000
8611.450000
8546.720000
8612.230000
8581.020000
8590.460000
8570.210000
8510.420000
8551.690000
8489.620000
8547.720000
8695.780000
8676.030000
8757.130000
8781.000000
8765.470000
8804.830000
8827.230000
8849.160000
8897.500000
8950.810000
8944.140000
8950.210000
8965.750000
8996.250000
8976.430000
8992.900000
9019.310000
8962.420000
9021.910000
9026.090000
8986.490000
9064.610000
9073.930000
8981.090000
9101.290000
9133.510000
9140.510000
9179.250000
9162.840000
9117.090000
9168.920000
9252.730000
9287.350000
9295.560000
9358.770000
9376.580000
9384.120000
9223.130000
9069.820000
9078.000000
9084.120000
9171.360000
9091.970000
9065.510000
8984.310000
8990.580000
8997.750000
9085.120000
9122.060000
9257.240000
9352.980000
9427.540000
9548.970000
9552.160000
9394.240000
9367.990000
9399.810000
9416.950000
9467.950000
9402.800000
9441.250000
9457.310000
9381.940000
9582.100000
9702.970000
9709.140000
9672.320000
9714.020000
9677.140000
9596.510000
9374.080000
9310.990000
9345.760000
9221.300000
9266.950000
9166.120000
9173.560000
9071.250000
9080.870000
9128.970000
9223.210000
9280.190000
9338.010000
9501.960000
9479.950000
9593.370000
9645.510000
9614.450000
9596.420000
9504.200000
9598.030000
9602.950000
9628.720000
9612.520000
9497.780000
9566.040000
9358.730000
9421.210000
9534.430000
9505.320000
9346.820000
9216.070000
9259.230000
9142.540000
9017.350000
8913.270000
9047.490000
9105.690000
9221.590000
9156.630000
9288.150000
9181.370000
9223.920000
9360.300000
9397.980000
9484.900000
9543.090000
9574.630000
9608.460000
9591.890000
9627.740000
9496.670000
9391.920000
9480.960000
9440.990000
9259.430000
9214.180000
9166.530000
9221.480000
9277.360000
9439.660000
9539.620000
9410.420000
9367.420000
9407.650000
9480.570000
9561.080000
9533.300000
9407.090000
9440.470000
9410.080000
9487.570000
9558.110000
9587.140000
9732.340000
9733.210000
9631.570000
9577.930000
9534.560000
9613.910000
9583.560000
9689.130000
9704.770000
9821.700000
9879.640000
9898.320000
9917.970000
9924.630000
9907.770000
9887.010000
9867.020000
9896.090000
9941.740000
9985.930000
9987.690000
9921.260000
9917.610000
9829.090000
9872.770000
9861.290000
9922.130000
9993.030000
9987.240000
9885.960000
9899.470000
9836.460000
9749.750000
9791.130000
9800.080000
9835.770000
9890.110000
9907.010000
10007.400000
9905.600000
9772.160000
9752.790000
9617.590000
9623.360000
9693.890000
9711.880000
9747.570000
9743.620000
9655.510000
9597.620000
9647.750000
9723.980000
9674.790000
9620.580000
9527.590000
9573.480000
9572.900000
9395.350000
9185.410000
9130.340000
9152.380000
9030.770000
9025.860000
8903.490000
9089.310000
9050.000000
9118.150000
9149.470000
9067.580000
9195.140000
9276.190000
9247.840000
9278.860000
9291.970000
9424.190000
9446.420000
9546.550000
9417.160000
9369.400000
9424.780000
9485.240000
9528.720000
9539.920000
9691.440000
9721.710000
9695.440000
9635.500000
9630.670000
9617.700000
9600.180000
9588.650000
9650.000000
9686.430000
9799.240000
9735.780000
9589.030000
9534.770000
9482.540000
9454.880000
9369.620000
9404.890000
9357.550000
9195.680000
9195.680000
9185.860000
9080.360000
8960.430000
8975.060000
8788.210000
8699.600000
8701.440000
8555.730000
8354.970000
8588.440000
8682.590000
8644.710000
8861.440000
8820.920000
8955.610000
8837.660000
8968.590000
9072.640000
8899.940000
9217.000000
9236.180000
9148.780000
9226.350000
9268.630000
9239.110000
9222.570000
9324.770000
9189.630000
9170.280000
9184.460000
9161.600000
9323.610000
9439.240000
9382.230000
9508.210000
9711.770000
9787.260000
9868.350000
9920.860000
9902.410000
9906.420000
9910.230000
9930.610000
9835.450000
9929.470000
10014.990000
9786.380000
9775.440000
9763.410000
9586.220000
9330.990000
9219.050000
9429.400000
9671.180000
9688.660000
9826.550000
9848.060000
9775.450000
9805.550000
9687.260000
9468.580000
9382.820000
9459.180000
9607.980000
9601.750000
9622.320000
9755.020000
9768.100000
9637.330000
9940.720000
10191.980000
10211.390000
10149.770000
10228.530000
10502.850000
10589.070000
10592.460000
10552.760000
10607.820000
10642.590000
10677.390000
10860.030000
10803.100000
10822.750000
10802.890000
10614.120000
10594.320000
10696.780000
10746.910000
10948.490000
10909.540000
10765.020000
10909.600000
10874.970000
10946.900000
11069.830000
11090.730000
11174.780000
11187.060000
11301.340000
11362.880000
11280.360000
11193.300000
11409.050000
11495.200000
11461.860000
11402.670000
11531.550000
11754.900000
11744.930000
11955.330000
11930.540000
11814.560000
11787.300000
11926.860000
11858.100000
11797.670000
11858.280000
11619.720000
11799.110000
11922.710000
11943.120000
11880.190000
11948.830000
12035.700000
12017.800000
12047.910000
12214.510000
12326.710000
12181.200000
12214.810000
11997.750000
11674.590000
11727.060000
11913.360000
11787.220000
11675.580000
11711.100000
11729.040000
11743.780000
11410.540000
11331.370000
11411.770000
11322.620000
11239.860000
11167.550000
11415.290000
11622.020000
11377.350000
11301.630000
11218.540000
11383.230000
11378.860000
11706.860000
11780.020000
11758.900000
11792.360000
11586.370000
11595.120000
11605.990000
11403.820000
11345.100000
11270.570000
11300.450000
11187.430000
11155.010000
11059.160000
10864.680000
10939.510000
11236.590000
11069.360000
10952.740000
10797.850000
10947.370000
10806.240000
10997.900000
11138.550000
11517.120000
11364.450000
11352.400000
11373.440000
10964.240000
10897.970000
10979.210000
11078.590000
11005.760000
10823.550000
10663.990000
10652.790000
10784.470000
11149.270000
11421.820000
11414.400000
11475.960000
11607.140000
11649.940000
11678.130000
11583.990000
11486.310000
11453.620000
11334.870000
11052.860000
11068.310000
11123.250000
11140.650000
11173.170000
11248.270000
11380.810000
11497.920000
11575.050000
11484.850000
11431.760000
11278.710000
10892.880000
10980.860000
10911.190000
10818.710000
10883.110000
10681.390000
10400.990000
10124.520000
9338.200000
9748.920000
9853.120000
10222.040000
10186.070000
10132.220000
9928.650000
9962.250000
10145.830000
9996.250000
10055.150000
10198.450000
10301.220000
10157.370000
10079.030000
10084.870000
10070.160000
10173.970000
10208.510000
9861.510000
9785.160000
9558.960000
9492.860000
9362.280000
9585.330000
9479.400000
9325.050000
9596.960000
9471.360000
9396.360000
9647.170000
9730.410000
9932.420000
9911.050000
10049.390000
10057.640000
9939.960000
9890.460000
9957.390000
10058.600000
10084.610000
10080.190000
10107.920000
10194.740000
10586.960000
10756.830000
10692.190000
10691.630000
10741.140000
10748.700000
10744.370000
10884.000000
10825.550000
10784.280000
10843.480000
10807.170000
10728.990000
10843.680000
10735.250000
10607.480000
10608.830000
10782.910000
10877.600000
11045.530000
11049.350000
11049.990000
10869.200000
10921.760000
11176.560000
11247.140000
11253.370000
11235.970000
11188.090000
10780.630000
10632.770000
10806.520000
10616.240000
10554.540000
10500.030000
10294.250000
10122.950000
10237.480000
10423.780000
10656.390000
10543.050000
10497.770000
10400.690000
10595.270000
10627.460000
10731.630000
10743.010000
10248.580000
10173.520000
10094.270000
9810.470000
9849.340000
9813.020000
9832.820000
9929.070000
9614.770000
9459.090000
9457.950000
9626.680000
9314.570000
9348.740000
9704.900000
9681.700000
9563.640000
9728.660000
9594.800000
9656.360000
9638.580000
9537.020000
9350.980000
9270.090000
9250.840000
8937.980000
8772.880000
8875.450000
8699.290000
8815.770000
9134.760000
9079.190000
9156.140000
9350.030000
9319.100000
9477.690000
9405.220000
9125.280000
9199.090000
9436.380000
9332.420000
9471.090000
9695.980000
9709.710000
9742.760000
9690.000000
9617.740000
9679.190000
9498.150000
9642.790000
9936.060000
9890.120000
9917.920000
9753.040000
9822.520000
9863.830000
9762.570000
9964.630000
9845.370000
9808.480000
9947.260000
9947.020000
9675.540000
9732.820000
9553.170000
9505.900000
9484.750000
9572.570000
9524.660000
9617.830000
9893.420000
10016.170000
10020.340000
9920.900000
10150.770000
10304.140000
10341.970000
10324.880000
10233.430000
10213.550000
10220.570000
10125.520000
10038.970000
10066.340000
9918.430000
9812.730000
9805.550000
9737.000000
9878.710000
9994.580000
9950.110000
9838.120000
9767.940000
9846.910000
9811.860000
9773.720000
9852.730000
9811.740000
9773.800000
10130.680000
10207.160000
10241.980000
10286.340000
10243.220000
10160.250000
10156.860000
10040.870000
10092.860000
10183.190000
10177.440000
10050.030000
9819.120000
9657.440000
9507.510000
9567.150000
9432.870000
9578.150000
9850.590000
9930.100000
10043.680000
10104.920000
9226.150000
9214.100000
9419.410000
9506.290000
9513.530000
9657.630000
9701.160000
9506.880000
9304.010000
9399.690000
9389.050000
9690.180000
9841.110000
9919.410000
9984.550000
9987.050000
10011.840000
9923.640000
9991.650000
10090.120000
10073.280000
10125.220000
10150.030000
10298.400000
10264.410000
10287.320000
10277.390000
10128.980000
10092.630000
10182.400000
10216.640000
10403.470000
10433.790000
10635.110000
10635.420000
10685.520000
10712.130000
10634.680000
10516.050000
10548.970000
10490.960000
10443.480000
10516.270000
10515.160000
10470.730000
10484.030000
10441.810000
10588.480000
10591.440000
10492.290000
10516.810000
10671.550000
10657.430000
10659.730000
10570.060000
10539.310000
10299.380000
10382.850000
10369.770000
10337.230000
10262.190000
10326.750000
10371.620000
10427.260000
10517.800000
10610.950000
10385.630000
10265.690000
10417.150000
10370.230000
10189.940000
10492.250000
10486.630000
10537.700000
10465.350000
10454.980000
10568.720000
10503.200000
10349.060000
10449.470000
10491.280000
10543.690000
10587.710000
10592.890000
10672.350000
10743.870000
10738.360000
10632.290000
10656.180000
10583.570000
10634.340000
10506.390000
10368.200000
10325.880000
10212.530000
10381.140000
10414.830000
10174.920000
10575.960000
10584.310000
10677.090000
10666.170000
10610.270000
10604.320000
10649.120000
10595.140000
10707.870000
10602.210000
10653.620000
10649.370000
10554.940000
10539.230000
10606.040000
10502.540000
10402.590000
10493.620000
10668.670000
10873.810000
10990.600000
11145.980000
11141.860000
11191.640000
11235.240000
11267.030000
11357.150000
11380.120000
11406.950000
11440.290000
11428.770000
11409.430000
11451.550000
11459.400000
11404.820000
11405.770000
11414.820000
11561.230000
11531.430000
11537.400000
11547.050000
11522.350000
11544.990000
11524.990000
11491.870000
11554.450000
11535.960000
11425.140000
11529.760000
11578.910000
11547.040000
11508.830000
11538.050000
11669.300000
11819.760000
11798.260000
11659.350000
11535.310000
11622.600000
11603.650000
11627.980000
11509.580000
11483.830000
11479.780000
11548.180000
11645.130000
11684.910000
11752.680000
11725.380000
11728.380000
11693.700000
11804.720000
11798.480000
11966.020000
11925.880000
11722.350000
11792.510000
11780.830000
11913.840000
12041.900000
11995.400000
11921.570000
11935.330000
11922.310000
11917.780000
11936.810000
11949.030000
11930.380000
11977.320000
12046.070000
12018.270000
12033.240000
11938.420000
11850.270000
11896.680000
12010.330000
11916.070000
12045.170000
12180.830000
12200.340000
12230.170000
12256.940000
12225.380000
12212.170000
12119.040000
12144.980000
12178.100000
12049.930000
12123.120000
12089.940000
11996.740000
12001.860000
11941.570000
12009.120000
12289.370000
12439.110000
12442.370000
12426.990000
12414.100000
12433.510000
12477.870000
12539.710000
12591.750000
12659.700000
12703.960000
12715.670000
12662.490000
12714.380000
12729.490000
12776.020000
12587.450000
12489.950000
12596.720000
12571.060000
12593.330000
12617.760000
12543.770000
12529.510000
12578.580000
12567.220000
12582.800000
12621.530000
12734.780000
12679.580000
12640.520000
12684.710000
12711.530000
12666.390000
12727.830000
12788.700000
12620.900000
12707.590000
12833.010000
12814.760000
12708.990000
12717.290000
12677.400000
12752.750000
12644.950000
12536.860000
12396.130000
12319.000000
12390.730000
12411.560000
12406.690000
12316.430000
12339.910000
12406.200000
12417.850000
12468.160000
12613.520000
12577.330000
12542.960000
12384.610000
12418.670000
12392.190000
12190.890000
12142.010000
12211.140000
12255.740000
12176.020000
12098.570000
12097.360000
12092.060000
12153.540000
12099.130000
12123.660000
12225.770000
12184.590000
12100.120000
11993.730000
11934.920000
12097.000000
12156.870000
12240.830000
12184.270000
12080.740000
12021.700000
12124.150000
12155.740000
12169.540000
12132.500000
12064.360000
11868.840000
11989.610000
12034.180000
12085.310000
12050.530000
12100.260000
12066.840000
12265.510000
12245.330000
12381.330000
12512.590000
12489.250000
12499.550000
12506.940000
12537.070000
12527.900000
12518.220000
12582.040000
12568.800000
12564.840000
12551.870000
12625.550000
12666.030000
12722.380000
12849.590000
12893.750000
12933.560000
12941.150000
12943.550000
12909.280000
12925.240000
12945.070000
12964.350000
13000.380000
12967.350000
13003.920000
12911.580000
12956.420000
12973.430000
12983.380000
12931.220000
12940.830000
13186.550000
13214.600000
13341.300000
13405.910000
13430.220000
13441.660000
13369.850000
13345.110000
13175.220000
13111.650000
12960.650000
13000.150000
12847.880000
13008.020000
12984.670000
12926.130000
13026.770000
13008.970000
12921.150000
12981.680000
12989.370000
12966.380000
13037.340000
13023.980000
12810.130000
12974.320000
12960.590000
12864.680000
12989.000000
13136.780000
13112.820000
13079.860000
13120.400000
13011.970000
13008.070000
13206.120000
13213.190000
13026.110000
13013.630000
13059.870000
13020.430000
12965.280000
12911.730000
12745.150000
12893.050000
13062.670000
13219.110000
13334.160000
13361.220000
13227.570000
13151.840000
13168.010000
13173.710000
13196.560000
13137.510000
13201.340000
13294.810000
13410.960000
13517.810000
13414.740000
13222.470000
13268.310000
13274.840000
13171.910000
13159.350000
12971.780000
12782.070000
12622.440000
12232.860000
12414.840000
12187.450000
12003.360000
12222.340000
12196.220000
12075.210000
12275.040000
12368.710000
12361.860000
12333.790000
12372.260000
12283.700000
12431.940000
12484.590000
12436.130000
12417.960000
12143.140000
11877.660000
11830.980000
12110.340000
12020.610000
12177.120000
12284.570000
12361.010000
12162.470000
12202.760000
12239.960000
12337.620000
12183.790000
12191.550000
12250.370000
12009.500000
11818.700000
11726.620000
11927.910000
11770.400000
11942.280000
11913.620000
11792.350000
12135.640000
12202.050000
12205.390000
12334.950000
12256.590000
12263.700000
12411.650000
12375.630000
12417.260000
12548.450000
12534.630000
12490.770000
12466.470000
12481.300000
12312.270000
12383.950000
12518.030000
12563.740000
12605.380000
12665.330000
12707.860000
12813.550000
12855.090000
12890.380000
12928.510000
12964.000000
12927.240000
12918.290000
12960.530000
12981.890000
13051.130000
13061.770000
12929.900000
12801.820000
12852.170000
12828.260000
12608.700000
12663.370000
12547.610000
12660.790000
12714.030000
12753.300000
12729.230000
12760.540000
12610.680000
12751.660000
12816.070000
12781.230000
12800.660000
13010.540000
12784.480000
12594.510000
12670.780000
12472.980000
12486.260000
12270.330000
12188.500000
12124.870000
12104.410000
12260.910000
12132.720000
12278.390000
12284.560000
12361.860000
12426.400000
12490.400000
12530.710000
12398.470000
12408.630000
12499.300000
12506.990000
12522.050000
12715.520000
12658.370000
12469.500000
12489.330000
12585.910000
12538.120000
12701.560000
12815.120000
12798.200000
12739.830000
12706.340000
12493.200000
12561.620000
12538.350000
12646.160000
12586.230000
12577.340000
12390.400000
12323.200000
12294.900000
12120.650000
12168.920000
12135.640000
12245.560000
12316.350000
12345.320000
12353.550000
12344.450000
12429.340000
12527.420000
12499.530000
12400.120000
12348.910000
12300.470000
12162.710000
12035.760000
11944.500000
11888.570000
11930.300000
11865.470000
11952.490000
12017.410000
12075.580000
12040.800000
12064.410000
12165.080000
12210.570000
12373.950000
12349.300000
12322.190000
12329.520000
12272.650000
12190.570000
12263.100000
12203.600000
12174.690000
12103.550000
11938.800000
11803.190000
11712.270000
11518.560000
11514.550000
11459.080000
11606.970000
11669.960000
11586.320000
11498.690000
11497.090000
11228.500000
11166.840000
11078.370000
11051.040000
11218.920000
11212.580000
11391.640000
11416.360000
11518.870000
11479.190000
11436.530000
11532.340000
11503.360000
11418.350000
11310.720000
11349.940000
11314.600000
11254.920000
11233.210000
11231.590000
11009.250000
11113.340000
11119.040000
11093.520000
11301.820000
11264.650000
11279.460000
11275.700000
11208.600000
11457.610000
11330.440000
11177.150000
10762.410000
10788.090000
10585.770000
10684.620000
10815.510000
10887.260000
10733.750000
10700.620000
10714.970000
10749.550000
10563.440000
10512.640000
10279.200000
10431.380000
10386.970000
10400.110000
10483.900000
10681.270000
10745.030000
10839.090000
10788.050000
10829.920000
10786.750000
10812.590000
10866.390000
10822.250000
10993.830000
11125.530000
11034.550000
11007.210000
11032.530000
11218.350000
11196.420000
11159.170000
11132.380000
11051.110000
11116.080000
11100.340000
11177.700000
11297.420000
11022.020000
10863.560000
10944.580000
11116.860000
11125.590000
11077.780000
11018.950000
11256.270000
11244.520000
11318.740000
11392.270000
11420.740000
11480.490000
11441.870000
11442.970000
11416.080000
11583.080000
11591.740000
11551.450000
11565.220000
11452.860000
11405.210000
11462.900000
11499.470000
11486.740000
11541.100000
11575.330000
11635.880000
11652.020000
11596.200000
11467.790000
11356.490000
11312.540000
11299.800000
11368.130000
11414.660000
11442.120000
11612.700000
11659.150000
11854.210000
11916.570000
11967.700000
11948.260000
11850.570000
11863.800000
11846.600000
11889.990000
11983.330000
12025.660000
12086.890000
12100.000000
12182.980000
12223.980000
12236.140000
12259.760000
12266.340000
12281.720000
12303.960000
12344.230000
12135.420000
12056.800000
12063.740000
11957.310000
12009.750000
11844.470000
11897.930000
11862.210000
12030.300000
12150.330000
11993.910000
12066.900000
12055.500000
11926.340000
11990.790000
12050.490000
11992.410000
11828.750000
11858.290000
11662.070000
11620.640000
11713.870000
11928.870000
11899.820000
11987.170000
12045.380000
12117.340000
12068.110000
12079.600000
12049.760000
12059.920000
11987.550000
12291.190000
12355.390000
12316.410000
12250.710000
12213.410000
12189.490000
12209.340000
12297.630000
12519.300000
12484.260000
12545.790000
12616.290000
12522.110000
12507.720000
12364.160000
12356.800000
12307.340000
12304.980000
12301.080000
12366.970000
12324.330000
12172.590000
12211.670000
12236.700000
12369.190000
12476.550000
12299.100000
12356.150000
12387.580000
12115.280000
12139.030000
12129.330000
11836.750000
11628.570000
11567.960000
11559.760000
11683.990000
11674.110000
11647.010000
11539.630000
11459.370000
11266.480000
11447.340000
11625.670000
11618.930000
11673.370000
11715.260000
11611.510000
11551.990000
11616.090000
11573.640000
11661.730000
11845.160000
11929.910000
11869.280000
11999.830000
12084.170000
12131.290000
12189.600000
12179.880000
12317.610000
12311.810000
12408.930000
12362.980000
12303.510000
12354.490000
12354.830000
12418.500000
12264.140000
12307.150000
12141.820000
12223.290000
12324.710000
12346.940000
12263.830000
11925.250000
11925.250000
11878.980000
11969.320000
11933.020000
11953.120000
12029.460000
12240.940000
12387.950000
12511.900000
12603.830000
12647.860000
12603.170000
12646.280000
12730.700000
12699.850000
12820.670000
12834.000000
12892.840000
12897.340000
12830.330000
12795.090000
12896.720000
13019.180000
13112.650000
13110.910000
13227.370000
13195.830000
13144.090000
13214.660000
13139.250000
13159.690000
13172.890000
13137.880000
13187.910000
13071.330000
13043.900000
13120.630000
13210.250000
13193.750000
13219.430000
13215.710000
13165.070000
12954.500000
12927.070000
12995.320000
13054.800000
13055.980000
13100.240000
12886.550000
13042.700000
13105.070000
13255.550000
13338.380000
13269.430000
13215.880000
13140.220000
13201.800000
13285.550000
13311.520000
13244.170000
13225.160000
13120.720000
12948.170000
13166.400000
13106.270000
13456.780000
13483.310000
13404.720000
13362.200000
13388.480000
13382.980000
13497.300000
13487.210000
13443.250000
13498.030000
13382.230000
13510.790000
13195.280000
13163.360000
13296.030000
13118.970000
12973.700000
12987.530000
13131.070000
13223.140000
13533.660000
13463.980000
13445.410000
13557.960000
13658.150000
13576.960000
13728.120000
13754.040000
13660.450000
13710.780000
13664.000000
13500.500000
12982.140000
12778.660000
12368.050000
12211.630000
11724.120000
11624.630000
11906.820000
11929.240000
11844.880000
11447.200000
10556.640000
10423.900000
10390.510000
9139.120000
9064.680000
8255.650000
8423.560000
8400.180000
8257.530000
8838.300000
8480.280000
9102.170000
9460.910000
9526.170000
9541.830000
9453.790000
9703.880000
9498.050000
9337.020000
9470.200000
9841.490000
10225.020000
10198.220000
10311.700000
10658.960000
10243.110000
10236.240000
10542.710000
10444.550000
10249.850000
10321.200000
10325.110000
10299.310000
10523.100000
10651.580000
10789.520000
10839.300000
10426.060000
10518.940000
10598.900000
10617.230000
10819.070000
10740.820000
10772.580000
10530.320000
10160.890000
10382.540000
10677.520000
10936.070000
10978.570000
11036.910000
10867.170000
11118.120000
11429.880000
11519.770000
11654.830000
11575.740000
11850.340000
12133.700000
12326.440000
12560.190000
12670.950000
12502.450000
12471.060000
11970.290000
11828.660000
11597.820000
12132.800000
12288.170000
12189.670000
12319.190000
12172.120000
12332.100000
12093.940000
11957.310000
12060.890000
12045.260000
12188.090000
12095.110000
12370.720000
12476.130000
12655.210000
12525.180000
12463.220000
12459.160000
12416.690000
12688.940000
12535.900000
12773.440000
12805.470000
12870.270000
12811.720000
13147.300000
13067.060000
13072.820000
12812.020000
12811.440000
12746.460000
12789.970000
12253.920000
12313.360000
12365.610000
12528.070000
12632.990000
12519.850000
12517.440000
12605.820000
12802.060000
12879.110000
12956.300000
12797.520000
12847.850000
12807.000000
12833.800000
12755.520000
12633.710000
12924.700000
13060.870000
13010.530000
13087.370000
12951.260000
12923.760000
12850.300000
13062.170000
13004.830000
12753.690000
12920.920000
12856.550000
12973.460000
13161.930000
13117.460000
13159.720000
13138.200000
13181.560000
13035.940000
13116.250000
12505.160000
12592.970000
12642.970000
12512.500000
12341.580000
12660.150000
12738.300000
12698.420000
12671.230000
12539.860000
12727.750000
12779.650000
12837.110000
12956.640000
13009.980000
13058.340000
12959.700000
12975.120000
12599.820000
12733.060000
12820.260000
12725.450000
12545.590000
12345.450000
12514.990000
12174.220000
12034.800000
11457.120000
11458.560000
11450.080000
11551.360000
11851.030000
11848.210000
12398.590000
12370.080000
12670.580000
13018.430000
13138.760000
13022.280000
13004.820000
13081.110000
13050.410000
13074.670000
13034.510000
13054.640000
13126.970000
13192.320000
13235.820000
13274.890000
13272.740000
13256.760000
13334.990000
13272.470000
13223.930000
13225.080000
13163.260000
13199.450000
13327.870000
13213.060000
13009.480000
13190.530000
13210.150000
13412.410000
13649.530000
13624.250000
13060.340000
13310.420000
13456.630000
13740.210000
13747.080000
13717.470000
13647.790000
13566.470000
13617.110000
13902.240000
14007.710000
13806.690000
13871.440000
13868.830000
13942.880000
13672.670000
13701.740000
13804.460000
13835.990000
13878.840000
13744.260000
13599.780000
13670.230000
13475.030000
13310.950000
13403.740000
13518.450000
13693.930000
13866.390000
13955.700000
14013.130000
14056.550000
13962.140000
13830.120000
13916.630000
13916.730000
14074.250000
14049.980000
13894.060000
13853.770000
13892.720000
13802.550000
13664.710000
13855.850000
13879.170000
13673.070000
13873.830000
13961.620000
13979.730000
13959.270000
13868.200000
13977.130000
14309.350000
14408.520000
14515.070000
14450.720000
14409.350000
14511.300000
14539.700000
14669.950000
14563.210000
14539.270000
14516.220000
14523.120000
14422.650000
14693.940000
14756.040000
14890.280000
14973.590000
15032.520000
15209.900000
15160.280000
15144.110000
15157.210000
15212.240000
15184.950000
15191.510000
15227.630000
15274.220000
15368.140000
15109.540000
15071.780000
15230.200000
15149.350000
15237.020000
15186.760000
15266.610000
15085.020000
15135.910000
15111.300000
14845.270000
14963.770000
15092.770000
15290.200000
15347.960000
15006.730000
15058.110000
14816.350000
15214.680000
15353.660000
15344.100000
14961.270000
15102.350000
15364.430000
15465.090000
15407.480000
15350.670000
15435.740000
15414.380000
15512.360000
15554.020000
15477.320000
15607.920000
15614.180000
15638.320000
15505.150000
15513.360000
15548.350000
15673.640000
15714.940000
15674.610000
15649.220000
15426.760000
15309.440000
15518.310000
15456.390000
15476.670000
15533.400000
15542.170000
15555.490000
15461.200000
15488.490000
15616.430000
15535.290000
15466.660000
15604.580000
15304.410000
15479.440000
15631.840000
15747.570000
15717.830000
15592.010000
15476.990000
15048.560000
15091.900000
15194.540000
15471.470000
15583.650000
15544.940000
15423.560000
15497.100000
15563.650000
15440.890000
15511.250000
15492.580000
15600.800000
15672.270000
15737.100000
15699.270000
15733.650000
15724.990000
15823.530000
15940.820000
15851.280000
15811.570000
15872.990000
15621.980000
15656.280000
15799.590000
15856.050000
15853.320000
15701.850000
15752.090000
15847.660000
15761.570000
15773.440000
15810.770000
15690.020000
15814.630000
15826.860000
15590.410000
15453.960000
15574.940000
15674.160000
15663.420000
15613.720000
15638.230000
15455.540000
15019.490000
15205.700000
15378.930000
15593.720000
15497.170000
15552.090000
15232.970000
15301.350000
15246.000000
14983.800000
15016.930000
15011.440000
14818.710000
15116.470000
15184.760000
15094.440000
15012.070000
15109.610000
15303.390000
15465.930000
15416.020000
15457.430000
15465.030000
15406.590000
15492.290000
15531.950000
15650.350000
15671.590000
15629.330000
15495.510000
15760.350000
15824.110000
15922.100000
15997.630000
16008.400000
16016.200000
16022.640000
15985.900000
16032.500000
16065.060000
16072.290000
16157.580000
16240.510000
16193.340000
16092.630000
16090.540000
15866.010000
15740.600000
15865.410000
15244.460000
15237.870000
15015.420000
15187.090000
15172.900000
15101.710000
15150.540000
15544.790000
15683.670000
15613.400000
15550.450000
15591.620000
15448.450000
15451.740000
15621.570000
15419.550000
15060.100000
15305.610000
15425.160000
15622.600000
15697.440000
15832.960000
15803.590000
15834.570000
15943.160000
16036.520000
16161.720000
15988.630000
15862.710000
15724.230000
15880.390000
15955.540000
15941.780000
15833.730000
15894.770000
15669.350000
15629.860000
15737.330000
15456.870000
14952.670000
14979.110000
15272.870000
15197.530000
15122.650000
15338.190000
15537.050000
15604.990000
15367.160000
15060.480000
15076.890000
15158.800000
15351.480000
15413.370000
15308.690000
14844.100000
15068.330000
15327.940000
15206.400000
14989.050000
14617.660000
14357.860000
14586.350000
13807.280000
14027.930000
14106.890000
13904.850000
13707.860000
13669.100000
13094.540000
12438.850000
12672.000000
13199.680000
13341.790000
13407.970000
13815.800000
13577.810000
14183.260000
14243.940000
14109.790000
14306.260000
14343.340000
14226.430000
14187.820000
14247.380000
14371.900000
14553.710000
14555.870000
14404.030000
14403.090000
14334.100000
14347.330000
14027.180000
14069.530000
14178.280000
14094.830000
13887.110000
13961.950000
14038.300000
13991.700000
14149.680000
14374.590000
14142.090000
13863.390000
13749.680000
13566.200000
13822.160000
14038.550000
13778.130000
13920.460000
13970.620000
13857.580000
13592.150000
13380.670000
13514.490000
13508.560000
13479.360000
13795.640000
13864.950000
14056.980000
13999.540000
13683.590000
13944.160000
14026.140000
13917.080000
13871.480000
14025.440000
14246.830000
14509.580000
14359.390000
14329.510000
14393.040000
14443.110000
14548.260000
14458.340000
14378.500000
14186.930000
13749.770000
13379.870000
13294.000000
13358.400000
13007.910000
13020.420000
13106.380000
13273.200000
12965.690000
12912.590000
12904.860000
13126.860000
13221.040000
12946.760000
12618.680000
12623.230000
12741.630000
12390.950000
12509.220000
12693.650000
12766.800000
12774.230000
12655.060000
12625.220000
12434.290000
12532.940000
12913.690000
12827.890000
13129.130000
13097.750000
13171.140000
13151.860000
13042.410000
13089.960000
13091.260000
13340.590000
13464.900000
13335.390000
13388.340000
13628.570000
13562.620000
13604.550000
13514.710000
13455.700000
13661.170000
13705.020000
13736.000000
13824.970000
13610.440000
13638.160000
13525.690000
13189.270000
13156.440000
13085.200000
13210.990000
12939.960000
12758.440000
12885.080000
12814.810000
12603.580000
12736.010000
12617.400000
12760.040000
12736.090000
12688.870000
12925.570000
13165.780000
13183.190000
12952.090000
12927.200000
12699.220000
12606.640000
12638.220000
12520.810000
12526.610000
12180.760000
12184.000000
12139.680000
11862.840000
11866.980000
11973.910000
11893.940000
12358.980000
12455.360000
12421.890000
12272.590000
12174.630000
12097.680000
12104.620000
12000.430000
12395.990000
12398.050000
12746.360000
12705.260000
12628.780000
12548.150000
12747.380000
12789.260000
13023.400000
13062.040000
13051.250000
13216.480000
13287.070000
13255.070000
13022.640000
13193.510000
13391.000000
13487.910000
13557.080000
13599.350000
14172.470000
14243.350000
14266.420000
14195.310000
14149.700000
14300.210000
14321.840000
14343.800000
14363.510000
14447.550000
14498.050000
14374.150000
14327.040000
14363.320000
14423.790000
14372.420000
14394.370000
14305.260000
14218.180000
14196.770000
14217.960000
14262.600000
14302.490000
14375.950000
13982.590000
13815.240000
13927.050000
13791.520000
13912.170000
13890.540000
13874.500000
13966.350000
13914.620000
13871.320000
13922.550000
13976.440000
14083.760000
14264.600000
14403.730000
14388.980000
14628.610000
14692.740000
14794.990000
14934.510000
15041.160000
15083.940000
15083.950000
15156.890000
14906.270000
14940.680000
15022.830000
15022.550000
14969.650000
15068.720000
15077.620000
14988.980000
14993.590000
15107.830000
15264.310000
15347.860000
15275.570000
15273.600000
15371.930000
15519.630000
15246.390000
15305.940000
15366.370000
15388.850000
15417.170000
15300.420000
15436.790000
15286.710000
15247.500000
15433.970000
15162.480000
15351.630000
15289.430000
15254.110000
15150.670000
15409.990000
15587.780000
15544.070000
15524.850000
15535.130000
15316.380000
14887.440000
14951.710000
14702.910000
14664.170000
14694.260000
14458.390000
15055.930000
15166.950000
15078.720000
14809.820000
15020.070000
15103.760000
15186.750000
15424.690000
15499.840000
15553.900000
15601.400000
15482.880000
15509.090000
15625.790000
15668.200000
15675.150000
15760.320000
15764.380000
15802.750000
15829.550000
15734.250000
15706.830000
15831.100000
15794.810000
15694.360000
15706.690000
15688.170000
15707.550000
15745.980000
15662.320000
15755.970000
15933.690000
15879.560000
15848.690000
15754.760000
15852.100000
15874.240000
15862.370000
15862.150000
16069.420000
16203.600000
16196.360000
16143.980000
15802.860000
15726.500000
15726.740000
15925.220000
15889.460000
15629.120000
15734.860000
15922.610000
15928.440000
15925.560000
15909.850000
15913.950000
15924.510000
16021.550000
16088.470000
16217.450000
16165.660000
16276.790000
16189.570000
16069.100000
16002.270000
15810.480000
15733.120000
15713.700000
15758.130000
15906.880000
15920.040000
15978.900000
16070.490000
16023.720000
15901.390000
15495.840000
15456.160000
15545.330000
15659.100000
15806.280000
16000.380000
16071.740000
15995.450000
16031.070000
16075.170000
16050.980000
16103.480000
16121.270000
16135.600000
16000.040000
16131.640000
16336.420000
16427.470000
16240.400000
15955.310000
15807.850000
15784.520000
15824.780000
15706.310000
15831.080000
15880.410000
15803.080000
