0.000000
0.000000
0.000000
0.000000
0.000000
0.000000
0.000000
0.000000
0.000000
0.000000
0.000000
0.000000
0.000000
0.000000
62.126625
59.766249
60.394293
60.560928
39.956634
32.144530
37.953105
39.205450
42.658258
41.796946
45.909872
45.843161
47.962256
53.775202
51.309460
49.416315
53.242631
52.377922
53.509317
51.986736
51.973162
50.310952
43.108343
52.223178
61.600721
67.615274
60.298514
58.129910
47.403372
41.509957
43.285601
46.562601
47.210979
50.496891
49.385450
48.945919
51.557810
51.864325
56.272298
58.104378
37.125744
36.437783
38.665643
44.684167
38.899707
38.417401
38.869014
40.870117
41.599673
51.455885
48.116881
49.973032
42.331970
35.651379
29.362503
40.416236
41.070514
41.956941
60.893178
65.711796
64.855961
65.722272
67.315364
64.225296
58.181076
60.117444
61.982308
66.995171
66.875401
67.415775
68.526722
65.324116
66.751594
61.381581
56.126667
53.237857
56.179021
59.905374
57.880650
59.633419
54.989882
57.880887
57.423518
58.181842
63.667443
63.645109
59.787691
55.666522
56.645541
57.458589
58.282065
58.542135
54.008819
47.288025
37.020611
45.053083
48.296113
44.404526
48.677810
46.247467
43.433106
41.180670
43.036712
54.675096
56.517836
53.386621
48.705541
48.333216
43.909173
39.498471
45.806968
37.039043
48.687130
43.656467
45.558715
49.459134
45.368396
41.412778
36.444999
44.084749
45.726536
58.579165
64.050795
65.447103
62.902638
61.850874
59.173075
59.129773
60.006375
60.444387
70.374451
70.944120
65.373098
66.611158
61.970218
62.561882
56.126753
46.744036
39.354859
42.237998
41.153447
44.326301
40.904711
35.703625
43.110465
39.134731
34.498666
33.297296
43.206068
43.854655
44.629763
45.829956
47.812028
49.059694
49.750696
51.564043
52.019193
50.706531
45.528477
42.259041
40.976085
39.183871
35.304191
41.834350
44.267976
44.353964
53.788156
54.520042
56.471401
54.170014
57.359107
57.863362
64.697926
65.868434
66.469482
66.109841
64.171726
68.660358
60.480976
62.612489
61.321328
63.303535
52.070088
55.627281
52.261277
49.528988
50.813794
53.405678
54.896743
53.389341
46.976600
53.234971
54.242666
59.304422
54.921809
52.013067
52.794654
52.148146
54.153417
51.873236
49.379917
51.280789
47.031253
51.860286
56.736668
56.264649
56.032049
59.238492
54.498304
53.025016
52.510782
53.001630
56.045028
60.005934
52.768666
50.920786
52.362877
47.566766
48.464858
57.118149
38.544572
43.385516
46.145935
44.066896
44.060948
41.282460
47.736993
53.095689
52.194938
52.127449
53.784921
53.767624
57.177342
56.596625
54.734112
47.472707
41.290857
37.284611
19.091017
16.768291
15.899597
15.161501
21.199438
20.447073
18.961122
16.104513
15.351428
29.771634
28.935885
31.310708
31.443007
29.670155
31.967096
31.352327
30.207416
28.604283
48.802607
51.937833
51.623757
50.241783
47.989622
46.295274
43.195841
41.015924
37.210160
35.699485
33.032626
38.745086
44.172527
41.779239
39.193357
40.411948
37.193765
39.965185
36.243219
36.102412
30.520870
24.144206
32.069051
32.077364
32.166758
35.401424
38.339979
62.345845
60.130874
62.053029
63.398170
64.978150
65.811107
62.962687
64.328681
66.177791
56.504253
57.409080
57.439373
59.400127
59.852676
61.840052
58.421194
55.491424
58.365299
49.458835
50.698915
50.400196
50.776137
50.123499
55.892371
60.763080
59.623625
49.166373
50.487743
45.259002
52.027931
49.759752
52.447218
47.581316
46.173235
45.698282
46.303636
36.973380
38.620910
34.678432
35.533862
32.153508
34.422817
41.114120
42.534941
49.743614
54.339893
57.411933
58.254120
59.245187
59.640150
59.701806
59.126853
63.245117
64.271773
63.413675
58.422910
61.430960
63.462458
69.097643
73.376467
67.804862
66.623103
66.003674
66.957658
62.829921
57.546017
59.243510
53.357807
54.921148
56.044045
60.536003
64.463462
71.657304
68.114650
69.459866
70.500858
70.553938
72.954276
76.097958
74.683521
68.581704
68.730220
64.775612
66.031094
61.343486
68.083409
68.639580
62.343872
57.324476
61.011284
62.953317
63.051619
64.874610
68.568886
70.443717
70.505165
62.449811
66.010805
67.960025
55.181210
60.133793
54.964159
54.313909
49.880793
43.190212
41.277654
40.709703
45.649092
51.238722
51.115504
47.762242
42.302991
42.168022
47.603483
52.249326
48.909290
48.395285
22.979089
19.151115
23.308041
24.838399
25.639463
23.042654
34.549042
32.811781
35.189196
43.304870
43.527366
42.801376
47.536194
48.494745
50.955855
53.105139
58.220491
55.822606
60.420497
58.037035
57.242646
55.689774
51.696573
48.608659
48.850938
50.559884
47.123595
42.644996
45.158451
42.189843
44.371215
41.658828
38.281573
44.540625
42.655572
36.782201
30.389833
24.692600
36.437795
37.249086
34.454520
35.902318
40.889590
36.263447
33.032245
27.607872
30.063951
32.114714
39.296086
40.999895
36.698941
38.749468
36.835881
41.640997
51.848274
49.172465
50.402540
54.670783
55.141228
55.913912
52.212503
49.233362
50.379146
31.235818
30.860192
31.042107
28.634108
27.148383
29.824091
26.197609
24.290987
23.959336
23.410542
20.376486
31.089868
30.692400
28.679495
29.858883
26.378294
28.794955
27.724103
16.947471
16.463157
15.976176
15.601419
13.725991
18.511278
16.425742
21.802106
21.150330
25.198796
30.225193
29.166458
24.282573
29.697634
31.633662
35.568351
34.579545
35.253480
32.471700
36.370323
37.077073
36.410233
35.763372
35.404120
29.315098
38.840277
39.669234
46.322675
54.253508
58.112582
57.968764
54.746674
57.205596
59.944612
55.085476
56.669344
67.923771
69.694929
66.854863
67.388185
66.702882
67.567102
68.524333
70.921034
71.794411
61.472287
69.583844
64.885827
66.293713
69.995202
70.971177
69.529598
73.780372
74.231890
78.636884
78.825929
80.442366
81.400019
79.976694
77.308027
78.744717
79.817459
78.544344
66.947551
56.949903
61.315193
61.220857
57.909610
63.806523
64.129190
59.567203
60.288054
71.609273
71.341178
72.347078
82.757494
83.428585
84.324929
80.431196
76.183689
74.799166
69.701723
71.550429
68.929490
70.726694
71.116174
72.560063
74.726419
68.815068
69.192744
71.235554
71.567974
71.675204
71.058304
71.487439
70.655816
69.313675
70.588633
68.590933
52.206748
58.018660
56.514760
52.837392
46.729377
48.379333
49.146500
48.933979
48.480355
46.760436
54.867602
57.013010
52.420073
49.098127
51.632703
54.325303
50.351163
49.900586
54.058272
59.506144
56.300235
65.222275
59.907110
61.600953
56.073852
55.465239
51.183380
47.950542
50.159551
49.197906
47.345642
45.896659
46.201564
41.566369
51.407515
52.106210
51.446877
54.223909
55.378607
56.110009
57.688206
57.378504
56.415182
57.988189
60.802037
42.054014
41.362067
39.563681
43.459758
48.113887
48.349725
51.142476
47.544226
44.256354
49.018284
51.480594
55.693520
53.254960
51.998382
48.316821
50.302137
48.565579
52.150832
69.105137
64.343356
62.098823
58.255656
58.210071
52.829616
52.399578
56.284030
45.072954
56.735281
58.641155
59.043743
58.822054
60.377499
60.560263
61.427655
63.033944
63.525733
63.766002
58.170430
53.383875
55.989611
56.654904
57.829923
54.846519
58.508480
60.200280
58.336177
59.666984
58.245026
58.417222
59.939838
60.823511
63.963123
60.254887
55.624401
63.609099
60.828883
61.886142
62.435119
59.245672
60.071725
64.999993
65.989046
61.933558
64.012663
68.288284
72.104071
64.396276
70.088475
74.360088
68.420813
59.692442
42.709242
59.058531
56.047136
59.814647
58.072877
55.768356
56.675317
55.079360
53.548439
52.278537
44.082472
45.609200
47.658495
46.962798
40.969893
39.503614
40.741259
44.844673
44.333862
39.463096
33.753259
36.960739
39.951855
37.409255
40.129274
38.525966
41.962847
40.607169
39.074259
48.396051
43.272932
39.911324
42.890699
44.080521
48.737208
46.750748
53.154349
38.084736
44.443002
44.656150
49.615800
46.232513
46.821054
49.129672
49.589213
50.869475
50.297209
47.241125
46.709102
40.208200
45.023142
48.299985
51.116572
54.309160
53.722578
70.930930
68.022339
69.339924
63.160286
64.119557
64.270409
62.125087
56.711373
53.351960
53.373194
54.667279
56.347735
55.650489
49.419977
35.482991
44.008032
47.708154
46.794510
32.022476
32.984196
27.296913
25.549712
32.655879
37.510017
39.234313
38.202382
37.053153
50.490898
51.894788
54.090152
56.471261
56.320088
53.650347
50.168093
52.786017
48.684657
58.057359
59.593005
58.135444
57.219050
58.344236
61.627415
59.253375
60.444044
62.496703
76.553193
77.380893
77.828745
75.606690
72.943709
70.191390
66.656001
68.582409
70.328687
77.354105
74.805000
75.182702
74.066665
74.163886
73.055307
75.107379
74.239099
70.101231
73.018485
72.385212
71.502641
68.228140
69.035816
70.742974
64.556907
59.791178
54.219299
26.242004
22.814428
18.031306
29.055200
30.531239
29.807277
29.361041
32.976457
33.848275
49.657591
45.828718
46.331850
47.537673
47.489333
47.969451
45.927389
49.856469
51.178725
57.998220
57.814312
60.432796
57.265286
57.785356
60.906235
63.740827
62.266121
64.076612
76.182914
73.396348
74.106695
74.302070
74.069662
74.104330
74.498159
72.646346
72.688023
77.208131
74.267869
73.807327
70.984707
68.680438
68.882370
60.667247
59.465306
57.777235
55.708164
56.404656
59.261902
58.719042
55.352794
48.135350
48.135350
48.135350
48.135350
60.967201
71.395839
71.564402
70.863571
71.021853
71.392368
59.865851
40.255698
43.923722
41.694180
41.397632
39.526359
37.126685
34.587725
29.122304
42.173302
38.737149
42.583370
43.526673
54.124994
56.062055
56.624213
56.599927
55.830582
62.737662
66.570809
67.032269
71.270352
72.313597
68.009481
68.180180
68.806710
67.052254
71.242710
72.078176
65.896859
75.171318
71.194002
70.953875
70.070851
69.040318
67.392268
68.244900
64.452517
65.244714
48.689551
49.685307
53.507038
50.749849
46.718994
39.743265
45.470599
49.153011
48.690865
52.223812
50.038850
49.423264
47.920584
46.397091
43.926443
45.902097
50.463874
47.601315
46.715116
48.923995
45.018817
45.628710
40.470216
50.031370
54.015308
56.343876
50.852012
59.430279
61.619588
52.517591
52.053378
53.728519
54.306305
56.299185
54.873924
55.599902
44.432657
46.991118
43.093570
39.624578
34.769259
34.568201
33.052237
26.756653
33.214266
31.865746
31.748557
35.652088
36.638106
37.122032
42.943738
43.005643
44.931677
47.844345
51.999146
56.563688
51.057745
55.723260
53.410847
52.768255
44.407040
45.740526
41.379763
54.796121
54.937461
56.637464
52.859942
52.211551
58.653864
59.406900
57.596786
58.035521
62.957612
64.751702
66.858907
68.576684
59.865272
53.978228
48.119670
53.361397
49.017388
38.427897
33.496272
36.111452
35.495393
40.567322
45.065476
51.723368
49.276285
49.738271
52.354148
47.565437
46.446012
39.254366
27.599870
29.854598
29.242077
28.181767
28.035749
48.680358
52.901643
52.750479
58.782666
60.133460
58.911257
57.441940
58.268035
54.469731
46.245058
49.175245
42.688574
33.734354
31.198020
30.468871
27.254072
40.439942
38.600494
26.672767
30.052774
36.930961
41.536757
40.560359
46.913009
46.430433
49.507236
50.717936
42.076565
42.167587
42.619089
44.968240
42.520696
42.132382
42.027409
45.303035
36.924008
49.845256
48.830067
49.682906
52.004802
52.712945
51.803642
49.455557
49.936008
52.674301
63.767461
65.711118
65.606151
61.224487
61.344494
60.117077
63.221225
65.283628
65.987342
71.312053
69.971675
71.292129
72.457225
65.772258
65.937017
62.756104
68.309583
64.913480
69.658854
64.610697
66.799297
61.812796
63.236135
64.013199
65.933310
69.252213
68.958554
69.770894
71.871524
69.656366
70.997376
71.463037
67.747459
61.764018
62.916667
61.687542
63.841329
66.414910
62.412207
65.339865
67.337622
68.150759
68.111383
63.516940
53.155489
48.329364
40.669297
41.794601
45.739050
45.056914
48.533330
46.274292
49.168337
47.438691
48.545220
47.341127
45.852215
47.476887
46.531492
49.187065
50.762254
38.564737
34.196643
45.850409
47.928849
49.241153
50.422440
51.243826
52.827631
50.821683
55.551284
56.739818
38.640890
41.826935
45.026497
46.000381
45.028874
48.432892
51.330691
55.941382
59.254530
67.233854
62.396870
63.345235
64.912631
61.212166
63.560143
63.563018
65.184480
62.713746
62.696704
63.478725
58.538551
61.900942
56.587109
56.868246
52.322345
51.061805
47.924099
39.556742
30.564207
30.068220
37.062750
38.514991
34.707712
34.614461
28.652152
26.897609
39.970510
35.797799
30.978209
38.914053
40.556209
36.797518
40.316346
35.406719
36.866892
46.526899
47.001163
51.265737
47.713124
53.894220
58.115579
55.169124
54.408715
53.072394
34.523385
43.791627
45.005925
46.379654
43.139653
47.180077
49.308622
49.177779
50.269109
39.838528
32.059719
32.475457
36.783525
40.886624
40.261449
36.321908
45.685843
48.094171
56.354116
57.012970
58.927457
56.068223
57.490047
50.011718
50.007320
57.159532
56.943032
56.411417
56.990133
58.200977
50.725834
51.903649
56.281661
52.896756
49.211616
43.264279
40.806683
40.545374
37.799816
33.847296
33.124476
40.650261
39.042810
37.295335
36.814499
58.604932
56.623417
56.806775
49.844287
53.686013
53.772724
56.140972
62.385585
62.639588
59.247104
62.582611
65.074359
67.537063
66.937673
67.566361
67.933794
61.413071
58.575050
70.274314
70.271034
70.593241
70.617625
64.202113
52.579137
47.365694
50.419055
54.542036
48.545961
47.837737
45.226804
46.760780
49.572665
53.786073
50.507124
52.142571
52.430651
39.188843
39.050505
40.217556
44.254470
45.506132
50.973647
48.808778
43.578587
38.837747
53.950926
53.113821
58.377784
59.583845
59.412355
62.766409
70.118790
76.670603
76.737852
74.753386
77.542360
77.501330
77.588900
75.531006
76.883827
77.157221
75.479510
74.955103
77.244113
78.251171
76.359631
75.465449
76.807497
79.259672
79.940022
78.352245
78.507429
76.070139
74.190172
75.694420
71.399954
76.072629
73.595188
74.120099
73.191226
73.566213
52.841758
52.748348
53.715808
48.762836
53.414387
50.425006
55.582940
54.177215
55.261121
61.686420
60.597745
57.437078
54.940908
53.255749
57.241313
51.638123
41.580218
44.814085
54.977273
57.613577
58.929843
59.193926
58.717001
63.243693
61.195470
61.464887
57.603352
58.239034
59.134422
59.209142
56.954381
56.741175
60.077328
54.570532
60.729406
63.361053
75.547426
78.811094
81.540287
67.886365
70.096232
65.964225
67.282712
72.568131
69.170366
61.034975
60.966534
58.046431
53.598359
55.460238
41.596921
48.331216
48.871091
45.809729
47.143640
47.998532
49.951033
51.894756
49.909941
51.376464
49.531684
49.891215
50.910594
40.902337
39.943471
46.678098
50.154486
52.308254
57.367344
56.406212
56.976093
51.641390
39.901658
42.793907
41.178916
39.463627
40.760224
38.814412
41.874992
45.144418
47.946753
43.191050
44.571841
44.790801
28.992303
28.678484
35.515006
40.412449
52.610387
54.867925
65.214378
65.030057
64.412548
65.315241
65.177075
67.075917
65.482039
64.647880
65.253418
68.396615
64.465735
68.657278
70.164674
70.473510
63.431938
68.074151
65.874859
65.895758
74.400310
74.143376
74.255487
74.783206
73.457420
74.395194
78.081763
81.177801
81.274936
80.095599
78.783014
78.610791
79.944186
75.951898
71.079169
70.357361
73.315630
73.301875
81.296921
80.320543
75.654976
68.007966
70.993339
73.068470
70.537705
72.357424
73.147947
83.597376
83.358455
81.023588
82.561963
82.998794
74.368420
73.858518
73.776055
66.215008
67.223847
64.971953
62.809516
61.361218
58.453253
52.975255
56.511361
60.033741
54.348210
59.620403
54.560955
52.601795
47.049241
52.629845
53.666720
53.737880
53.492365
57.523475
53.478229
56.412064
59.130130
59.182773
60.983715
57.538580
56.827786
59.703377
61.675483
56.971735
61.030454
63.240452
62.431351
63.573165
63.167990
63.365387
58.935291
49.873708
60.289623
60.737124
64.528585
52.170890
50.084704
57.277538
56.324195
56.181897
50.493770
46.678430
51.218509
51.555398
48.316178
48.523176
41.745860
52.953502
47.372993
45.715662
55.381618
55.645758
52.166292
55.228825
51.436078
53.515849
52.706394
56.748887
53.781103
66.722926
69.381815
73.519584
67.699669
72.106142
72.671828
71.653167
74.401105
75.207304
75.466816
74.125801
65.617732
65.226273
67.167983
66.919011
63.343715
52.773623
49.501578
45.039810
40.055947
31.165660
34.764614
30.915054
30.712595
30.556356
23.317295
22.625332
34.200688
32.412219
29.515672
38.897905
34.897240
30.489604
42.736040
45.162494
45.443451
50.455915
53.317218
56.454306
52.784081
54.000786
53.333711
54.973477
58.547601
59.501553
55.332698
52.149401
51.223450
51.042097
45.895813
36.001707
45.210739
50.208846
53.541618
56.952310
52.229450
49.885040
47.894349
52.684028
53.212898
54.919260
55.177651
54.890170
50.586987
50.118499
42.080468
46.932308
45.577574
47.322880
48.241584
48.544995
48.401646
55.517310
57.580457
57.027603
60.070607
55.415196
58.722308
62.132158
58.074066
52.144840
51.733596
46.562294
41.722196
41.320261
39.091379
40.837152
31.964652
26.720271
35.095430
48.708442
46.271226
45.340541
39.979263
45.225281
47.423118
50.809262
45.281781
38.812191
54.024988
48.738323
43.115337
50.552565
53.066661
50.888354
51.328364
49.830936
51.539284
45.587893
43.123499
43.794724
49.952712
38.000906
33.620877
29.821046
27.176398
26.648560
44.610271
45.560841
45.527537
45.370826
46.079235
49.483446
52.141770
51.897984
55.963041
60.609673
57.219637
52.551999
52.997677
52.924624
52.288602
48.380126
50.241997
56.842330
65.661341
68.158803
69.379176
70.681040
70.644284
64.828134
66.655859
67.264785
68.384427
65.487236
62.652781
61.778293
62.592351
63.877840
62.626606
63.934013
63.217610
65.735412
34.003331
29.820272
30.396843
28.758945
28.351303
27.760355
42.894645
36.448987
42.999716
47.664346
44.313320
45.742389
45.627081
47.999699
47.235578
49.490209
49.838259
46.534855
27.841678
28.344361
32.990236
36.654094
42.827786
48.956592
55.186092
58.090876
56.091765
57.588112
59.693798
61.761429
62.698114
62.717066
64.028277
66.999044
67.762662
69.925763
68.432463
69.577775
64.258502
61.113271
61.598520
63.968014
65.299953
64.590633
62.768552
69.505730
64.243313
64.029831
64.145693
59.037765
58.649469
52.584650
55.863568
54.273018
35.206897
30.762310
35.467641
37.283023
31.179333
28.575516
27.917104
34.720808
37.101594
46.201942
42.219851
41.463593
47.486846
50.772182
53.346646
56.932464
57.885946
61.989332
63.903585
63.377985
63.910251
60.740301
65.206671
64.404362
67.213197
65.724817
63.229824
71.259686
71.972963
72.098611
70.660677
67.215083
65.182076
61.033010
61.445238
55.816915
59.125268
55.971456
50.653151
50.902403
47.160476
54.054810
49.535922
52.829654
52.129755
43.813100
44.107268
45.913413
46.192092
48.833638
54.094798
56.491844
53.079094
46.355731
54.975831
57.775326
56.878234
58.534083
58.136123
62.484576
63.727454
61.315302
59.105574
51.886736
51.442103
48.706115
52.021627
50.731097
51.502008
49.349005
45.764161
40.600248
65.039282
68.321183
68.582933
69.882840
72.349314
69.325792
60.406953
55.468988
53.454852
54.532152
54.625417
57.863529
55.990728
51.718011
54.418668
53.941091
55.476219
57.347547
51.687241
53.953840
52.407153
42.112075
38.555335
48.210206
54.401608
60.006236
59.021449
61.831822
56.645569
56.910696
57.276730
58.308288
59.700860
57.962692
65.054698
64.540474
58.893652
62.613874
61.873590
65.290099
64.131686
64.032353
64.594126
60.412270
54.894336
52.196310
55.254198
59.313795
53.425851
58.032968
58.774919
50.738457
49.663824
44.865080
44.189140
42.877536
35.013145
32.098293
31.828431
31.723380
30.670483
39.273081
40.384772
34.344019
40.258698
44.733011
44.602600
40.320308
49.257951
52.995760
43.049299
44.475149
44.084325
47.736536
49.182747
60.215422
56.223736
60.444937
61.938438
60.735723
62.949772
70.137900
64.084661
64.404235
61.942452
58.419719
59.516316
58.258176
60.885655
51.087302
64.941025
64.309662
61.079109
61.552365
61.926290
59.142920
55.244889
54.368997
54.246470
47.143043
48.865569
46.343214
52.007261
48.815545
48.486773
53.777839
53.499924
50.466163
45.215584
44.197608
45.071278
46.102420
46.912764
53.610039
56.019401
56.854490
55.850594
44.885346
44.367294
42.581038
33.136775
27.228277
21.723272
19.825513
18.592139
17.303195
21.840906
28.020500
37.807120
41.291317
40.490598
43.035202
41.569936
50.977963
51.739325
43.050251
41.858298
46.268715
52.672319
56.426377
51.242419
49.953791
55.794716
56.649201
46.472928
46.171964
44.837369
42.429340
44.757361
50.642112
46.449092
40.533694
34.280411
42.280801
50.958831
50.335457
49.120706
49.948738
50.585911
52.122804
53.015482
53.583406
49.769035
47.965556
51.000716
49.446746
50.412909
51.109397
48.103710
54.759593
57.464800
56.627525
52.672697
53.733304
51.788534
60.255840
61.495689
55.408634
47.084447
43.993091
59.744505
57.500285
64.056354
64.618654
63.047268
68.235372
68.374157
61.322164
58.303775
51.950889
35.918337
34.914224
39.344372
46.908635
42.937398
47.227697
44.009478
42.256268
57.393142
56.278102
51.532248
42.847498
49.214741
46.173030
48.119707
50.806185
50.535263
57.360520
51.954507
54.347393
55.026369
54.504015
55.678870
50.916893
51.942029
52.800991
42.734208
47.672486
49.275149
51.636975
52.600340
54.486837
54.500519
55.186836
54.193413
43.468246
46.875348
48.064907
47.940428
47.730860
52.793347
48.629899
35.312954
39.363245
51.849753
52.020011
52.646238
54.090331
54.363882
54.802804
57.679238
52.762739
57.873094
40.467817
39.320373
37.576642
34.126603
30.503458
29.663775
32.624739
29.574574
40.525307
48.490273
52.179740
49.549578
51.751398
54.347266
53.608097
57.163269
61.100616
62.774495
57.399670
60.944566
58.198795
57.189775
61.059897
62.553895
66.302912
66.777147
67.427416
65.612758
65.874068
64.207691
65.506448
66.315679
62.034160
64.338440
59.163033
62.131014
56.185404
56.770326
57.437979
56.579161
58.466005
61.554168
59.226721
60.954711
59.420019
40.420124
45.544965
43.909241
38.004859
38.805411
36.505439
39.272076
37.685599
39.237520
46.597234
49.792222
45.782125
40.534788
37.705059
40.525098
35.279256
31.794567
34.151003
21.333679
18.428367
19.740802
18.429220
16.224721
15.457953
14.820533
14.725714
19.603330
35.440534
33.912752
29.593262
29.532260
35.584990
32.169312
39.210205
46.504600
42.089454
48.626423
51.976716
53.007602
53.346236
46.656151
53.116360
57.117399
57.337768
57.436389
65.184558
65.441356
64.925628
65.857076
65.821019
61.015153
57.858489
59.286352
59.428967
66.386011
66.401274
68.458972
70.412398
70.597954
70.338213
67.175784
68.174088
69.164205
55.736173
53.128805
55.915310
56.006916
58.992240
57.318366
60.545476
54.568375
57.098075
40.298240
42.241457
46.401071
49.834447
49.550176
48.898119
46.478036
47.955494
45.554147
48.873628
50.431625
51.567157
49.149985
50.004516
50.434734
50.212435
52.787726
53.890146
58.000388
58.376149
63.505273
67.402306
63.952399
61.753966
61.079345
60.847330
62.924437
34.983621
40.395790
36.311749
44.101611
43.154031
48.129450
53.719441
50.057454
47.432802
55.450324
54.799687
50.376603
44.957319
49.093877
51.072531
52.963511
52.012702
50.004625
51.162601
52.853735
52.290900
54.863137
55.111665
46.560177
40.166295
47.836536
47.960566
58.914109
60.683161
63.269615
63.366092
58.442941
53.273352
59.341226
62.009542
61.813455
64.773600
65.302368
63.682039
59.568179
60.210536
62.327215
64.931214
65.009004
66.016994
67.622751
68.953231
70.286527
67.399305
66.205409
69.762480
66.930284
65.214397
61.514415
60.500174
58.397015
53.409177
52.829312
57.911809
57.531400
51.612149
56.393693
54.195529
61.863862
57.451508
55.155969
58.814066
59.670032
61.216990
62.169796
61.249938
55.863677
51.189696
57.245035
58.881608
58.349592
49.932537
59.998892
68.630229
60.997276
61.657428
63.192662
65.539975
70.585372
70.873460
71.053620
74.614962
78.009180
78.607249
72.922131
77.486849
79.826270
81.037128
74.692681
73.830041
69.484834
67.761548
63.348991
65.315799
52.641237
46.738948
44.936749
50.112624
49.285340
48.637332
45.206626
42.034276
53.632332
43.113599
45.705874
48.103094
48.781597
50.171643
51.460481
48.406186
53.194126
54.059098
47.974302
47.082673
48.330884
51.222768
53.806785
55.269872
60.160381
62.116811
63.020805
29.342446
25.220082
28.200294
27.190942
25.826501
24.238967
39.987303
44.854498
44.112991
36.788801
40.703064
39.099461
38.880885
39.220862
43.247229
50.243750
52.347611
53.892475
57.062988
55.702950
57.162738
58.269912
57.577673
55.732304
54.007611
57.253877
58.115326
62.473564
64.887010
61.007758
63.228663
63.440649
54.146450
59.976889
61.449115
60.033149
62.106377
57.556043
54.308120
53.679830
53.584148
56.618004
51.475638
48.065814
48.872635
38.871632
34.651454
33.078051
35.487752
38.114066
38.876091
44.097319
40.080475
42.863469
45.263554
43.662897
41.656435
42.789488
40.935569
40.200039
50.271912
56.138975
58.360126
60.996875
65.626471
65.765547
61.309180
60.248965
57.263568
57.467402
60.781067
61.994273
73.911911
75.305082
74.826189
50.676268
46.872519
42.974145
37.240928
36.651625
47.038081
62.238232
58.420970
51.688054
50.799101
51.782849
45.980479
42.416741
45.203126
45.598103
51.045345
49.648292
46.472640
45.950707
45.852762
49.066431
45.458124
46.367813
48.929831
50.668209
51.597367
50.768980
52.159581
50.382359
47.404810
30.841931
42.361422
42.751969
55.225332
55.964161
54.350638
55.149731
56.713856
58.009463
61.988520
63.100390
60.877426
56.412346
55.140638
51.380497
53.319679
55.492256
53.295104
45.707774
45.330661
44.240811
24.518789
22.847967
35.596821
40.508866
40.991518
36.008183
38.795150
32.969964
32.462104
29.246717
28.557561
31.235133
31.007584
38.658014
40.408071
42.306750
46.956042
41.638547
43.987432
51.093309
47.455208
50.891543
49.615106
49.340217
44.422546
40.503931
41.432224
54.329352
54.575483
55.358159
60.523175
60.467170
59.701572
53.157447
52.440955
49.665887
52.204146
53.124917
50.895262
52.304217
45.975727
54.412285
52.377882
48.172188
51.994008
49.793890
51.316222
51.482580
47.044491
49.277905
51.013729
45.904949
38.752851
36.862545
52.779407
50.405930
49.837709
49.552678
48.677355
55.233674
48.869713
46.158836
43.608334
56.491300
54.660663
43.783255
41.957530
37.408438
47.506059
40.768587
34.594889
35.802850
22.759334
22.553674
22.125106
21.467784
19.743077
19.600835
27.596507
26.489876
29.102282
45.607134
45.506082
47.505731
47.798219
47.780774
47.559708
49.743408
43.619439
48.463815
51.516053
56.008353
55.264125
55.202888
55.687605
58.369771
59.377239
60.324569
61.712474
72.266266
72.089032
72.492589
66.526455
66.259713
64.881513
67.965859
67.569373
66.192320
49.645954
54.253795
48.089158
50.668717
49.575086
49.908231
52.503911
50.215563
50.466775
63.957218
63.080268
58.407932
53.674354
54.148868
50.523341
54.095747
53.368496
51.190928
40.366813
40.375921
34.982860
33.777252
37.438381
34.209846
32.258749
28.143426
26.174702
44.020241
44.245657
45.314372
44.798206
43.758480
42.191894
39.233810
43.969873
42.714983
48.717918
46.380836
41.506347
39.327856
39.877124
38.542890
37.045940
34.365293
33.913282
25.185636
24.704870
27.000538
28.737667
41.606493
38.710462
33.951863
33.606561
35.831632
32.297652
33.218979
38.688857
39.800974
36.356347
41.194610
43.826736
32.689673
31.907818
30.618992
40.147029
43.229603
41.221799
43.946894
43.850668
41.722222
52.637815
54.403458
33.145707
31.711471
29.611466
30.090985
37.465794
39.964940
41.489259
46.723515
43.388210
56.819476
55.996698
56.636395
57.810627
58.688134
57.822945
60.577415
63.370727
63.607555
58.918224
58.776122
59.292243
60.678424
61.068991
61.712148
59.314528
57.319247
55.785786
48.287121
51.670492
52.831430
44.833581
44.520931
47.174674
52.759127
52.826033
55.022683
40.949049
44.660778
49.343733
50.782909
47.450492
48.069249
46.424971
45.310832
49.024390
55.539632
62.699045
62.283107
62.407565
63.355661
58.032688
62.152310
57.316834
58.234894
66.934347
69.172157
71.270133
71.262098
72.126753
75.139249
75.525331
76.716109
77.589368
78.448026
79.773186
81.284496
76.430095
78.180312
81.168974
82.502348
79.097510
80.053841
64.333244
62.909528
61.501690
58.782871
58.272317
49.464844
52.329567
54.568960
54.872713
54.136650
54.707995
56.045256
59.383240
59.146306
58.673250
60.007795
62.739570
62.423114
62.221761
68.035345
63.043070
64.404319
55.886794
46.158226
46.661429
56.047176
57.430859
53.509681
50.617115
55.866115
53.278631
54.021513
53.866399
50.011313
49.895615
43.322014
58.022865
62.649475
62.991482
67.097720
69.045606
62.524301
64.713715
60.081161
51.582024
54.810293
56.000584
58.082710
57.177550
59.783046
60.798477
58.845082
60.526235
61.017958
77.630495
79.597498
74.984905
75.725228
73.684262
75.276083
74.845045
75.562592
72.845529
64.439164
54.803135
57.640916
55.618245
55.845862
57.634856
59.986732
57.125059
56.771129
53.120189
50.534877
53.856732
52.121149
45.456024
41.677725
45.610875
48.332532
54.631173
38.213791
33.715491
32.871722
32.590505
38.268210
41.724573
48.244654
51.125704
57.577688
72.049012
71.386465
69.279469
66.990978
63.992758
62.208085
63.858638
65.978853
64.178915
70.368346
71.280618
72.202260
72.741106
74.589591
78.001738
70.506971
71.512296
73.187604
70.257201
70.845170
71.044542
72.820052
66.575182
65.477821
67.328715
66.489813
68.054745
72.997584
75.555775
77.853828
74.148270
74.341928
75.698130
74.106618
71.796558
68.479401
64.792206
70.347196
70.521163
67.063650
71.291518
71.372197
71.001705
59.619767
62.453571
61.964253
56.828141
56.123587
51.827403
53.599691
57.830953
61.456892
60.886209
57.021709
61.209799
65.309243
63.415609
65.401396
62.439855
62.892823
47.532176
52.663533
49.138576
44.275583
49.537711
45.073027
43.085181
46.893969
47.852610
55.270072
56.195011
57.066215
52.161951
61.005241
58.878878
58.788985
56.759933
60.911631
54.703154
54.836821
56.397495
60.153199
59.154299
62.272476
63.300260
58.440043
58.528302
53.028040
54.047439
55.353318
56.860816
62.647966
63.543687
59.487894
64.024144
63.544947
58.747167
59.684197
66.752172
69.157374
75.270939
74.750760
79.674886
75.829662
76.546618
79.956909
72.513608
74.105084
77.831642
73.547389
73.103798
73.206432
72.523972
72.422731
70.477087
71.842232
64.209876
70.534865
56.982422
59.540994
60.414639
58.193146
55.206006
51.405438
47.233636
48.597747
59.808065
44.445820
50.115407
40.013847
35.867072
36.677512
47.863966
41.019167
43.416467
46.062422
44.332180
46.858438
42.831593
40.939260
37.867315
44.033899
47.286942
40.679815
24.991378
28.508293
32.484373
36.744521
39.315329
37.868099
42.394718
33.540069
35.507407
36.953553
31.805881
28.281026
32.375862
30.645821
27.850644
32.944071
40.787202
41.550721
48.380074
46.969565
44.930400
45.105927
43.725295
42.210752
46.784502
47.244277
47.350771
21.688116
20.994992
20.977697
21.114103
20.413553
20.121294
19.096409
17.792908
15.004881
21.352091
21.161206
29.255479
28.652745
30.896475
32.373722
31.860100
26.165023
27.578408
20.141919
19.879145
19.420463
20.989456
25.996986
37.655048
37.488026
33.478653
30.807097
46.291257
51.135330
49.715493
52.029503
54.561875
55.714178
53.976141
57.407592
60.034391
47.712651
49.509252
47.251875
44.194272
41.874176
39.866093
47.539262
47.218373
45.512034
50.563002
47.624373
44.039453
49.859337
50.000952
50.033953
41.762756
38.076949
40.471023
50.467032
43.891815
43.700613
48.415232
48.397603
51.977124
53.996745
59.616703
57.736624
71.129104
71.954222
72.853084
72.462867
72.189053
71.719886
74.329718
76.287609
76.380442
75.585052
71.252643
62.502613
67.033863
62.690106
61.715976
60.208407
58.070369
57.489355
57.545334
56.842529
53.279691
52.088683
51.457063
49.612613
51.392117
51.694845
51.462101
44.825134
44.370730
46.999801
56.342749
51.410367
55.988086
51.392036
50.045406
48.766736
63.384174
65.719855
62.858425
65.004557
62.616757
58.590771
48.768419
45.294447
43.841292
48.500954
43.190201
43.426748
44.181856
44.617696
36.070346
36.292440
30.025128
29.673992
38.873449
37.996500
37.969007
37.336970
38.425031
39.940547
35.394205
38.742894
37.319973
65.755678
63.532588
65.165020
66.818729
62.218946
57.326618
52.813182
55.022621
51.240748
45.101662
42.600109
40.864758
40.949955
36.316476
41.004299
38.194943
46.707501
45.764901
24.665921
26.587170
34.456202
37.688717
35.344636
35.305014
37.717952
36.421333
37.099552
46.403649
43.672917
48.247453
51.263931
51.405439
52.962432
51.977551
52.472061
54.208627
55.232805
54.332464
57.178526
56.982182
54.374498
53.872338
58.509836
62.156554
66.585069
71.229178
70.033524
71.306857
72.573443
71.757308
72.064158
75.295633
76.007321
76.173029
78.015188
78.033579
76.725064
75.775416
77.608507
79.071310
75.797845
78.494446
76.717138
83.416305
83.554700
81.975987
79.791087
81.499197
75.812019
77.215458
76.443000
77.170379
71.681753
69.188925
64.651194
62.435460
56.215491
53.306229
48.827617
50.243136
51.054513
52.493826
54.514991
48.526808
53.585849
54.730919
57.113872
57.113872
57.113872
57.113872
75.583225
72.195852
75.006799
74.573598
77.109266
73.312190
64.624529
67.359299
64.508076
68.578177
70.865953
74.809252
76.367192
78.067560
79.456722
79.761770
65.753608
67.906989
70.864965
74.877327
75.793436
76.844212
77.197666
77.398513
68.045256
70.608501
71.736708
45.969976
45.399058
48.867835
44.166968
43.810149
45.996684
38.241773
42.121287
42.449803
33.992643
39.077578
42.534332
39.088779
39.709070
35.371066
39.762857
34.138712
40.769549
36.397329
39.624849
40.257494
40.117267
34.158237
37.778140
33.112896
29.655905
32.130036
48.638449
51.530736
50.413490
50.046593
49.915237
48.017063
47.928583
47.424499
50.309816
54.676008
60.202986
56.155070
51.902059
54.431505
55.827328
59.212951
54.727640
54.881725
51.279881
52.938069
54.529236
53.853761
56.713646
61.653756
56.381694
48.588255
54.655084
41.627113
45.260532
43.965871
44.225236
37.654101
38.204397
48.637170
44.070645
43.038262
48.578823
49.323101
48.874279
50.328799
51.043176
48.884919
49.864092
49.659477
48.060108
31.702546
28.159465
33.778002
36.578189
37.519330
39.646538
38.939247
42.204223
38.463827
36.733741
44.054999
45.560388
49.016144
49.375033
54.178669
55.021302
44.915765
44.849359
42.916080
43.396454
45.441772
49.192088
48.750560
50.475878
55.392962
59.505984
60.933213
35.287082
34.517399
35.449929
30.848468
27.036320
26.267361
24.297021
29.594970
36.348567
26.656497
26.337857
22.324226
21.782739
20.409135
17.139051
14.781128
14.699879
13.599639
22.275220
30.666368
27.804093
28.683708
29.392226
28.425918
25.474532
35.071538
36.652106
55.181390
58.365225
58.786592
61.046649
59.708377
61.375877
61.316525
54.104414
56.379990
46.581093
51.750409
48.121899
51.722386
53.358245
58.813483
60.940263
58.100176
57.813479
45.653720
43.340475
40.360941
40.059565
36.024962
42.057574
41.206996
46.433737
48.594554
60.844126
57.542092
52.521041
50.486168
52.108172
50.590184
55.414312
56.240008
55.511849
64.854464
58.558931
60.132920
61.471520
62.549845
62.197838
60.971474
58.496698
59.044384
61.056701
65.538381
60.835001
60.735718
60.305642
57.796932
55.656466
56.689363
53.452000
49.958477
44.586794
46.132714
49.055319
49.384283
39.025483
36.422624
38.093550
33.996477
28.052229
27.162694
24.913474
21.655789
29.228556
25.746980
27.667031
26.837420
28.269250
35.791791
32.834804
31.675511
35.578412
38.223559
40.333145
45.489204
48.456398
44.932245
52.867989
51.992430
46.875005
44.214372
43.470042
44.276254
44.417560
46.910988
50.212053
66.144295
67.414344
68.244003
66.933801
67.541504
68.542662
68.741344
69.174323
65.653213
68.840868
66.254923
67.248608
68.627186
71.045200
56.479344
60.578949
61.679239
56.581125
41.811804
43.350319
50.071655
50.645954
51.199755
53.971987
51.877821
51.128693
49.516901
20.946383
21.629763
28.099883
27.416119
39.473790
39.103682
38.199570
37.841465
42.088227
52.143078
55.023843
55.645676
58.188716
58.575043
56.208226
56.728799
59.099769
59.598442
63.205064
60.048153
58.898354
57.052627
56.015678
53.460021
50.389680
52.191801
52.931498
52.585016
52.428410
55.915616
53.432357
55.060628
41.391357
37.020744
39.657248
43.220462
46.814042
44.125551
41.676625
40.920070
42.525599
32.633697
32.471235
27.758360
27.097598
36.777275
32.469885
29.400316
27.877572
22.471694
19.436247
19.428273
24.860155
22.499010
18.776112
16.655902
34.797354
34.323244
34.793297
34.465478
40.067793
35.687349
36.177803
47.094057
47.063138
46.723538
42.739940
47.845537
48.381690
41.568635
36.224424
36.248560
20.650842
19.822750
18.069305
18.253762
17.049961
16.928753
26.147660
28.182709
29.763985
31.409353
36.982866
44.685931
43.921453
52.532798
56.141955
52.538964
55.740002
58.926522
42.841465
42.947646
44.210089
43.138084
48.075385
44.322400
49.442620
53.803356
55.170537
47.622913
42.953726
42.576744
38.426693
39.165047
44.801243
43.589579
38.123751
35.200013
30.803389
40.504475
40.224754
42.654208
41.349112
39.708506
43.351045
44.145869
45.293413
41.977923
40.944178
38.968932
39.808152
41.801713
48.241943
43.267520
36.030878
34.662330
25.341974
22.418046
22.733405
24.294852
26.563147
25.476868
25.470378
23.111096
21.966148
14.003695
17.992540
18.019820
26.694318
30.406543
38.167999
38.247478
33.938968
33.410231
40.426986
41.743026
39.041907
41.111260
40.372366
40.261262
37.908587
39.309825
36.579520
59.165356
62.295099
62.961646
60.663569
63.456107
61.706558
65.438680
70.085552
71.604268
58.312746
58.663872
56.638537
52.712182
49.787898
52.665403
58.771488
52.735441
51.640637
54.881204
56.969204
54.123006
63.915966
61.316113
63.633585
57.163162
56.549717
53.002974
61.230857
64.696088
62.901234
57.428051
59.012547
59.100472
61.798023
58.453960
57.526282
45.607518
47.147752
50.258874
51.227279
54.128844
54.506990
56.394573
53.439756
56.328101
66.720778
64.325743
67.940109
68.715266
63.641711
63.724586
68.516236
65.202432
66.113411
65.416052
64.301837
63.401877
59.886744
57.363738
59.102538
55.497125
56.754768
60.747152
56.851529
54.035797
50.818137
45.720789
51.489659
54.375396
56.826064
57.875199
60.074341
59.314920
59.568758
59.903142
60.107873
59.160331
54.850175
56.080539
54.969049
51.261827
59.141292
62.548591
59.147945
56.575310
57.492096
59.679416
60.921101
59.395672
59.859913
62.944925
53.732066
52.754361
45.965178
40.526087
38.457788
40.914878
41.447302
41.339261
45.609478
40.009333
36.772756
43.249360
42.238864
38.965624
41.041983
48.206517
45.934614
49.494107
52.952242
54.975680
59.928038
57.515489
52.553965
57.063644
45.698442
47.702586
61.105244
63.618059
63.855302
65.245867
68.518417
59.392918
58.161384
56.054075
49.861206
60.832030
61.293907
66.115133
66.555225
70.806131
73.587338
69.132810
64.922781
66.783960
54.897773
52.342674
53.476844
51.866517
51.112246
50.347929
49.694096
48.826885
50.652520
54.440649
49.791998
48.493166
46.926517
45.778701
47.349550
39.874639
40.107568
34.822572
37.661322
38.574271
42.878667
41.263266
43.111517
41.057869
42.881639
43.888636
40.782708
35.854381
34.308033
47.250295
45.334536
45.052614
43.632834
51.276922
53.455041
53.632607
60.045122
55.737174
46.803223
44.985974
47.520751
40.989866
45.253609
41.786160
44.338765
32.010157
31.812699
31.270125
29.359909
25.479391
24.736642
22.043611
27.758368
34.521164
35.232628
41.617855
43.373009
43.075086
43.722264
40.067079
41.050589
34.414958
31.756681
53.706356
49.908102
51.710322
50.902556
50.962019
47.376320
44.602856
52.559075
52.671394
47.871384
43.779101
47.022956
50.124744
44.978479
43.816961
49.249440
46.937936
46.363470
31.812385
38.258581
38.419671
40.461715
42.353538
49.426013
49.520107
44.142714
47.072771
41.936910
44.922085
38.446530
41.995146
40.608069
38.975601
43.502438
44.810866
48.336010
51.008720
50.535338
48.077827
50.883160
53.493597
55.023090
54.285171
56.065548
56.169735
48.741764
42.778156
40.514539
44.811955
46.366063
46.985368
54.218309
57.459432
55.845668
59.999088
61.488758
68.778284
69.586806
69.942807
70.710347
68.159269
70.124400
71.110421
79.231887
79.421073
79.997656
82.664256
81.962985
81.813878
75.022663
69.540966
67.177385
47.345208
44.140969
38.359600
38.304713
41.398114
45.840594
39.396849
37.075107
34.756489
25.603191
23.172235
25.114366
24.936268
32.433914
38.831341
34.590881
33.409228
33.196544
45.327570
47.747400
48.605963
46.723994
46.190564
45.223137
40.050658
32.308882
28.181570
29.044572
30.880402
35.552205
35.644221
32.978636
32.234509
35.993797
32.223477
38.470042
55.168426
58.737513
54.543469
52.359013
53.453867
52.838887
46.828653
46.341543
52.273291
61.505815
62.882627
59.172533
53.531559
56.277162
58.312698
61.468581
54.553631
54.897476
38.704413
45.798605
48.817646
49.678549
46.009310
47.951635
49.335548
46.950995
46.591152
52.483584
51.707072
51.354786
46.679253
48.646123
48.506481
47.061379
49.030184
54.144110
53.463597
51.710575
51.380268
53.187126
52.861148
52.216658
55.028027
49.969968
47.883814
67.342100
60.417702
60.085683
61.377067
62.296647
57.950429
50.310997
42.613581
38.827378
33.183724
31.798362
33.078766
31.415360
30.049027
29.891309
25.245853
37.003200
34.735680
30.755020
29.738110
29.130678
24.505033
30.150708
31.350824
33.637970
31.253941
27.663121
41.321412
43.676398
42.542905
43.272090
43.050743
52.047065
53.362609
45.536794
42.629602
45.961639
51.013159
52.057243
55.130261
55.581353
42.829797
55.260498
56.518599
58.942136
47.071542
43.604754
42.748615
45.438979
43.176410
44.441582
48.928194
56.319687
55.602724
60.258728
62.607909
62.195859
63.757304
64.454616
63.702789
63.503575
65.351571
67.797150
60.086346
64.927708
58.094212
57.477881
56.036778
56.506524
53.109480
54.621080
58.224829
66.494477
67.594803
69.742018
69.231512
68.086220
67.153623
64.787615
63.336744
66.648351
64.124527
65.229123
67.632318
63.898721
59.259254
53.590090
49.020799
51.383571
44.965500
30.904557
29.060477
28.294238
33.099713
37.553723
35.326737
35.981864
44.881015
46.305389
58.604431
60.866485
62.958387
62.487574
62.367506
59.573595
57.849630
46.734769
48.464261
59.516472
53.205692
51.731160
55.568198
54.465302
53.362848
54.127284
55.481473
59.603439
49.065634
47.388702
50.809747
50.667293
49.746623
50.872939
47.628202
41.606430
40.279091
46.166078
43.332843
44.452693
41.575741
40.479643
44.248339
49.200913
53.754407
50.585888
57.230596
54.262652
56.452070
53.775164
58.428195
59.074478
63.186207
64.711122
65.944243
68.668302
71.276644
72.236267
72.784287
68.190479
71.629373
74.123402
72.384564
75.193572
79.715059
77.094721
78.216233
75.371208
76.009751
70.177324
70.664730
72.532092
72.790298
59.386790
63.110597
56.360035
57.388492
54.417384
48.015244
46.683213
49.234866
47.636531
52.858995
50.520987
52.040032
50.341369
52.651630
55.006394
55.964486
47.639981
41.436369
50.793073
52.419598
53.061224
54.620075
55.151482
53.800089
49.696261
51.269636
57.171360
60.664530
63.154125
63.060359
60.018587
53.885661
54.133550
52.227652
50.906681
49.507458
64.416180
67.549597
63.808656
64.844994
65.679067
69.031038
70.744001
72.987573
64.097592
50.381466
48.991229
46.959985
43.704379
44.076066
41.656106
41.603696
53.145759
53.095500
48.172699
49.501670
46.006339
44.561461
42.207648
38.663122
40.315359
36.924332
41.856331
31.672323
38.475063
35.303762
36.259043
33.491821
26.537284
34.120177
31.594482
29.969488
20.839739
20.062974
23.994202
23.744700
28.589853
23.519973
21.570231
19.861336
19.119208
14.538929
12.610019
13.588560
15.935202
15.369019
17.128597
16.999221
15.443201
19.657861
28.051724
24.990894
22.928816
22.059108
21.902586
32.931405
35.288648
30.425630
28.566916
37.355168
43.128371
42.594572
41.403061
45.067918
46.369734
48.661258
48.417456
44.687531
30.908113
28.385125
27.270989
25.653215
26.695635
29.278317
27.409712
25.675777
27.471258
35.991358
40.539490
44.054637
41.615440
42.961795
39.293872
41.699797
37.389039
40.671205
44.669687
45.856466
44.326349
44.438760
47.579883
46.737375
49.590942
51.121055
54.732246
65.329962
66.447888
62.179941
62.533372
55.198559
52.104210
54.423194
53.589762
51.257971
31.560171
30.973725
32.261529
34.217339
35.256377
36.024133
41.895716
50.290144
47.021423
34.998866
37.034450
41.067743
47.681343
46.964279
40.631028
39.420614
40.011183
36.638674
40.414460
44.138092
44.476065
47.561540
48.129454
45.359778
50.248989
55.560571
54.494338
68.263387
61.390189
58.854702
58.485831
55.570799
55.639401
51.003608
54.563483
53.780257
58.802072
61.437443
57.972585
61.206444
60.731074
58.040576
61.808268
56.377580
51.731414
38.385124
41.524488
37.076321
37.099367
41.345213
42.015542
41.708717
39.773507
39.436743
26.245827
26.780067
26.341749
24.130786
23.668549
25.436519
24.222980
35.460499
39.832123
38.797030
43.813474
46.639358
41.041463
39.471431
43.373453
50.394793
44.091647
46.439592
46.479196
47.495168
51.347507
51.095283
50.454357
48.682653
45.008319
42.789884
42.523571
47.143936
34.540566
34.635844
35.650382
30.971895
25.175077
28.648541
27.845705
25.281515
45.920438
41.324075
42.803095
44.514213
42.778758
43.198374
47.789633
47.638656
45.740838
58.520270
59.303802
58.673671
59.695562
60.197291
61.090724
62.886389
61.119958
61.854529
60.816419
56.257482
61.448688
67.192198
67.593060
63.558125
61.249122
67.865416
68.913748
51.314286
55.096604
56.516311
55.799824
53.803976
53.410349
49.966222
48.706394
48.561876
38.675309
43.163511
40.490791
39.412186
42.492249
43.605833
49.189709
56.215001
58.813484
45.050111
50.745518
49.691620
48.219670
47.567703
42.597817
41.720500
45.374573
46.826351
44.345658
38.889682
42.615494
37.819967
36.497430
32.455681
29.327641
28.605243
34.776093
48.373921
53.872790
51.108098
52.598402
50.309022
53.384177
54.355634
60.220702
62.315353
69.664997
71.743613
67.909546
68.160550
69.452977
60.992956
61.157674
59.153526
59.829700
49.245440
53.196180
55.663574
58.676683
58.905034
62.477160
66.431762
74.650368
75.333347
73.528791
74.803916
75.411305
66.666257
63.703583
62.157489
61.040490
66.445560
65.089281
58.119697
56.511826
58.746545
58.670915
55.617597
58.745529
57.284616
58.442250
59.304845
56.603698
59.637788
60.063069
62.852699
63.777922
64.923932
59.649553
60.827437
54.609290
46.285463
52.733017
58.888765
59.419154
58.086912
58.453397
54.276547
43.256132
46.859260
41.439812
43.111388
42.999920
36.018505
39.444210
40.353686
38.642128
43.422264
39.705079
44.427030
42.092102
44.311834
47.133842
47.757005
51.740997
49.499385
48.419262
49.929302
50.111503
42.650315
48.848452
50.153701
50.998343
49.597667
57.362010
61.297614
65.122625
72.214039
73.222377
75.733014
77.123751
74.460688
74.946609
77.077016
77.187477
77.911444
80.168780
80.357492
80.777201
81.297622
82.870013
66.171200
68.032755
71.056283
59.290780
49.439861
47.704711
45.679616
43.577690
49.380199
52.005446
54.527044
57.059164
55.113256
49.739946
54.543135
57.949169
56.345188
58.369377
61.105003
61.398853
64.905419
68.987391
77.142838
73.826513
75.482618
77.637578
71.459533
71.475570
67.025647
60.822715
61.447275
63.376990
56.742266
57.696344
58.262348
60.729193
48.488435
50.705018
52.027826
46.513496
56.321984
51.041061
53.468787
57.703913
57.917694
61.299453
61.839461
59.327190
56.272398
50.418413
48.980605
43.865457
41.997333
37.273514
41.024708
40.236140
40.115133
39.204186
42.118448
45.995467
45.320894
43.476381
45.191437
60.902751
58.149753
60.856908
62.990888
62.050919
61.025736
61.144438
61.109197
65.401514
67.005499
60.627704
60.365018
56.094407
68.666096
62.108772
67.073912
57.010706
59.327854
61.489933
59.926767
59.906705
62.178195
58.189204
60.725078
62.201236
61.670174
53.745076
50.431430
59.751352
56.857732
59.514226
65.927617
70.098150
65.568152
65.323090
62.191518
55.406584
55.841900
61.326163
62.890478
59.718998
53.317354
50.008243
45.194422
41.048023
35.784798
36.144983
31.025497
30.462754
39.090529
38.765249
46.660479
44.893800
45.406858
42.506659
39.411421
41.151446
44.103602
37.604035
33.408784
36.510268
32.963364
40.886682
40.144957
36.366687
34.781989
33.771793
21.493828
20.559294
21.033373
21.202714
19.963189
18.535789
17.978122
16.395537
22.658815
29.828247
28.534532
31.557104
28.641056
29.773059
27.854593
32.320431
29.575580
29.186654
23.869215
35.530228
32.719692
35.995390
41.385828
39.461444
40.678361
41.873101
43.287259
54.665595
53.233367
44.391793
48.654591
49.602089
45.913775
50.766137
53.682876
49.851988
54.227357
49.167608
46.195866
44.958854
50.112566
51.930872
44.284019
31.362731
29.791582
24.604420
22.595784
25.996968
25.495191
29.912198
31.705701
34.701360
34.289771
36.417228
48.801694
53.079929
57.040622
56.050431
55.769975
50.555918
46.332543
42.642832
42.472523
39.806618
39.434275
33.851026
41.978464
43.516608
46.505821
45.178901
40.554483
37.314986
29.492769
27.035717
32.375424
31.142109
36.158869
35.141621
34.728836
31.516821
32.601760
44.923013
50.461337
49.715320
48.337335
48.852953
56.257309
59.514573
64.084744
65.765156
39.742718
43.430967
45.093405
43.817070
43.074010
46.629398
47.893133
48.651873
47.117660
51.445953
51.531242
55.435633
55.735079
54.696223
56.635216
51.499440
56.399702
53.301200
46.949010
52.527557
48.963238
48.871126
49.289046
46.864570
53.011852
55.022664
57.137105
57.595195
57.842474
55.469876
52.961583
45.516167
38.919054
45.244615
55.713937
54.599368
62.153491
66.826428
62.081235
63.977810
62.951009
64.312556
61.035616
62.597183
61.426055
70.209093
72.588681
70.015402
70.620076
71.296543
72.189496
76.825116
71.113807
71.850137
72.991060
73.112760
73.578841
76.346379
77.314492
53.654404
52.471669
47.101683
45.528865
43.131736
44.553176
42.567177
41.241539
34.763155
36.955344
38.075288
37.383988
36.311639
43.726374
41.554854
40.984313
37.957728
37.731379
35.702884
38.943738
34.216885
34.261692
22.297584
21.719118
26.695104
30.635457
29.456376
27.306980
27.110574
32.769745
31.666525
26.879057
26.820467
25.679747
28.871455
29.675193
35.387397
42.478709
51.823964
48.222237
49.794678
43.509342
40.739236
40.954469
40.357307
39.712777
36.977782
38.391145
37.716532
32.727829
37.724412
42.491495
41.664680
41.186018
43.817364
44.128576
52.138603
55.230631
46.816473
52.319177
46.751274
46.836263
42.719889
48.624699
36.845533
36.107083
33.826668
31.264973
27.111575
25.254674
19.477135
19.200121
26.575510
25.749615
31.456448
30.307825
30.819697
35.386940
29.490989
34.088231
36.495342
39.082889
42.203351
40.452582
34.608872
48.128940
40.979202
40.332459
45.889853
45.978642
43.866799
40.515433
44.216529
36.104638
29.951652
29.317390
25.958346
38.803009
35.604403
42.737094
45.063527
47.384589
48.970706
39.640721
39.216161
44.456730
43.634517
42.157785
40.743560
38.100275
39.363751
41.412749
51.195141
50.735437
48.528269
44.599293
43.826615
48.096868
49.948790
49.584707
52.360005
42.442480
42.576776
46.444825
49.049466
52.574272
55.086390
54.445745
59.887356
60.008375
71.858027
73.860814
75.782018
75.906165
76.276567
73.600894
75.130024
75.918832
77.799228
70.925160
66.777191
64.361988
66.184005
64.103812
59.482496
60.247957
54.588750
57.820576
63.372972
58.008029
52.789058
51.050807
52.422504
54.010009
53.088070
51.022743
50.710305
45.580986
50.226293
52.493425
49.802794
50.717307
41.349932
35.327377
38.307948
35.254363
33.365056
34.039002
44.641770
43.783084
47.187669
51.653277
43.165265
43.070818
40.343815
35.221084
32.126229
30.984019
36.147966
39.473964
40.810255
35.356112
39.330780
44.746664
38.950290
46.678877
51.253044
48.761616
46.604326
43.181748
45.914460
44.576524
43.404045
46.388813
49.686093
52.258627
53.672076
58.645984
37.970418
43.487842
49.830744
57.194565
62.832657
59.607953
59.764454
63.565566
58.812315
64.695166
63.351362
57.037361
54.542689
57.568158
56.550635
58.280224
59.969794
62.081587
63.225798
66.238921
63.550020
63.739439
71.767122
69.942693
67.652212
67.851694
70.442942
73.321464
69.399897
65.993938
58.690381
59.318957
56.014709
60.178201
57.656025
56.544261
54.749973
52.500384
55.381442
53.991051
46.182996
44.472435
45.811951
49.336550
50.517711
50.086177
55.557267
58.121971
57.219818
41.492950
39.287942
40.565744
42.399242
42.594059
41.909371
56.696054
51.202820
54.992447
60.292816
58.747198
62.606368
65.627723
68.638008
70.664498
68.240634
62.631705
62.863002
65.127341
55.336489
52.977122
51.523009
51.789271
51.021252
63.024909
64.698538
67.250906
69.684246
71.606795
67.141229
68.434176
63.437203
61.925573
63.530618
67.731794
70.012251
64.645473
64.895262
60.298811
57.185593
56.035898
62.970135
61.857363
65.973165
65.336760
50.538408
53.549841
55.850014
55.663019
56.306971
57.495306
61.640665
64.116057
64.367509
63.613145
65.097419
66.027797
66.435918
65.972052
63.738669
66.401917
62.740298
60.847546
73.156129
73.225016
75.341460
75.110099
74.967229
74.114356
53.974661
56.210655
57.828999
59.339698
56.564097
53.416768
55.766145
53.940866
49.534514
49.096902
48.496453
44.079635
33.365551
33.786718
29.861192
26.905473
23.228790
27.218295
40.363861
37.742237
41.887363
53.940469
58.476091
62.167052
63.608487
65.701991
68.367959
71.774816
60.679578
63.867547
67.833512
68.658214
71.093249
68.335098
67.951926
65.338036
60.323632
62.212611
62.284759
63.140560
64.853526
64.861660
65.910949
66.415547
68.066230
69.426755
72.939922
74.737937
62.167490
57.142561
59.533657
60.646479
61.697906
60.489633
59.574283
63.102074
65.338779
60.244095
61.417283
63.992553
62.845532
64.683070
83.648933
85.263376
86.198586
86.834571
89.031392
82.824957
82.830879
83.145534
79.528053
79.777845
80.863036
81.042859
78.629065
81.292322
76.656466
76.839190
77.542348
78.850551
79.290094
81.291165
78.532335
73.427207
73.179286
69.212187
67.466922
69.670456
71.041550
76.640997
70.122030
70.175215
71.148011
59.889166
53.276510
53.584316
51.259649
49.659844
52.554203
44.597798
45.786552
49.099126
58.095402
51.945039
47.504766
47.812577
43.899558
40.036231
45.944175
50.200253
53.953962
63.526599
63.611093
68.368498
64.180902
63.625612
65.610828
61.267152
57.787623
62.656297
53.330192
54.120756
52.304115
50.314219
53.453903
54.073358
59.294416
54.847537
54.809735
56.867494
63.647203
56.117720
52.055279
53.251757
54.555228
56.736549
58.908867
55.871628
53.501677
56.666945
51.582730
51.718593
54.494046
50.921162
55.714693
54.785611
55.083298
66.638134
66.587664
68.234216
69.426267
64.910237
61.197087
60.051879
62.595534
62.950895
58.620402
56.537943
62.946997
60.495082
57.636132
56.640652
57.366900
55.957769
59.221000
44.121005
36.166010
39.950045
38.868496
40.226609
39.231491
39.765696
38.558808
36.505391
36.131331
31.338206
41.602622
46.099787
47.669364
41.540334
40.719715
45.194551
39.157082
51.485995
49.133969
48.036136
48.753292
50.921788
45.009011
47.178194
44.581038
47.484525
59.370162
56.834410
57.214968
61.880317
64.260825
61.993642
62.818631
57.552277
56.652283
58.579158
62.322133
62.604890
62.876071
66.958110
49.312438
54.651267
55.939592
57.127065
53.163110
47.279508
44.125756
46.516680
44.755641
42.259833
44.013379
48.465926
45.599936
49.126914
43.389858
40.242440
40.351242
43.338150
42.790151
35.209701
31.877491
33.021549
32.878441
27.324418
27.224424
26.498522
24.900111
32.541888
29.911602
43.488827
34.821831
36.061823
34.186612
31.196809
30.482866
35.585344
35.999767
39.567284
44.199678
42.092208
45.115579
47.109876
55.879695
53.935234
60.393790
52.502957
53.831787
55.902979
58.099956
45.392009
53.094632
54.426176
51.842559
48.234313
46.759659
47.067301
47.121579
47.554130
50.574638
55.666107
64.322153
65.081092
66.697063
77.958020
81.041717
56.743284
58.729182
53.189301
50.536917
49.393985
52.317708
48.960166
52.773935
53.383130
54.994979
55.148646
43.139464
39.547943
40.186522
41.700646
40.996982
32.738302
24.834461
29.385093
26.722287
23.184481
24.560219
22.226168
26.400081
33.568197
31.545659
33.725750
31.982919
33.162289
38.715098
38.718079
40.298671
39.908211
40.514958
39.573551
39.431850
37.820489
39.401158
35.317605
35.403436
36.783606
35.251804
36.771528
34.592375
34.409811
39.498233
37.367747
52.405020
53.684212
51.302516
55.472419
55.874101
58.459454
56.707638
64.646622
65.649151
69.127177
62.253972
60.147889
57.810857
53.966886
47.989827
38.982583
36.681657
38.375726
41.911040
45.694685
46.918626
43.436915
45.276527
40.706261
37.872506
47.536852
45.899617
54.504308
56.346346
58.794218
58.980165
56.895898
51.917298
47.812591
50.734271
50.651296
45.307511
48.022478
51.131951
52.106338
52.842357
48.119875
46.596111
40.640599
40.266843
40.844202
46.529177
47.650718
45.185456
48.115905
56.267093
59.255494
63.266990
65.220586
45.389050
50.771574
47.914603
46.085137
42.860399
42.112168
42.112168
42.112168
42.112168
60.212305
55.381075
56.920063
61.000554
59.619381
58.692838
59.177946
58.751955
61.260106
74.002605
77.954499
76.444404
61.119413
62.191723
66.153438
62.301711
65.487754
57.547553
68.846720
68.637388
68.714764
71.507732
70.489696
73.724310
73.597826
73.909587
74.986270
69.688619
70.123443
71.324063
71.455481
69.999040
63.073185
62.859228
64.567238
62.038686
58.506169
58.450335
61.081208
59.881652
60.300758
69.700577
59.379923
69.446594
71.670800
73.452302
73.296121
75.209524
75.786734
78.290338
77.683684
80.863096
82.426846
77.771564
65.173919
65.883032
64.445283
64.969185
65.697401
68.026419
68.276292
70.823367
68.277497
73.152608
77.047344
78.193357
79.032639
79.218322
79.632588
79.684973
74.331946
76.686767
81.010620
82.353186
78.461604
80.145762
80.640174
81.562108
66.318052
71.263722
69.259499
70.466553
73.243934
71.894987
67.959280
61.477763
62.804927
66.702144
67.554265
63.253317
64.168841
64.913388
67.561777
68.367531
65.167080
68.272624
64.618438
65.717731
64.192376
57.988065
58.152911
58.573706
60.593042
60.846703
61.020673
65.770612
68.971667
70.893530
70.912863
65.918107
69.232358
70.892540
72.786839
73.438527
74.486381
65.890949
57.986289
34.740960
34.714042
29.766220
25.389727
24.562485
30.710793
32.489667
30.097846
27.693478
40.885531
39.365709
41.937383
38.904189
43.838159
40.691011
43.860177
46.588686
50.753852
52.862289
55.039661
50.908079
49.587254
52.305510
53.185422
51.644436
57.618581
60.630686
62.280769
56.617577
49.920353
52.841484
51.351985
46.551101
46.070864
56.204115
56.581353
55.633916
41.941529
46.948818
48.430090
46.360137
45.742102
48.733689
49.839850
55.558027
59.420588
56.654692
61.570870
51.529466
55.234423
56.267527
53.076524
56.779321
59.053013
61.032829
60.124187
63.214918
60.776475
51.709405
47.582754
54.863883
53.743620
57.342613
48.607839
44.515503
42.509052
41.443533
47.256482
50.226525
56.227332
54.832507
54.382381
43.331737
42.680562
38.431807
44.026646
47.539481
52.359041
49.284457
55.062802
55.763558
55.322966
56.683742
52.680097
57.946375
61.773533
60.936649
65.215267
53.414148
57.489948
74.104966
73.077649
72.180975
69.562163
67.523246
72.845354
67.906756
71.757251
72.370502
58.659373
60.341302
60.308693
60.196813
61.794316
55.597621
57.125410
61.112377
63.408829
51.371052
45.954433
45.956323
47.292215
51.126644
47.941590
50.432706
49.966763
50.709916
48.216442
51.173501
48.664540
47.866920
50.038957
44.488223
46.245489
44.564379
48.972822
59.176538
62.996700
63.697288
58.616747
59.565848
60.215822
63.533768
54.359828
54.087094
68.216270
70.784002
72.445571
67.121934
65.398928
63.192301
58.345190
58.364889
55.342667
45.322974
39.514989
38.104498
33.586067
32.440532
40.932808
40.631036
38.176171
40.146037
45.952743
44.890257
45.462226
45.684364
49.447694
48.531179
51.869563
51.927084
51.161788
56.168519
56.350321
58.739753
58.195604
59.537920
51.743335
59.634210
48.986836
45.936478
52.587799
54.181469
52.415382
54.288683
56.934398
54.010118
55.815143
57.704680
60.925662
66.915847
68.519952
68.430025
69.574837
64.781228
51.578706
45.978320
53.462271
56.160758
38.863053
43.483256
42.491785
40.372583
46.341675
48.464413
49.873219
52.586323
52.890070
54.340389
50.486439
52.893034
51.773378
52.564890
53.928440
53.250566
51.750774
51.378550
32.645814
46.554245
43.759173
47.184828
47.885073
47.968253
46.518050
46.539085
43.641648
34.463432
37.093532
35.488852
36.272748
46.953185
49.464508
45.548473
49.090012
50.466786
57.738488
55.789464
57.056468
58.449065
59.089453
58.799571
64.649426
57.660769
54.778308
56.301622
53.225276
51.976351
43.866454
41.808324
36.747114
30.926380
29.969855
27.623393
50.924714
53.479519
53.101419
54.415467
53.988517
56.680981
54.499271
49.088222
46.869511
43.467096
45.355977
48.601682
49.793696
53.586798
52.945335
45.876822
48.412352
45.669412
53.166734
53.023348
57.701610
57.901350
56.441648
47.218577
49.227051
45.150029
38.321226
33.822672
31.414254
34.756661
35.678949
36.877002
35.812181
45.093331
46.999529
48.480788
62.546044
62.219786
63.907700
64.711727
61.344360
65.999157
68.387653
68.815628
70.243611
74.457793
71.040290
71.634360
64.835551
67.992844
70.825634
68.754669
68.710002
68.635093
71.150313
71.014779
71.675723
67.418500
65.186677
64.220160
56.697306
46.772998
46.416320
47.081717
47.966150
52.789187
53.386971
51.387261
56.393898
56.882796
60.566090
58.387681
56.018171
41.916367
46.376557
48.668935
46.156979
50.338006
58.498936
57.670736
56.656164
26.646591
33.191435
32.039104
39.711100
39.406364
43.604304
36.165928
38.953738
42.971221
27.791858
24.102023
30.251246
28.733718
26.319556
31.475351
30.923191
30.814654
28.631674
37.561859
35.289141
37.286318
41.904199
48.597642
50.896953
49.480692
51.496798
51.275464
45.851490
36.791151
28.688033
32.428421
30.640647
32.345528
34.501937
33.861224
30.975962
40.153406
38.593567
39.516155
39.467274
37.001627
45.933730
49.141258
52.007512
50.239443
57.074147
56.054135
52.855198
47.697416
39.609496
39.308714
36.069282
39.477953
39.671817
35.598666
42.475216
49.383071
48.020590
51.236954
51.987740
53.608811
53.646701
52.837535
64.560836
66.553869
67.239334
67.586493
67.515787
69.458862
64.471899
64.085036
64.625404
66.194027
68.421681
69.796986
69.019226
69.726820
68.405375
67.910715
60.828572
59.205164
59.334090
49.565138
45.265341
49.793473
53.436701
55.546583
59.147947
59.157056
55.885856
37.489479
31.164717
27.972512
27.534736
35.890513
38.110397
38.707730
40.259521
39.703603
48.860657
54.096297
56.091080
59.229212
56.556416
58.422928
57.612405
53.781384
54.214561
59.929019
57.323056
53.821916
53.398874
54.778870
50.412038
51.061162
52.009600
53.955095
61.423117
64.289304
66.804529
67.860222
67.713067
68.579648
71.609663
63.713629
68.071328
77.446550
78.066284
76.383918
78.319831
76.858405
70.465238
71.697030
73.610514
73.175522
72.385554
74.001708
76.547663
77.155939
76.756034
78.372973
79.043665
81.283623
74.544135
76.271167
74.110321
71.970361
72.242738
67.032350
64.448127
64.313660
55.517029
58.151897
63.395878
68.548255
73.065091
74.249451
72.050018
70.804935
63.698888
54.797579
49.905878
46.023745
41.486814
41.503988
46.638145
43.423631
39.472444
43.432771
38.378583
42.720940
48.567419
49.399587
49.651319
50.078929
52.272996
50.216732
49.000918
52.358491
55.008641
65.195912
67.642991
66.970232
63.633454
57.167862
55.347907
56.430555
56.748088
58.428257
64.795459
63.306171
65.413096
60.148155
60.694288
67.904112
59.366294
57.061734
58.787664
61.330149
56.492182
56.472820
56.579664
55.963261
59.419789
51.134602
56.445336
59.968074
69.213472
62.417033
65.254684
60.294611
63.587054
63.778767
66.874379
62.278989
62.597037
68.370003
62.966497
60.537785
59.311987
55.653231
51.986103
54.514996
55.514354
53.926804
57.696133
60.320900
65.009804
68.589397
68.252280
71.017144
64.375959
59.650162
62.202434
57.443996
58.198635
52.167624
54.609526
54.235977
54.856094
58.200331
61.788950
62.528915
39.481685
40.446038
40.889194
39.863431
37.094624
38.288023
40.852305
48.959344
46.933978
42.359280
40.849125
39.683734
36.853809
41.067384
49.942969
54.931227
60.612214
63.600887
61.925915
57.032765
59.711998
62.021789
63.852098
62.368582
64.564780
55.376566
54.583860
47.238078
50.125248
50.367226
49.662910
53.556661
51.666860
52.272141
53.193010
56.666303
32.854567
44.207992
41.307563
40.873610
40.762979
43.407887
43.209871
42.524771
47.138921
50.528707
51.742251
50.771982
50.159114
51.282783
57.531924
48.016134
42.818224
48.083175
53.605636
37.353207
44.208921
41.213021
47.140645
53.074745
56.889915
58.299595
62.907458
56.344095
55.287696
56.886789
57.635576
56.529773
51.977922
51.397397
38.115942
37.967524
49.066179
48.170915
51.196014
51.712221
51.171632
48.589038
50.795274
48.614837
49.178625
43.514564
40.457334
35.862967
34.349440
33.251078
40.354316
44.813627
40.891428
44.220982
53.082996
59.784313
59.204688
57.251284
60.739360
60.011666
62.991148
67.447160
68.858113
70.136743
66.559441
67.899415
69.181576
69.575259
66.662865
58.918390
60.184687
60.785587
58.263926
54.097990
52.009151
51.316810
47.436009
47.091119
53.639604
56.331413
60.316868
46.548650
52.554610
50.538552
51.622911
50.907313
58.794347
47.222439
43.426851
48.638228
54.798775
50.749281
51.514834
50.479258
44.754431
40.076061
35.157473
39.711785
43.399254
49.667240
54.459087
54.044880
53.186572
50.885758
50.681619
52.399390
52.764353
53.596160
57.789314
55.762313
58.128423
59.811276
55.642878
46.808408
45.487611
48.645785
52.093185
56.970341
54.324396
54.694222
54.798335
55.048634
54.229888
42.696195
45.854232
46.728871
51.663143
56.417154
57.702940
57.569298
58.712172
62.899036
53.419736
52.747403
55.179548
77.495690
78.849754
80.192516
80.996676
78.787274
70.595885
61.188340
64.216567
65.807883
71.530124
73.654654
71.637929
71.127570
72.962945
72.160006
75.913078
74.651272
65.410271
61.850210
62.646362
60.258824
57.886480
55.955747
53.137607
55.234051
54.775511
55.595423
53.039267
50.933275
48.350397
49.871525
44.317159
45.540884
44.277888
40.763104
42.333213
20.679968
27.610404
23.473505
22.622309
22.081156
21.696687
19.755293
20.431464
22.227909
17.617506
28.551368
31.814631
31.107874
31.654041
33.827375
31.909105
31.696812
29.673895
27.812362
30.100408
26.456714
39.368725
45.563650
47.073045
54.888236
62.081703
59.640300
62.696666
61.130519
58.169190
55.307478
54.067887
51.258796
50.595503
53.054969
53.366429
58.051255
60.096578
64.837097
62.375537
62.211436
58.905386
55.276157
46.417442
42.094850
35.414470
38.050581
35.066572
37.025541
37.733869
33.409398
29.578200
22.427153
24.284282
43.902441
49.189766
46.914928
47.505712
44.834118
39.759437
38.528994
49.657135
51.040060
60.479637
61.518685
63.251098
64.932474
62.753173
61.496572
60.424148
62.932216
64.122953
66.596823
63.186509
61.791145
63.918314
64.102009
64.106904
52.074345
47.521228
48.018694
49.489426
45.025881
46.298372
44.197615
46.801889
48.461331
51.894945
54.289582
53.445346
46.130391
43.532708
44.761592
50.807938
55.859754
52.967421
56.348179
47.095522
48.417566
48.780053
52.095366
53.983038
54.016435
55.963531
51.403714
46.370107
53.144930
52.133540
51.890026
49.158359
45.157092
42.622913
48.180303
48.753031
50.599524
48.921802
45.226473
65.631967
68.691619
62.642856
57.402576
58.582923
61.176957
61.824763
61.891272
63.081646
69.660500
66.658115
62.979110
62.926193
61.977298
69.086302
68.661628
72.490818
73.606608
76.939667
79.203403
79.394636
80.719887
76.539068
71.136535
71.783775
73.243095
73.046321
67.154550
60.055378
56.841862
49.103689
47.421097
48.126756
56.713019
60.613955
62.597217
67.288035
69.659156
63.655931
65.359819
67.088009
73.573742
61.796544
63.950778
59.735878
46.791309
48.028515
48.235385
44.629530
44.140291
44.737004
40.956374
38.973674
40.120664
34.908276
28.159066
33.299891
34.535376
39.432946
43.487840
41.645860
37.935632
37.178100
39.532920
40.164328
41.855088
37.619199
35.772286
32.108836
29.451200
33.233228
30.882933
20.579545
28.618275
29.306502
27.325212
35.106598
34.748198
36.743774
40.108772
42.503877
31.396913
35.669203
36.081945
33.419578
33.172506
25.534326
35.430015
40.333474
38.335733
36.330456
32.069011
38.906792
38.425496
39.418903
39.644264
45.781337
44.088435
42.365887
43.762637
41.267609
40.858759
45.294665
40.270528
41.591871
43.687043
49.764089
50.150766
60.577794
62.313272
63.569791
64.506396
62.305916
61.551585
63.167226
58.851056
58.037937
55.113216
57.925229
57.954854
62.612700
63.061968
58.248928
53.356921
49.464379
53.627113
63.994220
68.795205
72.478853
73.547967
73.207672
73.883242
74.848042
75.242678
72.943348
77.291760
76.754416
67.434687
66.441569
59.387101
58.430348
54.102200
52.042618
51.446138
54.060770
49.120598
48.207441
44.924910
46.729228
45.309832
44.415427
41.492833
43.770532
29.202444
34.747666
33.085713
35.768879
33.661170
30.935301
30.294440
29.790210
36.397064
22.843923
22.521916
21.220550
19.876935
19.380838
16.041068
13.731814
10.839304
12.700351
11.898802
17.110156
25.619920
28.927759
31.133287
30.988490
31.845601
31.171482
31.603553
32.095876
40.162987
41.308493
44.628510
49.512197
48.850321
47.192121
45.064637
45.984516
51.407517
45.648487
57.080792
55.832709
60.429454
64.753619
62.365550
60.927141
62.143518
70.971646
73.725008
74.974984
74.527115
76.038965
76.873207
79.551150
81.647249
80.830301
82.394100
84.480452
84.722656
85.568445
86.074456
86.624401
88.505856
81.371391
78.055233
70.391483
70.745226
62.636874
66.331353
67.421659
69.626040
68.307222
61.617278
61.622729
57.877995
51.186318
43.743302
46.380959
42.865150
45.920076
52.756792
54.759757
54.557934
55.002778
54.043328
56.117845
52.024727
50.082301
50.786076
56.954624
63.744858
63.387017
64.303784
70.117829
62.462208
64.261354
54.249716
50.688251
57.918616
55.084569
52.447044
55.383014
59.934712
56.723058
57.314901
58.824059
56.252971
64.483013
61.729422
63.548587
47.332924
52.642639
50.361720
50.903653
46.834137
55.076141
50.783728
55.267187
55.635082
55.908829
56.438375
58.892933
55.416944
52.368385
51.104937
50.637725
55.329526
56.676366
50.446000
55.980325
60.109467
57.893520
58.151996
54.095433
55.939403
55.118835
57.274544
48.693775
41.856321
38.766733
35.717508
33.704680
28.275505
41.114831
42.002413
48.708086
58.399036
65.784247
62.298048
63.917183
67.007061
68.931004
72.761061
70.607649
71.887369
67.194758
66.105014
67.768420
66.701583
69.118112
72.429050
72.638217
73.375385
73.803185
72.523875
75.553231
73.702571
71.999158
73.450733
74.672861
65.994699
63.564341
58.510382
45.431573
40.947158
35.752359
42.390977
38.361559
38.974894
43.421588
39.287728
34.470057
21.797502
20.300972
25.614208
36.705654
35.795065
33.420497
35.293207
30.727700
32.838896
23.745960
27.855258
32.647932
32.516293
31.475765
31.280427
31.834829
30.001707
35.823047
41.997101
39.818527
39.357321
35.223219
32.119771
36.242305
40.597734
47.994459
48.045334
48.699877
40.580220
44.080124
40.445474
45.179549
48.921581
46.144729
50.883734
50.704556
49.614097
44.995634
39.007266
33.812725
35.296848
35.069355
36.264806
36.239446
39.224202
55.709766
59.317131
56.908752
55.894193
53.420372
47.619457
49.875549
48.045636
46.315769
56.148661
55.004425
51.732364
53.113657
49.107003
54.996722
60.240389
57.845861
58.017936
49.888422
47.952537
49.916790
49.999865
46.816564
39.573996
42.052981
42.937525
42.310181
