0.000000
0.000000
0.000000
0.000000
0.000000
0.000000
0.000000
0.000000
0.000000
0.000000
0.000000
0.000000
0.000000
0.000000
0.000000
0.000000
0.000000
0.000000
0.000000
0.000000
0.000000
0.000000
0.000000
0.000000
0.000000
0.000000
0.000000
0.000000
0.000000
0.000000
0.000000
0.000000
0.000000
0.000000
0.000000
0.000000
0.000000
0.000000
0.000000
0.000000
0.000000
0.000000
0.000000
0.000000
0.000000
0.000000
0.000000
0.000000
0.000000
0.000000
0.000000
0.000000
0.000000
0.000000
0.000000
0.000000
0.000000
0.000000
0.000000
0.000000
0.000000
0.000000
0.000000
0.000000
0.000000
0.000000
0.000000
0.000000
0.000000
0.000000
0.000000
0.000000
0.000000
0.000000
0.000000
0.000000
0.000000
0.000000
0.000000
0.000000
0.000000
0.000000
0.000000
0.000000
0.000000
0.000000
0.000000
0.000000
0.000000
0.000000
0.000000
0.000000
0.000000
0.000000
0.000000
0.000000
0.000000
0.000000
0.000000
0.000000
0.000000
0.000000
0.000000
0.000000
0.000000
0.000000
0.000000
0.000000
0.000000
0.000000
0.000000
0.000000
0.000000
0.000000
0.000000
0.000000
0.000000
0.000000
0.000000
0.000000
0.000000
0.000000
0.000000
0.000000
0.000000
0.000000
0.000000
0.000000
0.000000
0.000000
0.000000
0.000000
0.000000
0.000000
0.000000
0.000000
0.000000
0.000000
0.000000
0.000000
0.000000
0.000000
0.000000
0.000000
0.000000
0.000000
0.000000
0.000000
0.000000
0.000000
0.000000
0.000000
0.000000
0.000000
0.000000
0.000000
0.000000
0.000000
0.000000
0.000000
0.000000
0.000000
0.000000
0.000000
0.000000
0.000000
0.000000
0.000000
0.000000
0.000000
0.000000
0.000000
0.000000
0.000000
0.000000
0.000000
0.000000
0.000000
0.000000
0.000000
0.000000
0.000000
0.000000
0.000000
0.000000
0.000000
0.000000
0.000000
0.000000
0.000000
0.000000
0.000000
0.000000
0.000000
0.000000
0.000000
0.000000
0.000000
0.000000
0.000000
0.000000
0.000000
0.000000
0.000000
0.000000
0.000000
0.000000
0.000000
0.000000
0.000000
0.000000
0.000000
0.000000
0.000000
0.000000
0.000000
0.000000
0.000000
0.000000
0.000000
0.000000
0.000000
0.000000
0.000000
0.000000
0.000000
0.000000
0.000000
0.000000
0.000000
0.000000
0.000000
0.000000
0.000000
0.000000
0.000000
0.000000
0.000000
0.000000
0.000000
0.000000
0.000000
0.000000
0.000000
0.000000
0.000000
0.000000
0.000000
0.000000
0.000000
0.000000
0.000000
0.000000
0.000000
0.000000
0.000000
0.000000
0.000000
0.000000
0.000000
0.000000
0.000000
0.000000
0.000000
0.000000
0.000000
0.000000
0.000000
0.000000
0.000000
0.000000
39.240000
35.620000
20.330000
-4.560000
-23.430000
-59.040000
-85.290000
-134.690000
-155.610000
-194.240000
-149.460000
-102.070000
-130.520000
-162.690000
-152.820000
-192.390000
-171.090000
-217.120000
-218.910000
-218.910000
-218.910000
-218.910000
-218.840000
-218.140000
-193.410000
-170.460000
128.210000
128.210000
128.210000
128.210000
128.210000
128.210000
128.210000
128.210000
128.210000
128.210000
128.210000
128.210000
128.210000
128.210000
128.210000
128.210000
128.210000
128.210000
128.210000
128.210000
128.210000
128.210000
128.210000
128.210000
128.210000
128.210000
128.210000
128.210000
128.210000
128.210000
128.210000
128.210000
128.210000
128.210000
128.210000
128.210000
128.210000
128.210000
128.210000
128.210000
128.210000
128.210000
128.210000
128.210000
128.210000
128.210000
128.210000
128.210000
128.210000
128.210000
128.210000
128.210000
128.210000
128.210000
128.210000
128.210000
128.210000
128.210000
128.210000
128.210000
128.210000
128.210000
128.210000
128.210000
128.210000
128.210000
128.210000
128.210000
128.210000
128.210000
128.210000
128.210000
128.210000
128.210000
128.210000
128.210000
128.210000
128.210000
128.210000
128.210000
153.590000
152.220000
168.650000
158.850000
178.360000
124.470000
119.380000
146.770000
171.050000
144.570000
129.650000
128.910000
115.470000
85.740000
69.090000
68.550000
99.660000
46.680000
15.120000
74.290000
37.990000
66.680000
70.390000
96.270000
141.880000
156.510000
160.790000
160.790000
160.790000
160.790000
160.790000
160.790000
160.790000
160.790000
160.790000
160.790000
160.790000
160.790000
160.790000
160.790000
160.790000
160.790000
160.790000
160.790000
160.790000
160.790000
160.790000
160.790000
160.790000
160.790000
160.790000
160.790000
160.790000
160.790000
160.790000
160.790000
160.790000
160.790000
160.790000
160.790000
160.790000
160.790000
160.790000
160.790000
160.790000
160.790000
160.790000
160.790000
160.790000
160.790000
160.790000
160.790000
160.790000
160.790000
160.790000
160.790000
160.790000
160.790000
160.790000
160.790000
160.790000
160.790000
160.790000
160.790000
160.790000
160.790000
160.790000
160.790000
160.790000
160.790000
160.790000
160.790000
160.790000
160.790000
160.790000
160.790000
160.790000
160.790000
160.790000
160.790000
160.790000
160.790000
160.790000
111.820000
79.740000
101.630000
25.020000
-20.900000
-29.010000
-41.940000
-119.990000
-33.050000
-40.820000
-80.430000
-71.000000
-140.870000
-140.870000
-140.870000
-140.870000
-140.870000
-140.870000
-140.870000
-140.870000
-140.870000
-230.570000
-179.740000
-202.350000
-164.340000
-114.820000
-139.660000
-272.100000
-215.530000
-194.730000
-151.900000
-171.660000
-164.790000
-217.840000
-179.590000
-172.680000
-183.260000
-193.140000
-198.380000
-298.990000
-298.990000
-298.990000
-298.990000
-298.990000
-298.990000
-298.990000
-298.990000
-298.990000
-298.990000
-298.990000
-298.990000
-298.990000
-298.990000
-298.990000
-298.990000
-298.990000
-298.990000
-298.990000
-298.990000
-298.990000
-298.990000
-298.990000
-298.990000
-298.990000
-298.990000
-298.990000
-298.990000
-298.990000
-298.990000
-298.990000
-298.990000
-298.990000
-298.990000
-298.990000
-278.660000
-316.900000
-346.710000
-337.820000
-248.170000
-149.190000
-218.640000
-217.660000
-183.840000
-278.440000
-284.080000
-239.090000
-249.750000
-471.150000
-468.440000
-492.890000
-883.430000
-883.430000
-883.430000
-883.430000
-833.840000
-817.700000
-757.390000
-810.790000
-779.890000
-827.980000
-838.390000
-876.620000
-937.490000
-875.990000
-884.840000
-933.030000
-940.920000
-943.320000
-938.190000
-946.520000
-940.380000
-930.890000
-951.000000
-951.000000
-951.000000
-951.000000
-951.000000
-951.000000
-951.000000
-951.000000
-951.000000
-951.000000
-951.000000
-951.000000
-951.000000
-951.000000
-951.000000
-951.000000
-951.000000
-951.000000
-951.000000
-951.000000
-951.000000
-951.000000
-951.000000
-951.000000
-951.000000
-951.000000
-951.000000
-951.000000
-951.000000
-951.000000
-951.000000
-951.000000
-951.000000
-951.000000
-951.000000
-951.000000
-951.000000
-951.000000
-951.000000
-951.000000
-951.000000
-951.000000
-951.000000
-951.000000
-951.000000
-951.000000
-951.000000
-951.000000
-951.000000
-951.000000
-951.000000
-951.000000
-951.000000
-951.000000
-951.000000
-951.000000
-951.000000
-951.000000
-951.000000
-951.000000
-951.000000
-951.000000
-951.000000
-951.000000
-951.000000
-951.000000
-951.000000
-951.000000
-951.000000
-951.000000
-951.000000
-951.000000
-951.000000
-951.000000
-951.000000
-951.000000
-951.000000
-951.000000
-951.000000
-951.000000
-951.000000
-951.000000
-951.000000
-951.000000
-951.000000
-951.000000
-951.000000
-951.000000
-951.000000
-951.000000
-951.000000
-951.000000
-951.000000
-951.000000
-951.000000
-951.000000
-951.000000
-951.000000
-951.000000
-951.000000
-951.000000
-951.000000
-951.000000
-951.000000
-951.000000
-951.000000
-951.000000
-951.000000
-951.000000
-951.000000
-960.410000
-981.980000
-1005.040000
-983.740000
-1018.950000
-1053.020000
-1033.790000
-1001.100000
-906.480000
-1029.800000
-1008.240000
-1045.050000
-1033.090000
-1017.330000
-1025.050000
-1014.920000
-1005.370000
-997.620000
-941.200000
-941.200000
-941.200000
-941.200000
-941.200000
-941.200000
-941.200000
-941.200000
-941.200000
-941.200000
-941.200000
-941.200000
-941.200000
-941.200000
-941.200000
-941.200000
-941.200000
-941.200000
-941.200000
-941.200000
-941.200000
-941.200000
-941.200000
-941.200000
-941.200000
-941.200000
-941.200000
-941.200000
-941.200000
-939.830000
-907.190000
-931.940000
-928.210000
-913.850000
-911.050000
-903.550000
-906.670000
-923.330000
-926.230000
-964.890000
-942.300000
-925.790000
-910.970000
-893.320000
-896.060000
-756.610000
-771.500000
-757.010000
-757.010000
-757.010000
-757.010000
-757.010000
-757.010000
-757.010000
-757.010000
-757.010000
-757.010000
-757.010000
-757.010000
-757.010000
-757.010000
-757.010000
-757.010000
-757.010000
-757.010000
-757.010000
-757.010000
-757.010000
-757.010000
-757.010000
-757.010000
-757.010000
-757.010000
-757.010000
-757.010000
-757.010000
-757.010000
-757.010000
-757.010000
-757.010000
-757.010000
-757.010000
-757.010000
-757.010000
-757.010000
-757.010000
-757.010000
-757.010000
-757.010000
-757.010000
-757.010000
-757.010000
-757.010000
-757.010000
-757.010000
-757.010000
-757.010000
-757.010000
-757.010000
-757.010000
-757.010000
-757.010000
-757.010000
-757.010000
-757.010000
-757.010000
-757.010000
-757.010000
-757.010000
-757.010000
-757.010000
-757.010000
-757.010000
-757.010000
-757.010000
-757.010000
-757.010000
-757.010000
-757.010000
-757.010000
-757.010000
-757.010000
-757.010000
-757.010000
-757.010000
-757.010000
-757.010000
-757.010000
-757.010000
-757.010000
-757.010000
-757.010000
-757.010000
-757.010000
-757.010000
-757.010000
-757.010000
-757.010000
-757.010000
-757.010000
-757.010000
-757.010000
-757.010000
-757.010000
-757.010000
-757.010000
-757.010000
-757.010000
-757.010000
-757.010000
-757.010000
-757.010000
-757.010000
-757.010000
-757.010000
-754.600000
-740.250000
-728.560000
-730.730000
-688.410000
-681.750000
-672.630000
-661.550000
-666.140000
-685.150000
-682.660000
-667.310000
-630.030000
-630.030000
-630.030000
-630.030000
-630.030000
-630.030000
-630.030000
-630.030000
-630.030000
-630.030000
-630.030000
-630.030000
-630.030000
-630.030000
-630.030000
-630.030000
-630.030000
-630.030000
-630.030000
-630.030000
-630.030000
-630.030000
-630.030000
-630.030000
-630.030000
-630.030000
-630.030000
-630.030000
-630.030000
-630.030000
-630.030000
-630.030000
-630.030000
-630.030000
-632.170000
-639.650000
-630.420000
-679.400000
-690.100000
-658.020000
-787.770000
-763.020000
-760.080000
-749.880000
-738.520000
-720.980000
-739.300000
-701.020000
-715.600000
-509.040000
-524.000000
-582.840000
-543.760000
-513.380000
-451.040000
-491.760000
-491.760000
-491.760000
-491.760000
-491.760000
-491.760000
-491.760000
-491.760000
-491.760000
-491.760000
-491.760000
-491.760000
-491.760000
-491.760000
-491.760000
-491.760000
-491.760000
-491.760000
-491.760000
-491.760000
-491.760000
-491.760000
-491.760000
-491.760000
-491.760000
-491.760000
-491.760000
-491.760000
-491.760000
-491.760000
-491.760000
-491.760000
-491.760000
-491.760000
-491.760000
-491.760000
-491.760000
-491.760000
-491.760000
-491.760000
-491.760000
-491.760000
-491.760000
-491.760000
-491.760000
-491.760000
-491.760000
-491.760000
-491.760000
-491.760000
-491.760000
-491.760000
-491.760000
-491.760000
-491.760000
-491.760000
-491.760000
-491.760000
-491.760000
-491.760000
-491.760000
-488.290000
-529.220000
-534.450000
-526.070000
-528.740000
-560.580000
-573.410000
-589.050000
-602.330000
-567.710000
-540.110000
-508.380000
-538.890000
-514.040000
-435.930000
-386.500000
-401.140000
-395.140000
-395.140000
-395.140000
-395.140000
-395.140000
-395.140000
-395.140000
-395.140000
-395.140000
-395.140000
-395.140000
-395.140000
-395.140000
-395.140000
-395.140000
-395.140000
-395.140000
-395.140000
-395.140000
-395.140000
-395.140000
-395.140000
-395.140000
-395.140000
-395.140000
-395.140000
-395.140000
-395.140000
-395.140000
-395.140000
-395.140000
-395.140000
-422.870000
-676.020000
-639.260000
-558.500000
-498.420000
-516.810000
-429.880000
-437.730000
-394.550000
-377.400000
-513.800000
-512.630000
-507.190000
-479.570000
-515.630000
-521.300000
-522.740000
-490.600000
-610.460000
-610.460000
-625.070000
-613.780000
-583.350000
-574.180000
-584.310000
-610.200000
-605.110000
-576.340000
-426.800000
-393.220000
-394.150000
-432.840000
-432.840000
-432.840000
-432.840000
-432.840000
-432.840000
-432.840000
-432.840000
-432.840000
-432.840000
-432.840000
-432.840000
-432.840000
-432.840000
-432.840000
-432.840000
-432.840000
-432.840000
-432.840000
-432.840000
-432.840000
-432.840000
-432.840000
-432.840000
-432.840000
-432.840000
-432.840000
-449.640000
-455.400000
-437.130000
-405.520000
-415.850000
-409.510000
-427.460000
-450.180000
-431.170000
-455.910000
-473.950000
-481.370000
-481.210000
-462.610000
-412.700000
-384.330000
-329.680000
-335.870000
-357.900000
-357.900000
-357.900000
-357.900000
-357.900000
-357.900000
-357.900000
-357.900000
-357.900000
-357.900000
-357.900000
-357.900000
-357.900000
-357.900000
-357.900000
-357.900000
-357.900000
-357.900000
-357.900000
-357.900000
-357.900000
-357.900000
-357.900000
-357.900000
-357.900000
-357.900000
-357.900000
-357.900000
-357.900000
-357.900000
-357.900000
-357.900000
-357.900000
-357.900000
-357.900000
-357.900000
-357.900000
-357.900000
-357.900000
-357.900000
-357.900000
-357.900000
-357.900000
-357.900000
-357.900000
-357.900000
-357.900000
-357.900000
-357.900000
-357.900000
-357.900000
-357.900000
-357.900000
-357.900000
-357.900000
-357.900000
-357.900000
-357.900000
-357.900000
-357.900000
-357.900000
-357.900000
-357.900000
-357.900000
-357.900000
-357.900000
-357.900000
-357.900000
-357.900000
-357.900000
-357.900000
-357.900000
-357.900000
-357.900000
-357.900000
-357.900000
-357.900000
-357.900000
-357.900000
-357.900000
-357.900000
-357.900000
-357.900000
-357.900000
-357.900000
-357.900000
-357.900000
-357.900000
-357.900000
-357.900000
-357.900000
-357.900000
-357.900000
-357.900000
-357.900000
-357.900000
-357.900000
-357.900000
-357.900000
-357.900000
-357.900000
-357.900000
-357.900000
-357.900000
-357.900000
-357.900000
-357.900000
-357.900000
-357.900000
-367.280000
-403.770000
-379.950000
-352.410000
-301.950000
-278.600000
-276.140000
-250.230000
-208.740000
-200.700000
-245.030000
-245.030000
-245.030000
-245.030000
-245.030000
-245.030000
-245.030000
-245.030000
-245.030000
-245.030000
-245.030000
-245.030000
-245.030000
-245.030000
-245.030000
-245.030000
-245.030000
-245.030000
-245.030000
-245.030000
-245.030000
-245.030000
-245.030000
-245.030000
-245.030000
-245.030000
-245.030000
-245.030000
-245.030000
-245.030000
-245.030000
-245.030000
-245.030000
-245.030000
-245.030000
-245.030000
-245.030000
-245.030000
-245.030000
-245.030000
-245.030000
-245.030000
-245.030000
-245.030000
-245.030000
-245.030000
-245.030000
-245.030000
-245.030000
-245.030000
-245.030000
-245.030000
-245.030000
-245.030000
-245.030000
-245.030000
-245.030000
-245.030000
-245.030000
-245.030000
-245.030000
-245.030000
-245.030000
-245.030000
-245.030000
-245.030000
-245.030000
-245.030000
-245.030000
-245.030000
-241.020000
-259.420000
-296.350000
-307.350000
-301.040000
-303.170000
-294.330000
-287.630000
-303.210000
-288.280000
-336.000000
-326.870000
-332.150000
-329.020000
-332.310000
-246.650000
-246.150000
-251.640000
-226.350000
-226.350000
-226.350000
-226.350000
-226.350000
-232.470000
-272.760000
-268.080000
-254.530000
-243.570000
-236.160000
-257.070000
-232.360000
-175.660000
-191.500000
-251.480000
-270.290000
-279.850000
-281.700000
-279.530000
-310.330000
-301.600000
-305.100000
-273.720000
-277.250000
-282.040000
-282.420000
-274.780000
-274.080000
-288.590000
-270.960000
-298.970000
-312.750000
-407.910000
-448.830000
-490.920000
-429.890000
-454.900000
-433.760000
-447.180000
-509.160000
-509.160000
-509.160000
-509.160000
-509.160000
-509.160000
-509.160000
-509.160000
-509.160000
-509.160000
-509.160000
-509.160000
-509.160000
-509.160000
-509.160000
-509.160000
-509.160000
-509.160000
-509.160000
-509.160000
-509.160000
-509.160000
-509.160000
-509.160000
-509.160000
-509.160000
-509.160000
-509.160000
-509.160000
-509.160000
-509.160000
-509.160000
-509.160000
-509.160000
-509.160000
-509.160000
-509.160000
-509.160000
-509.160000
-509.160000
-509.160000
-509.160000
-509.160000
-509.160000
-509.160000
-509.160000
-509.160000
-509.160000
-509.160000
-509.160000
-509.160000
-509.160000
-509.160000
-509.160000
-509.160000
-509.160000
-509.160000
-509.160000
-509.160000
-509.160000
-509.160000
-509.160000
-509.160000
-509.160000
-509.160000
-509.160000
-509.160000
-510.530000
-516.670000
-511.650000
-521.280000
-563.850000
-609.010000
-610.550000
-606.470000
-602.120000
-601.580000
-616.830000
-604.890000
-589.670000
-587.410000
-610.320000
-610.280000
-694.910000
-691.720000
-661.300000
-633.960000
-659.810000
-679.630000
-670.400000
-686.690000
-693.900000
-843.040000
-842.020000
-832.470000
-860.400000
-868.620000
-833.260000
-831.080000
-830.750000
-799.410000
-808.150000
-798.730000
-789.740000
-789.740000
-789.740000
-789.740000
-789.740000
-789.740000
-789.740000
-789.740000
-789.740000
-789.740000
-789.740000
-789.740000
-789.740000
-789.740000
-789.740000
-789.740000
-789.740000
-789.740000
-789.740000
-789.740000
-789.740000
-789.740000
-787.240000
-800.650000
-810.270000
-795.200000
-814.310000
-825.620000
-823.220000
-828.680000
-827.610000
-828.450000
-817.510000
-791.110000
-832.930000
-835.060000
-853.820000
-811.090000
-802.460000
-836.200000
-832.520000
-832.520000
-832.520000
-832.520000
-832.520000
-832.520000
-832.520000
-832.520000
-832.520000
-832.520000
-832.520000
-832.520000
-832.520000
-832.520000
-832.520000
-832.520000
-832.520000
-832.520000
-832.520000
-832.520000
-832.520000
-911.380000
-934.090000
-975.330000
-950.970000
-996.110000
-1002.470000
-998.330000
-1027.770000
-1036.940000
-1039.800000
-1035.210000
-973.010000
-969.990000
-997.790000
-996.070000
-971.750000
-887.090000
-855.950000
-809.750000
-780.140000
-709.260000
-725.620000
-689.440000
-687.440000
-687.440000
-687.440000
-687.440000
-687.440000
-687.440000
-687.440000
-687.440000
-687.440000
-687.440000
-687.440000
-687.440000
-687.440000
-687.440000
-687.440000
-687.440000
-687.440000
-687.440000
-687.440000
-687.440000
-687.440000
-687.440000
-687.440000
-687.440000
-687.440000
-687.440000
-687.440000
-687.440000
-687.440000
-687.440000
-687.440000
-687.440000
-687.440000
-687.440000
-687.440000
-687.440000
-687.440000
-687.440000
-687.440000
-687.440000
-687.440000
-687.440000
-687.440000
-687.440000
-687.440000
-687.440000
-687.440000
-687.440000
-687.440000
-687.440000
-687.440000
-687.440000
-687.440000
-687.440000
-687.440000
-687.440000
-687.440000
-687.440000
-687.440000
-687.440000
-687.440000
-687.440000
-687.440000
-687.440000
-687.440000
-687.440000
-687.440000
-687.440000
-687.440000
-687.440000
-687.440000
-687.440000
-687.440000
-687.440000
-687.440000
-687.440000
-687.440000
-687.440000
-687.440000
-687.440000
-687.440000
-687.440000
-687.440000
-687.440000
-687.440000
-687.440000
-687.440000
-687.440000
-687.440000
-687.440000
-687.440000
-687.440000
-687.440000
-687.440000
-687.440000
-687.440000
-687.440000
-687.440000
-687.440000
-687.440000
-687.440000
-687.440000
-687.440000
-687.440000
-687.440000
-687.440000
-687.440000
-687.440000
-687.440000
-687.440000
-687.440000
-687.440000
-687.440000
-687.440000
-687.440000
-687.440000
-687.440000
-687.440000
-687.440000
-687.440000
-687.440000
-687.440000
-687.440000
-687.440000
-687.440000
-687.440000
-687.440000
-687.440000
-687.440000
-687.440000
-687.440000
-687.440000
-687.440000
-687.440000
-687.440000
-687.440000
-687.440000
-687.440000
-687.440000
-687.440000
-687.440000
-687.440000
-687.440000
-687.440000
-687.440000
-687.440000
-687.440000
-687.440000
-687.440000
-687.440000
-687.440000
-687.440000
-687.440000
-687.440000
-687.440000
-687.440000
-687.440000
-687.440000
-687.440000
-687.440000
-687.440000
-687.440000
-687.440000
-687.440000
-687.440000
-687.440000
-687.440000
-687.440000
-687.440000
-687.440000
-687.440000
-687.440000
-687.440000
-687.440000
-687.440000
-687.440000
-687.440000
-687.440000
-687.440000
-687.440000
-687.440000
-687.440000
-687.440000
-687.440000
-687.440000
-687.440000
-687.440000
-687.440000
-687.440000
-687.440000
-687.440000
-687.440000
-687.440000
-687.440000
-687.440000
-687.440000
-687.440000
-687.440000
-687.440000
-687.440000
-687.440000
-687.440000
-687.440000
-687.440000
-687.440000
-687.440000
-687.440000
-687.440000
-687.440000
-687.440000
-687.440000
-687.440000
-687.440000
-687.440000
-687.440000
-687.440000
-687.440000
-687.440000
-687.440000
-687.440000
-687.440000
-687.440000
-687.440000
-687.440000
-687.440000
-687.440000
-687.440000
-687.440000
-687.440000
-687.440000
-687.440000
-687.440000
-687.440000
-687.440000
-687.440000
-687.440000
-687.440000
-687.440000
-687.440000
-687.440000
-687.440000
-687.440000
-687.440000
-687.440000
-687.440000
-687.440000
-687.440000
-687.440000
-687.440000
-687.440000
-687.440000
-687.440000
-687.440000
-687.440000
-687.440000
-687.440000
-687.440000
-687.440000
-687.440000
-687.440000
-687.440000
-687.440000
-687.440000
-687.440000
-687.440000
-687.440000
-687.440000
-687.440000
-687.440000
-687.440000
-687.440000
-687.440000
-687.440000
-687.440000
-687.440000
-687.440000
-687.440000
-687.440000
-687.440000
-687.440000
-687.440000
-687.440000
-687.440000
-713.020000
-681.310000
-683.470000
-686.280000
-693.880000
-703.980000
-695.560000
-750.060000
-747.670000
-720.750000
-749.180000
-745.690000
-772.670000
-767.620000
-767.210000
-771.110000
-755.060000
-731.920000
-719.760000
-719.760000
-719.760000
-719.760000
-719.760000
-719.760000
-719.760000
-719.760000
-719.760000
-719.760000
-719.760000
-719.760000
-719.760000
-719.760000
-719.760000
-719.760000
-719.760000
-719.760000
-719.760000
-719.760000
-719.760000
-719.760000
-719.760000
-719.760000
-719.760000
-719.760000
-719.760000
-719.760000
-719.760000
-719.760000
-719.760000
-719.760000
-719.760000
-719.760000
-719.760000
-719.760000
-719.760000
-719.760000
-719.760000
-719.760000
-719.760000
-719.760000
-719.760000
-719.760000
-719.760000
-719.760000
-719.760000
-719.760000
-719.760000
-719.760000
-719.760000
-719.760000
-719.760000
-719.760000
-719.760000
-719.760000
-719.760000
-719.760000
-719.760000
-719.760000
-719.760000
-719.760000
-719.760000
-719.760000
-719.760000
-719.760000
-719.760000
-719.760000
-719.760000
-719.760000
-719.760000
-719.760000
-719.760000
-719.760000
-719.760000
-719.760000
-719.760000
-719.760000
-719.760000
-719.760000
-719.760000
-719.760000
-719.760000
-719.760000
-719.760000
-719.760000
-719.760000
-719.760000
-719.760000
-719.760000
-719.760000
-719.760000
-719.760000
-719.760000
-719.760000
-719.760000
-719.760000
-719.760000
-719.760000
-719.760000
-719.760000
-719.760000
-719.760000
-719.760000
-719.760000
-719.760000
-719.760000
-719.760000
-719.760000
-652.690000
-657.820000
-667.450000
-661.320000
-656.810000
-646.250000
-640.260000
-636.610000
-658.100000
-668.640000
-651.910000
-660.280000
-655.310000
-651.870000
-666.080000
-633.070000
-617.870000
-621.360000
-638.060000
-638.060000
-638.060000
-638.060000
-638.060000
-638.060000
-638.060000
-638.060000
-638.060000
-638.060000
-638.060000
-638.060000
-638.060000
-687.330000
-688.760000
-653.810000
-637.520000
-599.940000
-456.990000
-444.620000
-444.620000
-444.620000
-444.620000
-444.620000
-444.620000
-444.620000
-444.620000
-444.620000
-444.620000
-444.620000
-444.620000
-444.620000
-444.620000
-444.620000
-444.620000
-444.620000
-444.620000
-444.620000
-444.620000
-444.620000
-444.620000
-444.620000
-444.620000
-444.620000
-444.620000
-444.620000
-444.620000
-444.620000
-444.620000
-444.620000
-444.620000
-444.620000
-444.620000
-444.620000
-444.620000
-444.620000
-444.620000
-444.620000
-444.620000
-444.620000
-444.620000
-444.620000
-444.620000
-444.620000
-444.620000
-444.620000
-444.620000
-444.620000
-444.620000
-444.620000
-444.620000
-444.620000
-444.620000
-444.620000
-444.620000
-444.620000
-444.620000
-444.620000
-444.620000
-444.620000
-444.620000
-444.620000
-444.620000
-444.620000
-444.620000
-444.620000
-444.620000
-444.620000
-444.620000
-444.620000
-444.620000
-444.620000
-444.620000
-444.620000
-444.620000
-444.620000
-444.620000
-444.620000
-444.620000
-444.620000
-444.620000
-444.620000
-444.620000
-444.620000
-444.620000
-444.620000
-444.620000
-444.620000
-444.620000
-444.620000
-444.620000
-444.620000
-444.620000
-444.620000
-444.620000
-444.620000
-444.620000
-444.620000
-444.620000
-444.620000
-444.620000
-444.620000
-444.620000
-444.620000
-444.620000
-444.620000
-444.620000
-444.620000
-444.620000
-444.620000
-444.620000
-444.620000
-444.620000
-444.620000
-650.180000
-730.360000
-721.420000
-758.140000
-827.870000
-827.870000
-827.870000
-827.870000
-827.870000
-827.870000
-827.870000
-827.870000
-827.870000
-827.870000
-827.870000
-827.870000
-827.870000
-827.870000
-827.870000
-827.870000
-827.870000
-827.870000
-827.870000
-827.870000
-827.870000
-827.870000
-827.870000
-827.870000
-827.870000
-827.870000
-827.870000
-827.870000
-827.870000
-827.870000
-827.870000
-827.870000
-827.870000
-827.870000
-827.870000
-827.870000
-827.870000
-827.870000
-827.870000
-827.870000
-827.870000
-827.870000
-827.870000
-827.870000
-827.870000
-827.870000
-827.870000
-827.870000
-827.870000
-827.870000
-827.870000
-827.870000
-827.870000
-827.870000
-827.870000
-827.870000
-827.870000
-827.870000
-827.870000
-827.870000
-827.870000
-827.870000
-827.870000
-827.870000
-827.870000
-827.870000
-827.870000
-827.870000
-827.870000
-827.870000
-827.870000
-827.870000
-827.870000
-827.870000
-827.870000
-827.870000
-827.870000
-827.870000
-827.870000
-827.870000
-827.870000
-827.870000
-827.870000
-827.870000
-827.870000
-827.870000
-827.870000
-827.870000
-827.870000
-827.870000
-827.870000
-827.870000
-827.870000
-827.870000
-827.870000
-827.870000
-827.870000
-827.870000
-827.870000
-827.870000
-827.870000
-827.870000
-827.870000
-827.870000
-827.870000
-827.870000
-827.870000
-827.870000
-827.870000
-827.870000
-827.870000
-827.870000
-827.870000
-827.870000
-827.870000
-827.870000
-807.530000
-812.250000
-827.750000
-847.840000
-848.440000
-855.890000
-867.800000
-877.830000
-888.000000
-878.580000
-874.740000
-898.420000
-889.580000
-884.260000
-872.670000
-869.490000
-863.040000
-846.950000
-845.030000
-845.030000
-845.030000
-845.030000
-845.030000
-845.030000
-845.030000
-845.030000
-845.030000
-845.030000
-845.030000
-845.030000
-845.030000
-845.030000
-845.030000
-845.030000
-845.030000
-845.030000
-845.030000
-845.030000
-845.030000
-845.030000
-845.030000
-845.030000
-845.030000
-845.030000
-845.030000
-845.030000
-845.030000
-845.030000
-845.030000
-845.030000
-845.030000
-845.030000
-845.030000
-845.030000
-845.030000
-845.030000
-845.030000
-845.030000
-845.030000
-845.030000
-845.030000
-845.030000
-845.030000
-845.030000
-845.030000
-845.030000
-845.030000
-845.030000
-845.030000
-845.030000
-845.030000
-845.030000
-845.030000
-845.030000
-845.030000
-845.030000
-845.030000
-845.030000
-845.030000
-845.030000
-845.030000
-845.030000
-845.030000
-845.030000
-845.030000
-845.030000
-845.030000
-845.030000
-845.030000
-845.030000
-860.140000
-880.850000
-905.950000
-806.450000
-767.220000
-774.770000
-859.200000
-828.030000
-847.200000
-849.740000
-847.380000
-819.430000
-764.340000
-746.020000
-732.540000
-704.030000
-713.430000
-700.950000
-691.620000
-691.620000
-691.620000
-691.620000
-691.620000
-691.620000
-691.620000
-691.620000
-691.620000
-691.620000
-691.620000
-691.620000
-691.620000
-691.620000
-691.620000
-691.620000
-691.620000
-691.620000
-691.620000
-691.620000
-691.620000
-691.620000
-691.620000
-691.620000
-691.620000
-691.620000
-691.620000
-691.620000
-691.620000
-691.620000
-691.620000
-691.620000
-691.620000
-691.620000
-691.620000
-691.620000
-691.620000
-691.620000
-691.620000
-691.620000
-691.620000
-691.620000
-691.620000
-691.620000
-691.620000
-691.620000
-691.620000
-691.620000
-691.620000
-691.620000
-691.620000
-691.620000
-691.620000
-691.620000
-691.620000
-691.620000
-691.620000
-691.620000
-691.620000
-691.620000
-691.620000
-691.620000
-691.620000
-691.620000
-691.620000
-691.620000
-691.620000
-691.620000
-691.620000
-691.620000
-691.620000
-691.620000
-691.620000
-691.620000
-691.620000
-691.620000
-691.620000
-691.620000
-691.620000
-691.620000
-691.620000
-691.620000
-691.620000
-691.620000
-691.620000
-691.620000
-691.620000
-691.620000
-691.620000
-691.620000
-691.620000
-691.620000
-691.620000
-691.620000
-691.620000
-691.620000
-691.620000
-691.620000
-691.620000
-691.620000
-691.620000
-691.620000
-691.620000
-691.620000
-691.620000
-691.620000
-691.620000
-691.620000
-691.620000
-691.620000
-691.620000
-691.620000
-691.620000
-691.620000
-691.620000
-691.620000
-691.620000
-691.620000
-691.620000
-691.620000
-691.620000
-691.620000
-691.620000
-691.620000
-691.620000
-691.620000
-691.620000
-691.620000
-691.620000
-691.620000
-691.620000
-691.620000
-691.620000
-691.620000
-691.620000
-691.620000
-691.620000
-691.620000
-691.620000
-691.620000
-691.620000
-691.620000
-691.620000
-691.620000
-691.620000
-691.620000
-691.620000
-691.620000
-691.620000
-691.620000
-691.620000
-691.620000
-691.620000
-691.620000
-691.620000
-691.620000
-691.620000
-691.620000
-691.620000
-691.620000
-691.620000
-691.620000
-691.620000
-691.620000
-691.620000
-691.620000
-691.620000
-691.620000
-691.620000
-691.620000
-691.620000
-691.620000
-691.620000
-691.620000
-691.620000
-691.620000
-691.620000
-691.620000
-691.620000
-691.620000
-691.620000
-691.620000
-691.620000
-691.620000
-691.620000
-691.620000
-691.620000
-691.620000
-691.620000
-691.620000
-691.620000
-691.620000
-691.620000
-691.620000
-691.620000
-691.620000
-691.620000
-691.620000
-691.620000
-691.620000
-691.620000
-691.620000
-691.620000
-691.620000
-691.620000
-691.620000
-691.620000
-691.620000
-691.620000
-691.620000
-691.620000
-691.620000
-691.620000
-691.620000
-691.620000
-691.620000
-691.620000
-691.620000
-691.620000
-691.620000
-691.620000
-691.620000
-691.620000
-691.620000
-691.620000
-691.620000
-691.620000
-691.620000
-691.620000
-691.620000
-691.620000
-691.620000
-691.620000
-691.620000
-691.620000
-691.620000
-691.620000
-691.620000
-691.620000
-691.620000
-691.620000
-691.620000
-691.620000
-691.620000
-691.620000
-691.620000
-691.620000
-691.620000
-691.620000
-691.620000
-691.620000
-691.620000
-691.620000
-691.620000
-691.620000
-691.620000
-691.620000
-691.620000
-691.620000
-691.620000
-691.620000
-682.080000
-600.040000
-631.600000
-690.610000
-695.190000
-680.690000
-724.650000
-718.940000
-684.180000
-676.900000
-712.210000
-681.040000
-663.200000
-789.290000
-800.580000
-819.030000
-751.510000
-726.720000
-748.490000
-748.490000
-748.490000
-748.490000
-748.490000
-748.490000
-748.490000
-748.490000
-748.490000
-748.490000
-748.490000
-748.490000
-748.490000
-748.490000
-748.490000
-748.490000
-748.490000
-748.490000
-748.490000
-748.490000
-748.490000
-748.490000
-748.490000
-748.490000
-748.490000
-748.490000
-748.490000
-748.490000
-748.490000
-748.490000
-748.490000
-748.490000
-748.490000
-748.490000
-748.490000
-748.490000
-748.490000
-748.490000
-748.490000
-748.490000
-748.490000
-748.490000
-748.490000
-748.490000
-748.490000
-748.490000
-748.490000
-748.490000
-748.490000
-748.490000
-748.490000
-748.490000
-748.490000
-748.490000
-748.490000
-748.490000
-748.490000
-748.490000
-748.490000
-748.490000
-748.490000
-748.490000
-748.490000
-748.490000
-758.710000
-796.930000
-802.110000
-817.950000
-829.730000
-841.350000
-859.800000
-882.300000
-864.540000
-886.690000
-930.650000
-953.360000
-940.540000
-954.370000
-885.780000
-878.440000
-871.390000
-857.860000
-855.370000
-855.370000
-855.370000
-855.370000
-855.370000
-855.370000
-855.370000
-855.370000
-855.370000
-855.370000
-855.370000
-855.370000
-855.370000
-855.370000
-855.370000
-855.370000
-855.370000
-855.370000
-855.370000
-855.370000
-855.370000
-855.370000
-855.370000
-855.370000
-855.370000
-855.370000
-855.370000
-855.370000
-855.370000
-855.370000
-855.370000
-855.370000
-855.370000
-855.370000
-855.370000
-855.370000
-855.370000
-855.370000
-855.370000
-855.370000
-855.370000
-855.370000
-855.370000
-855.370000
-855.370000
-855.370000
-855.370000
-855.370000
-855.370000
-855.370000
-855.370000
-855.370000
-855.370000
-855.370000
-855.370000
-855.370000
-855.370000
-855.370000
-855.370000
-855.370000
-855.370000
-855.370000
-855.370000
-855.370000
-855.370000
-855.370000
-855.370000
-855.370000
-855.370000
-855.370000
-855.370000
-855.370000
-855.370000
-855.370000
-855.370000
-855.370000
-855.370000
-855.370000
-855.370000
-855.370000
-855.370000
-855.370000
-855.370000
-855.370000
-855.370000
-855.370000
-855.370000
-855.370000
-855.370000
-855.370000
-855.370000
-855.370000
-855.370000
-855.370000
-855.370000
-855.370000
-855.370000
-855.370000
-855.370000
-855.370000
-855.370000
-855.370000
-855.370000
-855.370000
-855.370000
-855.370000
-855.370000
-855.370000
-855.370000
-855.370000
-855.370000
-855.370000
-855.370000
-855.370000
-855.370000
-855.370000
-855.370000
-857.190000
-869.780000
-865.030000
-858.280000
-848.540000
-837.400000
-873.390000
-874.640000
-864.440000
-892.890000
-893.470000
-892.470000
-858.320000
-873.250000
-871.690000
-854.980000
-852.630000
-838.040000
-844.800000
-844.800000
-844.800000
-844.800000
-844.800000
-844.800000
-844.800000
-844.800000
-854.450000
-846.620000
-848.580000
-799.810000
-819.910000
-806.220000
-785.360000
-805.770000
-785.890000
-776.440000
-790.710000
-794.350000
-825.400000
-829.680000
-833.580000
-816.460000
-858.410000
-850.800000
-850.490000
-850.490000
-850.490000
-850.490000
-850.490000
-850.490000
-850.490000
-850.490000
-850.490000
-850.490000
-850.490000
-850.830000
-835.410000
-838.790000
-843.020000
-847.850000
-868.430000
-871.930000
-862.690000
-879.640000
-878.580000
-867.840000
-870.910000
-897.590000
-908.610000
-943.580000
-942.440000
-979.550000
-970.590000
-975.860000
-975.860000
-975.860000
-975.860000
-975.860000
-975.860000
-975.860000
-975.860000
-975.860000
-975.860000
-975.860000
-975.860000
-975.860000
-975.860000
-975.860000
-975.860000
-975.860000
-975.860000
-975.860000
-975.860000
-975.860000
-975.860000
-975.860000
-975.860000
-975.860000
-975.860000
-975.860000
-975.860000
-975.860000
-975.860000
-975.860000
-975.860000
-975.860000
-975.860000
-975.860000
-975.860000
-975.860000
-975.860000
-975.860000
-975.860000
-975.860000
-975.860000
-948.300000
-917.310000
-897.990000
-914.860000
-881.420000
-993.940000
-978.680000
-967.700000
-1041.290000
-1102.430000
-1071.410000
-1099.890000
-1149.560000
-1111.150000
-1044.230000
-1037.290000
-971.170000
-986.950000
-1009.760000
-1009.760000
-1009.760000
-1009.760000
-1009.760000
-1009.760000
-1009.760000
-1009.760000
-1009.760000
-1009.760000
-1009.760000
-1030.990000
-1039.620000
-1069.660000
-1109.780000
-1211.190000
-1162.690000
-1168.130000
-1103.480000
-1115.780000
-1097.780000
-1086.170000
-1094.300000
-1197.870000
-1187.370000
-1375.420000
-1383.980000
-1398.370000
-1398.370000
-1361.260000
-1259.590000
-1262.260000
-1329.200000
-1379.600000
-1210.520000
-1140.970000
-1161.420000
-1128.430000
-1091.330000
-1074.350000
-1094.370000
-1046.360000
-1007.060000
-1007.060000
-1007.060000
-1007.060000
-1007.060000
-1007.060000
-1007.060000
-1007.060000
-1007.060000
-1007.060000
-1007.060000
-1007.060000
-1007.060000
-1007.060000
-1007.060000
-1007.060000
-1007.060000
-1007.060000
-1007.060000
-1007.060000
-1007.060000
-1007.060000
-1007.060000
-1007.060000
-1007.060000
-1007.060000
-1007.060000
-1007.060000
-1007.060000
-1007.060000
-1007.060000
-1007.060000
-1007.060000
-1007.060000
-1007.060000
-1007.060000
-1007.060000
-1007.060000
-1007.060000
-1007.060000
-1007.060000
-1007.060000
-1007.060000
-1007.060000
-1007.060000
-1007.060000
-1007.060000
-1007.060000
-1007.060000
-1007.060000
-1007.060000
-1007.060000
-1007.060000
-1007.060000
-1007.060000
-1007.060000
-1007.060000
-1007.060000
-1007.060000
-1007.060000
-1007.060000
-1007.060000
-1007.060000
-1007.060000
-1007.060000
-1007.060000
-1007.060000
-1031.570000
-1016.550000
-990.460000
-914.570000
-882.330000
-868.400000
-904.880000
-854.680000
-856.460000
-861.830000
-864.770000
-781.920000
-783.320000
-705.210000
-700.240000
-700.240000
-700.240000
-700.240000
-700.240000
-700.240000
-700.240000
-700.240000
-700.240000
-700.240000
-700.240000
-700.240000
-700.240000
-700.240000
-700.240000
-700.240000
-700.240000
-700.240000
-700.240000
-700.240000
-700.240000
-700.240000
-700.240000
-700.240000
-700.240000
-700.240000
-700.240000
-700.240000
-700.240000
-700.240000
-700.240000
-700.240000
-700.240000
-700.240000
-700.240000
-700.240000
-700.240000
-700.240000
-700.240000
-700.240000
-700.240000
-700.240000
-700.240000
-700.240000
-700.240000
-700.240000
-700.240000
-700.240000
-700.240000
-700.240000
-700.240000
-700.240000
-700.240000
-700.240000
-700.240000
-700.240000
-700.240000
-700.240000
-700.240000
-700.240000
-700.240000
-700.240000
-700.240000
-700.240000
-700.240000
-700.240000
-700.240000
-700.240000
-700.240000
-700.240000
-700.240000
-700.240000
-700.240000
-700.240000
-700.240000
-700.240000
-691.560000
-719.480000
-696.470000
-715.330000
-712.280000
-721.300000
-700.530000
-690.760000
-672.450000
-663.250000
-635.670000
-621.640000
-598.550000
-605.810000
-609.850000
-616.820000
-626.600000
-600.260000
-624.530000
-624.530000
-624.530000
-624.530000
-624.530000
-624.530000
-624.530000
-624.530000
-624.530000
-624.530000
-624.530000
-624.530000
-589.040000
-612.340000
-599.970000
-635.120000
-657.470000
-702.090000
-722.270000
-745.760000
-766.260000
-770.790000
-710.440000
-731.850000
-763.950000
-815.600000
-828.780000
-844.010000
-849.060000
-851.790000
-812.230000
-812.230000
-812.230000
-812.230000
-812.230000
-812.230000
-812.230000
-812.230000
-812.230000
-812.230000
-812.230000
-812.230000
-812.230000
-812.230000
-812.230000
-812.230000
-812.230000
-812.230000
-812.230000
-812.230000
-812.230000
-812.230000
-812.230000
-812.230000
-812.230000
-812.230000
-812.230000
-812.230000
-812.230000
-812.230000
-654.990000
-619.170000
-632.260000
-636.370000
-637.750000
-657.050000
-657.920000
-662.580000
-638.690000
-599.750000
-542.600000
-573.970000
-609.470000
-585.310000
-571.830000
-537.910000
-571.590000
-571.590000
-571.590000
-571.590000
-571.590000
-571.590000
-571.590000
-571.590000
-571.590000
-515.470000
-565.910000
-441.690000
-473.810000
-473.810000
-473.810000
-473.810000
-473.810000
-473.810000
-473.810000
-473.810000
-473.810000
-473.810000
-473.810000
-473.810000
-473.810000
-473.810000
-473.810000
-473.810000
-473.810000
-473.810000
-473.810000
-473.810000
-473.810000
-473.810000
-473.810000
-473.810000
-473.810000
-473.810000
-473.810000
-473.810000
-473.810000
-473.810000
-473.810000
-473.810000
-473.810000
-473.810000
-473.810000
-473.810000
-473.810000
-473.810000
-473.810000
-473.810000
-473.810000
-473.810000
-473.810000
-473.810000
-473.810000
-473.810000
-473.810000
-473.810000
-473.810000
-473.810000
-473.810000
-473.810000
-473.810000
-473.810000
-473.810000
-473.810000
-473.810000
-473.810000
-473.810000
-473.810000
-473.810000
-473.810000
-473.810000
-473.810000
-473.810000
-473.810000
-473.810000
-473.810000
-473.810000
-473.810000
-473.810000
-473.810000
-473.810000
-473.810000
-473.810000
-473.810000
-473.810000
-473.810000
-473.810000
-473.810000
-473.810000
-473.810000
-473.810000
-473.810000
-473.810000
-473.810000
-473.810000
-473.810000
-473.810000
-473.810000
-473.810000
-473.810000
-473.810000
-473.810000
-473.810000
-473.810000
-473.810000
-473.810000
-473.810000
-473.810000
-473.810000
-473.810000
-473.810000
-473.810000
-473.810000
-473.810000
-473.810000
-473.810000
-473.810000
-508.140000
-537.300000
-560.520000
-556.160000
-541.690000
-512.860000
-521.680000
-553.750000
-632.570000
-583.400000
-582.360000
-578.140000
-554.120000
-533.500000
-545.830000
-516.060000
-482.210000
-424.270000
-438.630000
-438.630000
-438.630000
-438.630000
-438.630000
-438.630000
-438.630000
-438.630000
-438.630000
-438.630000
-438.630000
-438.630000
-438.630000
-438.630000
-438.630000
-438.630000
-438.630000
-438.630000
-438.630000
-438.630000
-438.630000
-438.630000
-438.630000
-438.630000
-438.630000
-438.630000
-438.630000
-438.630000
-438.630000
-438.630000
-438.630000
-438.630000
-438.630000
-438.630000
-438.630000
-438.630000
-438.630000
-438.630000
-438.630000
-438.630000
-438.630000
-438.630000
-438.630000
-438.630000
-438.630000
-438.630000
-438.630000
-438.630000
-438.630000
-482.900000
-495.430000
-457.870000
-308.820000
-323.220000
-391.300000
-391.300000
-391.300000
-391.300000
-391.300000
-391.300000
-391.300000
-391.300000
-391.300000
-391.300000
-391.300000
-391.300000
-391.300000
-391.300000
-391.300000
-391.300000
-391.300000
-391.300000
-391.300000
-391.300000
-391.300000
-391.300000
-391.300000
-391.300000
-391.300000
-391.300000
-391.300000
-391.300000
-391.300000
-391.300000
-391.300000
-391.300000
-391.300000
-391.300000
-391.300000
-391.300000
-391.300000
-391.300000
-391.300000
-391.300000
-391.300000
-391.300000
-391.300000
-391.300000
-391.300000
-391.300000
-391.300000
-391.300000
-391.300000
-391.300000
-391.300000
-391.300000
-391.300000
-391.300000
-391.300000
-391.300000
-391.300000
-391.300000
-391.300000
-391.300000
-391.300000
-391.300000
-391.300000
-391.300000
-391.300000
-391.300000
-391.300000
-391.300000
-391.300000
-391.300000
-391.300000
-391.300000
-391.300000
-391.300000
-391.300000
-391.300000
-391.300000
-391.300000
-391.300000
-391.300000
-391.300000
-391.300000
-391.300000
-463.810000
-471.120000
-351.930000
-323.670000
-302.230000
-280.540000
-204.500000
-83.490000
-99.490000
58.060000
58.060000
58.060000
58.060000
58.060000
58.060000
58.060000
58.060000
58.060000
58.060000
58.060000
58.060000
58.060000
58.060000
58.060000
58.060000
58.060000
58.060000
58.060000
58.060000
58.060000
58.060000
58.060000
58.060000
58.060000
58.060000
58.060000
58.060000
58.060000
58.060000
58.060000
58.060000
58.060000
58.060000
58.060000
58.060000
58.060000
58.060000
58.060000
58.060000
58.060000
58.060000
58.060000
58.060000
58.060000
58.060000
58.060000
58.060000
58.060000
58.060000
58.060000
58.060000
58.060000
58.060000
58.060000
58.060000
58.060000
58.060000
58.060000
58.060000
58.060000
58.060000
58.060000
58.060000
58.060000
58.060000
58.060000
58.060000
58.060000
58.060000
58.060000
58.060000
58.060000
58.060000
58.060000
58.060000
58.060000
58.060000
58.060000
58.060000
58.060000
58.060000
58.060000
58.060000
58.060000
58.060000
58.060000
58.060000
58.060000
58.060000
58.060000
58.060000
58.060000
58.060000
58.060000
58.060000
58.060000
58.060000
58.060000
58.060000
58.060000
58.060000
58.060000
58.060000
58.060000
58.060000
58.060000
58.060000
58.060000
58.060000
58.060000
58.060000
58.060000
58.060000
58.060000
58.060000
58.060000
58.060000
58.060000
58.060000
58.060000
58.060000
58.060000
58.060000
58.060000
58.060000
58.060000
58.060000
58.060000
58.060000
58.060000
58.060000
58.060000
58.060000
58.060000
58.060000
58.060000
58.060000
58.060000
58.060000
58.060000
58.060000
58.060000
58.060000
58.060000
58.060000
58.060000
58.060000
58.060000
58.060000
58.060000
58.060000
84.730000
72.450000
43.150000
26.350000
39.360000
33.780000
-3.950000
74.210000
83.400000
152.670000
219.750000
248.060000
226.640000
226.640000
226.640000
226.640000
226.640000
226.640000
226.640000
226.640000
226.640000
226.640000
226.640000
226.640000
226.640000
226.640000
226.640000
226.640000
226.640000
226.640000
226.640000
226.640000
226.640000
226.640000
226.640000
226.640000
226.640000
226.640000
226.640000
226.640000
226.640000
226.640000
226.640000
226.640000
226.640000
226.640000
226.640000
226.640000
226.640000
226.640000
226.640000
226.640000
226.640000
226.640000
226.640000
226.640000
226.640000
226.640000
226.640000
226.640000
226.640000
226.640000
226.640000
226.640000
226.640000
226.640000
226.640000
226.640000
226.640000
226.640000
226.640000
226.640000
226.640000
226.640000
226.640000
226.640000
226.640000
226.640000
226.640000
226.640000
226.640000
226.640000
226.640000
226.640000
226.640000
226.640000
226.640000
226.640000
226.640000
226.640000
226.640000
226.640000
226.640000
226.640000
226.640000
226.640000
226.640000
226.640000
226.640000
226.640000
226.640000
226.640000
226.640000
226.640000
281.430000
287.400000
343.200000
359.490000
356.010000
361.420000
321.110000
328.580000
247.080000
207.890000
431.270000
382.190000
406.240000
396.390000
397.100000
355.900000
322.090000
412.030000
413.410000
413.410000
413.410000
413.410000
413.410000
413.410000
413.410000
413.410000
413.410000
413.410000
413.410000
413.410000
415.250000
437.710000
458.350000
542.700000
543.890000
471.540000
505.790000
431.540000
465.790000
361.600000
402.660000
380.070000
353.470000
402.700000
417.310000
457.280000
488.980000
483.650000
456.390000
456.390000
456.390000
456.390000
456.390000
456.390000
456.390000
456.390000
456.390000
456.390000
456.390000
456.390000
456.390000
456.390000
456.390000
456.390000
456.390000
456.390000
456.390000
456.390000
456.390000
456.390000
456.390000
456.390000
456.390000
456.390000
456.390000
456.390000
456.390000
456.390000
456.390000
456.390000
456.390000
456.390000
456.390000
456.390000
456.390000
456.390000
456.390000
456.390000
456.390000
456.390000
456.390000
456.390000
456.390000
456.390000
456.390000
456.390000
456.390000
456.390000
456.390000
456.390000
456.390000
456.390000
456.390000
456.390000
456.390000
456.390000
456.390000
456.390000
456.390000
456.390000
456.390000
456.390000
456.390000
456.390000
456.390000
456.390000
456.390000
456.390000
456.390000
456.390000
456.390000
456.390000
456.390000
456.390000
456.390000
456.390000
456.390000
456.390000
456.390000
456.390000
456.390000
456.390000
456.390000
456.390000
456.390000
456.390000
456.390000
456.390000
456.390000
456.390000
456.390000
456.390000
456.390000
456.390000
456.390000
456.390000
456.390000
456.390000
456.390000
456.390000
456.390000
456.390000
456.390000
456.390000
456.390000
456.390000
456.390000
456.390000
456.390000
456.390000
456.390000
456.390000
456.390000
456.390000
456.390000
456.390000
456.390000
456.390000
456.390000
456.390000
456.390000
456.390000
456.390000
456.390000
456.390000
456.390000
456.390000
456.390000
456.390000
456.390000
456.390000
456.390000
456.390000
456.390000
456.390000
456.390000
456.390000
456.390000
456.390000
456.390000
456.390000
456.390000
456.390000
456.390000
456.390000
456.390000
456.390000
456.390000
456.390000
456.390000
456.390000
456.390000
456.390000
456.390000
456.390000
456.390000
456.390000
456.390000
456.390000
456.390000
456.390000
456.390000
456.390000
456.390000
456.390000
456.390000
456.390000
456.390000
456.390000
456.390000
456.390000
456.390000
456.390000
456.390000
456.390000
456.390000
456.390000
456.390000
456.390000
456.390000
456.390000
456.390000
456.390000
456.390000
456.390000
456.390000
456.390000
456.390000
456.390000
467.230000
475.680000
496.600000
509.230000
457.230000
478.270000
461.880000
425.180000
453.990000
491.930000
543.260000
589.700000
565.120000
635.410000
873.160000
873.160000
873.160000
873.160000
873.160000
873.160000
873.160000
873.160000
873.160000
873.160000
873.160000
873.160000
873.160000
873.160000
873.160000
873.160000
873.160000
873.160000
873.160000
873.160000
873.160000
873.160000
873.160000
873.160000
873.160000
873.160000
873.160000
873.160000
873.160000
873.160000
873.160000
873.160000
873.160000
873.160000
873.160000
873.160000
873.160000
873.160000
873.160000
873.160000
873.160000
873.160000
873.160000
873.160000
873.160000
873.160000
873.160000
873.160000
873.160000
873.160000
873.160000
873.160000
873.160000
873.160000
873.160000
873.160000
873.160000
873.160000
873.160000
873.160000
873.160000
873.160000
873.160000
873.160000
873.160000
873.160000
873.160000
873.160000
873.160000
873.160000
873.160000
873.160000
873.160000
873.160000
873.160000
873.160000
873.160000
873.160000
873.160000
873.160000
873.160000
873.160000
873.160000
873.160000
873.160000
873.160000
873.160000
873.160000
873.160000
873.160000
873.160000
873.160000
873.160000
873.160000
873.160000
873.160000
873.160000
873.160000
873.160000
873.160000
873.160000
873.160000
873.160000
873.160000
873.160000
873.160000
873.160000
873.160000
873.160000
873.160000
873.160000
873.160000
873.160000
873.160000
873.160000
873.160000
873.160000
873.160000
873.160000
873.160000
873.160000
873.160000
873.160000
873.160000
873.160000
873.160000
873.160000
873.160000
873.160000
873.160000
873.160000
873.160000
873.160000
873.160000
873.160000
873.160000
873.160000
873.160000
873.160000
873.160000
873.160000
873.160000
873.160000
873.160000
873.160000
873.160000
873.160000
873.160000
873.160000
873.160000
873.160000
873.160000
873.160000
873.160000
873.160000
873.160000
873.160000
873.160000
873.160000
873.160000
873.160000
873.160000
873.160000
873.160000
873.160000
873.160000
873.160000
873.160000
873.160000
873.160000
873.160000
873.160000
873.160000
873.160000
873.160000
873.160000
873.160000
873.160000
873.160000
873.160000
873.160000
873.160000
873.160000
873.160000
873.160000
873.160000
873.160000
873.160000
873.160000
873.160000
873.160000
873.160000
873.160000
873.160000
873.160000
873.160000
873.160000
873.160000
873.160000
873.160000
873.160000
873.160000
873.160000
873.160000
873.160000
873.160000
873.160000
873.160000
873.160000
873.160000
873.160000
873.160000
873.160000
873.160000
873.160000
873.160000
873.160000
873.160000
873.160000
873.160000
873.160000
873.160000
873.160000
873.160000
873.160000
873.160000
873.160000
873.160000
873.160000
873.160000
873.160000
873.160000
873.160000
873.160000
873.160000
873.160000
873.160000
873.160000
873.160000
873.160000
873.160000
873.160000
873.160000
873.160000
873.160000
873.160000
873.160000
873.160000
873.160000
873.160000
873.160000
873.160000
873.160000
873.160000
873.160000
873.160000
873.160000
873.160000
873.160000
873.160000
924.520000
1125.730000
1086.850000
1171.860000
1171.590000
1122.040000
1122.040000
1122.040000
1122.040000
1122.040000
1122.040000
1122.040000
1122.040000
1122.040000
1122.040000
1122.040000
1122.040000
1122.040000
1122.040000
1122.040000
1122.040000
1122.040000
1122.040000
1122.040000
1122.040000
1122.040000
1122.040000
1122.040000
1122.040000
1122.040000
1122.040000
1122.040000
1122.040000
1122.040000
1122.040000
1122.040000
1122.040000
1122.040000
1122.040000
1122.040000
1130.690000
1052.520000
925.160000
955.920000
938.180000
878.560000
1108.000000
1022.210000
1042.790000
1066.170000
1036.730000
1041.910000
1099.590000
1097.490000
1071.880000
1255.790000
1269.750000
1262.380000
1278.710000
1278.710000
1278.710000
1278.710000
1278.710000
1278.710000
1278.710000
1278.710000
1278.710000
1278.710000
1278.710000
1278.710000
1278.710000
1278.710000
1278.710000
1278.710000
1278.710000
1278.710000
1278.710000
1278.710000
1278.710000
1278.710000
1278.710000
1278.710000
1278.710000
1278.710000
1278.710000
1278.710000
1278.710000
1278.710000
1278.710000
1278.710000
1278.710000
1278.710000
1278.710000
1278.710000
1278.710000
1278.710000
1278.710000
1278.710000
1278.710000
1278.710000
1278.710000
1278.710000
1278.710000
1278.710000
1278.710000
1278.710000
1278.710000
1278.710000
1278.710000
1421.920000
1497.960000
1462.100000
1482.500000
1454.220000
1494.020000
1506.730000
1590.230000
1623.770000
1623.770000
1623.770000
1623.770000
1623.770000
1623.770000
1623.770000
1623.770000
1623.770000
1623.770000
1623.770000
1623.770000
1623.770000
1623.770000
1623.770000
1623.770000
1623.770000
1623.770000
1623.770000
1623.770000
1623.770000
1623.770000
1623.770000
1623.770000
1623.770000
1623.770000
1623.770000
1623.770000
1623.770000
1623.770000
1623.770000
1623.770000
1623.770000
1623.770000
1623.770000
1623.770000
1623.770000
1623.770000
1591.740000
1587.210000
1557.230000
1547.050000
1534.650000
1566.830000
1555.770000
1595.830000
1661.270000
1606.890000
1543.900000
1538.030000
1547.720000
1544.180000
1573.110000
1668.890000
1639.190000
1639.190000
1639.190000
1639.190000
1639.190000
1639.190000
1639.190000
1639.190000
1639.190000
1639.190000
1639.190000
1639.190000
1639.190000
1639.190000
1639.190000
1639.190000
1639.190000
1639.190000
1639.190000
1639.190000
1639.190000
1639.190000
1639.190000
1639.190000
1639.190000
1639.190000
1639.190000
1639.190000
1639.190000
1639.190000
1639.190000
1639.190000
1639.190000
1639.190000
1639.190000
1639.190000
1639.190000
1639.190000
1639.190000
1639.190000
1639.190000
1639.190000
1639.190000
1639.190000
1639.190000
1639.190000
1639.190000
1639.190000
1639.190000
1639.190000
1639.190000
1639.190000
1639.190000
1639.190000
1639.190000
1639.190000
1639.190000
1639.190000
1639.190000
1639.190000
1639.190000
1639.190000
1639.190000
1639.190000
1639.190000
1639.190000
1639.190000
1639.190000
1639.190000
1639.190000
1639.190000
1639.190000
1639.190000
1639.190000
1639.190000
1639.190000
1639.190000
1639.190000
1639.190000
1639.190000
1639.190000
1639.190000
1639.190000
1639.190000
1639.190000
1639.190000
1639.190000
1639.190000
1639.190000
1639.190000
1639.190000
1639.190000
1639.190000
1639.190000
1639.190000
1639.190000
1639.190000
1639.190000
1639.190000
1639.190000
1639.190000
1639.190000
1639.190000
1639.190000
1639.190000
1639.190000
1639.190000
1639.190000
1639.190000
1639.190000
1639.190000
1639.190000
1639.190000
1639.190000
1639.190000
1639.190000
1639.190000
1639.190000
1639.190000
1639.190000
1639.190000
1639.190000
1639.190000
1639.190000
1639.190000
1639.190000
1639.190000
1639.190000
1639.190000
1639.190000
1639.190000
1639.190000
1639.190000
1639.190000
1639.190000
1639.190000
1639.190000
1639.190000
1639.190000
1640.660000
1659.050000
1702.670000
1699.010000
1649.640000
1634.080000
1653.050000
1694.990000
1719.030000
1757.340000
1794.670000
1850.240000
1847.970000
1847.970000
1847.970000
1847.970000
1847.970000
1847.970000
1847.970000
1847.970000
1847.970000
1847.970000
1847.970000
1847.970000
1847.970000
1847.970000
1847.970000
1807.210000
1859.430000
1851.850000
1811.540000
1793.420000
1781.870000
1570.930000
1546.440000
1549.580000
1550.630000
1522.400000
1487.870000
1487.870000
1487.870000
1487.870000
1487.870000
1487.870000
1487.870000
1487.870000
1487.870000
1487.870000
1487.870000
1450.670000
1445.250000
1359.990000
1438.590000
1397.660000
1422.250000
1465.380000
1442.190000
1451.690000
1460.710000
1471.080000
1570.420000
1558.050000
1558.050000
1558.050000
1558.050000
1558.050000
1558.050000
1558.050000
1558.050000
1558.050000
1558.050000
1558.050000
1558.050000
1558.050000
1558.050000
1558.050000
1558.050000
1558.050000
1558.050000
1558.050000
1558.050000
1558.050000
1558.050000
1558.050000
1558.050000
1558.050000
1558.050000
1558.050000
1558.050000
1558.050000
1558.050000
1558.050000
1558.050000
1558.050000
1558.050000
1558.050000
1558.050000
1558.050000
1558.050000
1558.050000
1558.050000
1558.050000
1558.050000
1558.050000
1558.050000
1558.050000
1558.050000
1558.050000
1558.050000
1558.050000
1558.050000
1558.050000
1558.050000
1558.050000
1558.050000
1558.050000
1558.050000
1558.050000
1558.050000
1558.050000
1558.050000
1558.050000
1558.050000
1558.050000
1558.050000
1558.050000
1558.050000
1558.050000
1558.050000
1558.050000
1558.050000
1558.050000
1558.050000
1558.050000
1558.050000
1558.050000
1558.050000
1558.050000
1558.050000
1558.050000
1558.050000
1558.050000
1558.050000
1558.050000
1558.050000
1558.050000
1558.050000
1558.050000
1558.050000
1558.050000
1558.050000
1558.050000
1558.050000
1579.300000
1650.680000
1730.600000
1671.450000
1671.450000
1671.450000
1671.450000
1671.450000
1671.450000
1671.450000
1671.450000
1671.450000
1671.450000
1671.450000
1671.450000
1671.450000
1671.450000
1671.450000
1671.450000
1671.450000
1671.450000
1671.450000
1671.450000
1671.450000
1671.450000
1671.450000
1671.450000
1671.450000
1671.450000
1671.450000
1671.450000
1671.450000
1671.450000
1671.450000
1671.450000
1671.450000
1671.450000
1671.450000
1671.450000
1671.450000
1671.450000
1671.450000
1671.450000
1671.450000
1671.450000
1671.450000
1671.450000
1671.450000
1671.450000
1671.450000
1671.450000
1444.690000
1428.630000
1467.650000
1500.030000
1477.640000
1435.120000
1431.200000
1473.800000
1456.050000
1368.850000
1367.680000
1345.540000
1345.540000
1345.540000
1345.540000
1345.540000
1345.540000
1345.540000
1345.540000
1345.540000
1345.540000
1345.540000
1345.540000
1345.540000
1345.540000
1345.540000
1345.540000
1345.540000
1345.540000
1345.540000
1345.540000
1345.540000
1345.540000
1345.540000
1345.540000
1345.540000
1345.540000
1345.540000
1345.540000
1345.540000
1345.540000
1345.540000
1345.540000
1345.540000
1345.540000
1345.540000
1345.540000
1345.540000
1345.540000
1345.540000
1345.540000
1326.410000
1374.000000
1352.210000
1356.310000
1392.950000
1289.920000
1329.970000
1351.590000
1374.940000
1403.670000
1381.130000
1295.940000
1438.670000
1326.830000
1315.620000
1383.360000
1384.470000
1354.230000
1303.660000
1303.660000
1303.660000
1303.660000
1303.660000
1303.660000
1303.660000
1225.870000
1335.020000
1373.770000
1412.840000
1439.530000
1246.030000
1235.820000
1319.340000
1302.390000
1272.580000
1244.190000
1189.670000
1205.930000
1231.800000
1374.290000
1367.110000
1333.340000
1269.840000
1257.000000
1257.000000
1257.000000
1257.000000
1257.000000
1257.000000
1257.000000
1257.000000
1257.000000
1257.000000
1257.000000
1257.000000
1257.000000
1257.000000
1257.000000
1257.000000
1257.000000
1257.000000
1257.000000
1257.000000
1257.000000
1257.000000
1257.000000
1257.000000
1257.000000
1257.000000
1257.000000
1257.000000
1257.000000
1257.000000
1257.000000
1257.000000
1257.000000
1257.000000
1257.000000
1257.000000
1257.000000
1257.000000
1257.000000
1257.000000
1257.000000
1257.000000
1257.000000
1257.000000
1257.000000
1257.000000
1257.000000
1257.000000
1257.000000
1257.000000
1257.000000
1257.000000
1257.000000
1257.000000
1257.000000
1257.000000
1257.000000
1257.000000
1257.000000
1257.000000
1257.000000
1257.000000
1257.000000
1257.000000
1257.000000
1257.000000
1257.000000
1257.000000
1257.000000
1257.000000
1257.000000
1257.000000
1257.000000
1257.000000
1257.000000
1257.000000
1257.000000
1257.000000
1257.000000
1257.000000
1257.000000
1257.000000
1257.000000
1257.000000
1348.110000
1477.780000
1602.220000
1602.220000
1602.220000
1602.220000
1602.220000
1602.220000
1602.220000
1602.220000
1602.220000
1602.220000
1602.220000
1602.220000
1602.220000
1602.220000
1602.220000
1602.220000
1602.220000
1602.220000
1602.220000
1602.220000
1602.220000
1602.220000
1602.220000
1602.220000
1602.220000
1602.220000
1602.220000
1602.220000
1602.220000
1602.220000
1602.220000
1602.220000
1602.220000
1602.220000
1602.220000
1602.220000
1602.220000
1602.220000
1602.220000
1602.220000
1602.220000
1602.220000
1602.220000
1602.220000
1602.220000
1602.220000
1602.220000
1602.220000
1602.220000
1602.220000
1602.220000
1602.220000
1602.220000
1602.220000
1602.220000
1602.220000
1602.220000
1602.220000
1602.220000
1602.220000
1602.220000
1602.220000
1602.220000
1602.220000
1602.220000
1602.220000
1602.220000
1602.220000
1602.220000
1602.220000
1602.220000
1602.220000
1602.220000
1602.220000
1602.220000
1602.220000
1602.220000
1602.220000
1602.220000
1602.220000
1602.220000
1602.220000
1602.220000
1602.220000
1602.220000
1602.220000
1602.220000
1602.220000
1602.220000
1602.220000
1739.770000
1703.210000
1674.160000
1675.990000
1668.510000
1655.140000
1605.810000
1573.410000
1570.120000
1575.290000
1557.870000
1547.010000
1542.410000
1544.910000
1568.210000
1517.550000
1554.930000
1574.510000
1298.170000
1297.120000
1264.510000
1265.690000
1267.050000
1274.690000
1507.370000
1466.770000
1436.990000
1409.190000
1444.550000
1485.910000
1449.250000
1472.090000
1529.730000
1532.650000
1536.450000
1565.360000
1660.010000
1657.710000
1702.130000
1741.130000
1741.130000
1741.130000
1741.130000
1741.130000
1741.130000
1741.130000
1741.130000
1741.130000
1741.130000
1741.130000
1741.130000
1741.130000
1741.130000
1741.130000
1741.130000
1741.130000
1741.130000
1741.130000
1741.130000
1741.130000
1741.130000
1741.130000
1741.130000
1741.130000
1741.130000
1741.130000
1741.130000
1741.130000
1741.130000
1741.130000
1741.130000
1741.130000
1741.130000
1776.250000
1752.410000
1741.190000
1730.790000
1738.010000
1743.270000
1712.410000
1691.220000
1718.670000
1708.730000
1686.360000
1692.040000
1676.730000
1343.310000
1343.310000
1343.310000
1343.310000
1343.310000
1343.310000
1343.090000
1332.030000
1357.520000
1350.800000
1321.800000
1317.040000
1331.480000
1267.390000
1296.270000
1292.560000
1278.780000
1252.710000
1243.890000
1201.740000
1215.970000
1243.040000
1244.350000
1265.000000
1274.150000
1274.150000
1274.150000
1274.150000
1274.150000
1274.150000
1274.150000
1274.150000
1274.150000
1274.150000
1274.150000
1274.150000
1274.150000
1274.150000
1274.150000
1274.150000
1274.150000
1274.150000
1274.150000
1274.150000
1274.150000
1274.150000
1274.150000
1274.150000
1274.150000
1274.150000
1274.150000
1274.150000
1274.150000
1274.150000
1274.150000
1274.150000
1274.150000
1274.150000
1274.150000
1274.150000
1274.150000
1274.150000
1274.150000
1274.150000
1274.150000
1274.150000
1274.150000
1274.150000
1274.150000
1274.150000
1274.150000
1274.150000
1274.150000
1274.150000
1274.150000
1274.150000
1274.150000
1274.150000
1274.150000
1274.150000
1274.150000
1274.150000
1274.150000
1274.150000
1274.150000
1274.150000
1274.150000
1274.150000
1274.150000
1274.150000
1274.150000
1274.150000
1274.150000
1274.150000
1274.150000
1274.150000
1274.150000
1274.150000
1274.150000
1274.150000
1274.150000
1274.150000
1274.150000
1274.150000
1274.150000
1274.150000
1274.150000
1274.150000
1274.150000
1274.150000
1274.150000
1274.150000
1274.150000
1274.150000
1274.150000
1297.570000
1306.040000
1266.190000
1260.390000
1282.650000
1240.430000
1315.010000
1298.650000
1291.050000
1295.470000
1308.610000
1270.730000
1283.170000
1266.110000
1282.020000
1364.510000
1349.410000
1349.410000
1349.410000
1349.410000
1349.410000
1349.410000
1349.410000
1349.410000
1349.410000
1349.410000
1349.410000
1349.410000
1349.410000
1349.410000
1349.410000
1349.410000
1349.410000
1349.410000
1349.410000
1349.410000
1349.410000
1349.410000
1349.410000
1349.410000
1349.410000
1349.410000
1349.410000
1349.410000
1349.410000
1349.410000
1349.410000
1349.410000
1349.410000
1349.410000
1349.410000
1349.410000
1349.410000
1349.410000
1349.410000
1349.410000
1349.410000
1349.410000
1349.410000
1349.410000
1349.410000
1349.410000
1349.410000
1349.410000
1349.410000
1349.410000
1349.410000
1349.410000
1349.410000
1349.410000
1349.410000
1349.410000
1349.410000
1349.410000
1349.410000
1349.410000
1349.410000
1349.410000
1349.410000
1349.410000
1349.410000
1349.410000
1349.410000
1349.410000
1349.410000
1349.410000
1349.410000
1349.410000
1349.410000
1349.410000
1349.410000
1349.410000
1349.410000
1349.410000
1349.410000
1349.410000
1349.410000
1349.410000
1349.410000
1349.410000
1349.410000
1349.410000
1349.410000
1349.410000
1349.410000
1349.410000
1349.410000
1349.410000
1349.410000
1349.410000
1349.410000
1349.410000
1349.410000
1349.410000
1349.410000
1349.410000
1349.410000
1349.410000
1349.410000
1349.410000
1349.410000
1349.410000
1349.410000
1349.410000
1349.410000
1349.410000
1349.410000
1349.410000
1349.410000
1349.410000
1349.410000
1349.410000
1349.410000
1349.410000
1349.410000
1349.410000
1349.410000
1349.410000
1349.410000
1349.410000
1349.410000
1349.410000
1349.410000
1349.410000
1349.410000
1349.410000
1349.410000
1349.410000
1349.410000
1349.410000
1349.410000
1349.410000
1349.410000
1349.410000
1349.410000
1349.410000
1349.410000
1349.410000
1349.410000
1349.410000
1349.410000
1349.410000
1349.410000
1349.410000
1349.410000
1349.410000
1349.410000
1349.410000
1349.410000
1349.410000
1349.410000
1349.410000
1349.410000
1349.410000
1349.410000
1349.410000
1349.410000
1349.410000
1349.410000
1349.410000
1349.410000
1349.410000
1349.410000
1349.410000
1349.410000
1349.410000
1349.410000
1349.410000
1349.410000
1349.410000
1349.410000
1349.410000
1349.410000
1349.410000
1349.410000
1349.410000
1349.410000
1349.410000
1349.410000
1349.410000
1349.410000
1349.410000
1349.410000
1349.410000
1349.410000
1349.410000
1349.410000
1349.410000
1349.410000
1349.410000
1349.410000
1349.410000
1349.410000
1349.410000
1349.410000
1349.410000
1349.410000
1349.410000
1349.410000
1349.410000
1349.410000
1349.410000
1349.410000
1349.410000
1347.990000
1295.600000
1303.470000
1240.280000
1241.200000
1235.250000
1215.110000
1249.560000
1242.970000
1225.110000
1223.210000
1231.220000
1271.290000
1272.570000
1255.680000
1269.580000
1289.480000
1289.790000
1269.400000
1269.400000
1269.400000
1269.400000
1269.400000
1269.400000
1269.400000
1269.400000
1269.400000
1238.390000
1228.810000
1184.750000
1187.840000
1126.320000
1090.640000
1114.910000
1192.040000
1182.850000
1192.200000
1186.250000
1178.290000
1152.390000
1149.600000
1120.660000
1133.140000
1074.600000
1014.580000
994.390000
994.390000
994.390000
994.390000
994.390000
994.390000
994.390000
994.390000
994.390000
994.390000
994.390000
994.390000
994.390000
994.390000
994.390000
994.390000
994.390000
994.390000
994.390000
994.390000
994.390000
994.390000
994.390000
994.390000
994.390000
994.390000
994.390000
994.390000
994.390000
994.390000
994.390000
994.390000
994.390000
994.390000
994.390000
994.390000
994.390000
994.390000
994.390000
994.390000
994.390000
994.390000
994.390000
994.390000
994.390000
994.390000
994.390000
994.390000
994.390000
994.390000
994.390000
994.390000
994.390000
994.390000
994.390000
994.390000
994.390000
994.390000
994.390000
994.390000
994.390000
994.390000
994.390000
994.390000
994.390000
994.390000
994.390000
994.390000
994.390000
994.390000
994.390000
994.390000
994.390000
994.390000
994.390000
994.390000
994.390000
994.390000
994.390000
994.390000
994.390000
994.390000
994.390000
994.390000
994.390000
994.390000
994.390000
994.390000
994.390000
994.390000
994.390000
994.390000
994.390000
994.390000
994.390000
994.390000
994.390000
994.390000
994.390000
994.390000
994.390000
994.390000
994.390000
994.390000
994.390000
994.390000
994.390000
994.390000
994.390000
994.390000
1042.130000
1067.900000
1019.530000
1026.270000
1000.410000
1055.870000
1086.950000
1103.130000
1111.700000
1076.710000
1076.710000
1076.710000
1076.710000
1076.710000
1076.710000
1076.710000
1076.710000
1076.710000
1076.710000
1076.710000
1076.710000
1076.710000
1076.710000
1076.710000
1076.710000
1076.710000
1076.710000
1076.710000
1076.710000
1076.710000
1076.710000
1076.710000
1076.710000
1076.710000
1076.710000
1076.710000
1076.710000
1076.710000
1076.710000
1076.710000
1076.710000
1076.710000
1076.710000
1076.710000
1076.710000
1076.710000
1076.710000
1076.710000
1076.710000
1076.710000
1076.710000
1076.710000
1076.710000
1076.710000
1076.710000
1076.710000
1076.710000
1076.710000
1076.710000
1076.710000
1076.710000
1076.710000
1076.710000
1076.710000
1076.710000
1076.710000
1076.710000
1076.710000
1076.710000
1076.710000
1076.710000
1076.710000
1076.710000
1076.710000
1076.710000
1076.710000
1076.710000
1076.710000
1076.710000
1076.710000
1076.710000
1090.010000
1106.810000
1145.220000
1145.000000
1168.590000
1262.110000
1332.610000
1351.520000
1417.700000
1436.000000
1436.000000
1432.070000
1400.240000
1416.340000
1466.750000
1455.330000
1460.140000
1461.900000
1491.770000
1484.210000
1510.480000
1510.930000
1505.700000
1543.340000
1544.760000
1563.170000
1560.250000
1569.960000
1527.660000
1586.310000
1586.310000
1586.310000
1586.310000
1586.310000
1586.310000
1586.310000
1586.310000
1586.310000
1586.310000
1586.310000
1586.310000
1586.310000
1586.310000
1586.310000
1586.310000
1586.310000
1586.310000
1586.310000
1586.310000
1586.310000
1586.310000
1586.310000
1586.310000
1586.310000
1586.310000
1586.310000
1586.310000
1586.310000
1586.310000
1586.310000
1586.310000
1586.310000
1586.310000
1586.310000
1586.310000
1586.310000
1586.310000
1586.310000
1586.310000
1586.310000
1586.310000
1586.310000
1586.310000
1586.310000
1586.310000
1586.310000
1586.310000
1586.310000
1586.310000
1586.310000
1586.310000
1586.310000
1586.310000
1586.310000
1586.310000
1586.310000
1586.310000
1586.310000
1586.310000
1586.310000
1586.310000
1586.310000
1586.310000
1586.310000
1586.310000
1586.310000
1586.310000
1586.310000
1586.310000
1586.310000
1586.310000
1586.310000
1586.310000
1586.310000
1586.310000
1616.860000
1612.980000
1627.670000
1623.820000
1652.140000
1634.150000
1586.310000
1565.130000
1531.070000
1546.130000
1572.560000
1582.370000
1614.470000
1609.690000
1552.560000
1572.090000
1548.840000
1609.840000
1608.730000
1608.730000
1608.730000
1608.730000
1608.730000
1608.730000
1608.730000
1608.730000
1608.730000
1608.730000
1608.730000
1608.730000
1608.730000
1608.730000
1608.730000
1608.730000
1608.730000
1608.730000
1608.730000
1608.730000
1608.730000
1608.730000
1608.730000
1608.730000
1608.730000
1608.730000
1608.730000
1608.730000
1608.730000
1608.730000
1608.730000
1608.730000
1608.730000
1608.730000
1608.730000
1608.730000
1608.730000
1608.730000
1608.730000
1618.750000
1622.980000
1658.130000
1717.250000
1719.660000
1715.970000
1711.280000
1684.660000
1681.240000
1691.000000
1663.220000
1660.380000
1638.410000
1647.320000
1657.050000
1731.950000
1708.970000
1696.560000
1711.230000
1711.230000
1711.230000
1711.230000
1711.230000
1711.230000
1711.230000
1711.230000
1711.230000
1711.230000
1711.230000
1711.230000
1711.230000
1711.230000
1711.230000
1711.230000
1711.230000
1667.140000
1592.280000
1654.530000
1639.780000
1637.030000
1581.560000
1685.550000
1635.850000
1660.140000
1718.230000
1813.620000
1849.620000
1828.230000
1857.900000
1854.920000
1778.760000
1614.120000
1395.590000
1446.590000
1446.590000
1446.590000
1446.590000
1446.590000
1446.590000
1446.590000
1446.590000
1446.590000
1446.590000
1446.590000
1446.590000
1446.590000
1446.590000
1446.590000
1446.590000
1446.590000
1446.590000
1446.590000
1446.590000
1446.590000
1446.590000
1446.590000
1446.590000
1446.590000
1446.590000
1446.590000
1446.590000
1446.590000
1446.590000
1446.590000
1446.590000
1446.590000
1446.590000
1446.590000
1446.590000
1446.590000
1446.590000
1446.590000
1446.590000
1446.590000
1446.590000
1446.590000
1446.590000
1446.590000
1446.590000
1446.590000
1446.590000
1446.590000
1446.590000
1446.590000
1446.590000
1446.590000
1446.590000
1446.590000
1446.590000
1446.590000
1446.590000
1446.590000
1446.590000
1446.590000
1446.590000
1446.590000
1446.590000
1446.590000
1446.590000
1446.590000
1446.590000
1446.590000
1446.590000
1446.590000
1446.590000
1446.590000
1446.590000
1446.590000
1446.590000
1446.590000
1446.590000
1446.590000
1446.590000
1446.590000
1446.590000
1446.590000
1446.590000
1446.590000
1446.590000
1446.590000
1446.590000
1446.590000
1446.590000
1446.590000
1446.590000
1446.590000
1446.590000
1446.590000
1446.590000
1446.590000
1446.590000
1446.590000
1446.590000
1446.590000
1446.590000
1446.590000
1446.590000
1446.590000
1446.590000
1446.590000
1446.590000
1446.590000
1446.590000
1446.590000
1446.590000
1446.590000
1446.590000
1422.960000
1432.390000
1441.580000
1438.680000
1460.220000
1471.340000
1471.900000
1511.390000
1494.510000
1456.600000
1410.580000
1359.670000
1344.530000
1354.290000
1359.670000
1391.920000
1440.390000
1471.960000
1499.660000
1499.660000
1499.660000
1499.660000
1499.660000
1499.660000
1499.660000
1499.660000
1499.660000
1499.660000
1499.660000
1499.660000
1499.660000
1499.660000
1499.660000
1499.660000
1499.660000
1499.660000
1499.660000
1499.660000
1499.660000
1499.660000
1499.660000
1499.660000
1499.660000
1499.660000
1499.660000
1499.660000
1499.660000
1499.660000
1499.660000
1499.660000
1499.660000
1499.660000
1511.030000
1499.640000
1482.340000
1504.640000
1504.730000
1504.130000
1506.630000
1488.480000
1523.270000
1495.020000
1473.780000
1400.550000
1432.610000
1407.850000
1432.900000
1405.230000
1403.590000
1376.560000
1398.230000
1398.230000
1398.230000
1398.230000
1398.230000
1398.230000
1398.230000
1398.230000
1398.230000
1398.230000
1398.230000
1398.230000
1398.230000
1398.230000
1398.230000
1398.230000
1398.230000
1398.230000
1418.660000
1401.210000
1422.430000
1417.780000
1445.930000
1432.360000
1434.060000
1430.890000
1413.510000
1393.050000
1388.680000
1511.000000
1506.010000
1503.830000
1503.830000
1503.830000
1503.830000
1503.830000
1503.830000
1503.830000
1503.830000
1503.830000
1503.830000
1503.830000
1503.830000
1503.830000
1503.830000
1503.830000
1503.830000
1503.830000
1503.830000
1503.830000
1503.830000
1503.830000
1503.830000
1503.830000
1503.830000
1503.830000
1503.830000
1503.830000
1503.830000
1503.830000
1503.830000
1503.830000
1503.830000
1503.830000
1503.830000
1503.830000
1503.830000
1503.830000
1503.830000
1503.830000
1503.830000
1503.830000
1503.830000
1503.830000
1503.830000
1503.830000
1503.830000
1503.830000
1503.830000
1503.830000
1503.830000
1503.830000
1503.830000
1503.830000
1503.830000
1503.830000
1503.830000
1503.830000
1503.830000
1503.830000
1503.830000
1503.830000
1503.830000
1503.830000
1503.830000
1503.830000
1503.830000
1503.830000
1503.830000
1503.830000
1503.830000
1503.830000
1503.830000
1503.830000
1503.830000
1503.830000
1503.830000
1503.830000
1503.830000
1503.830000
1503.830000
1503.830000
1503.830000
1503.830000
1503.830000
1503.830000
1503.830000
1503.830000
1503.830000
1503.830000
1503.830000
1503.830000
1503.830000
1503.830000
1503.830000
1503.830000
1503.830000
1503.830000
1503.830000
1503.830000
1503.830000
1503.830000
1503.830000
1503.830000
1503.830000
1503.830000
1503.830000
1503.830000
1503.830000
1503.830000
1503.830000
1503.830000
1503.830000
1503.830000
1503.830000
1503.830000
1503.830000
1503.830000
1503.830000
1503.830000
1503.830000
1503.830000
1503.830000
1503.830000
1503.830000
1503.830000
1503.830000
1503.830000
1503.830000
1503.830000
1503.830000
1503.830000
1503.830000
1503.830000
1503.830000
1503.830000
1503.830000
1503.830000
1503.830000
1503.830000
1503.830000
1503.830000
1503.830000
1503.830000
1503.830000
1503.830000
1503.830000
1503.830000
1503.830000
1503.830000
1503.830000
1503.830000
1503.830000
1503.830000
1503.830000
1503.830000
1503.830000
1503.830000
1503.830000
1503.830000
1503.830000
1503.830000
1503.830000
1503.830000
1503.830000
1503.830000
1503.830000
1503.830000
1503.830000
1503.830000
1503.830000
1503.830000
1503.830000
1503.830000
1503.830000
1503.830000
1503.830000
1503.830000
1503.830000
1503.830000
1503.830000
1503.830000
1503.830000
1503.830000
1503.830000
1503.830000
1503.830000
1503.830000
1503.830000
1503.830000
1503.830000
1503.830000
1503.830000
1503.830000
1503.830000
1503.830000
1503.830000
1503.830000
1503.830000
1503.830000
1503.830000
1503.830000
1503.830000
1503.830000
1503.830000
1503.830000
1503.830000
1503.830000
1503.830000
1503.830000
1503.830000
1503.830000
1503.830000
1503.830000
1503.830000
1503.830000
1503.830000
1503.830000
1503.830000
1503.830000
1503.830000
1503.830000
1503.830000
1503.830000
1503.830000
1503.830000
1503.830000
1503.830000
1503.830000
1503.830000
1503.830000
1503.830000
1503.830000
1503.830000
1503.830000
1503.830000
1503.830000
1503.830000
1503.830000
1503.830000
1503.830000
1503.830000
1503.830000
1503.830000
1503.830000
1503.830000
1503.830000
1503.830000
1503.830000
1503.830000
1503.830000
1503.830000
1503.830000
1503.830000
1503.830000
1503.830000
1503.830000
1503.830000
1503.830000
1503.830000
1503.830000
1503.830000
1503.830000
1503.830000
1503.830000
1503.830000
1503.830000
1503.830000
1503.830000
1503.830000
1503.830000
1503.830000
1503.830000
1503.830000
1503.830000
1503.830000
1503.830000
1503.830000
1503.830000
1503.830000
1503.830000
1503.830000
1503.830000
1503.830000
1503.830000
1503.830000
1503.830000
1503.830000
1503.830000
1503.830000
1503.830000
1503.830000
1503.830000
1503.830000
1503.830000
1503.830000
1503.830000
1503.830000
1503.830000
1503.830000
1503.830000
1503.830000
1503.830000
1503.830000
1503.830000
1503.830000
1503.830000
1503.830000
1503.830000
1503.830000
1503.830000
1503.830000
1503.830000
1503.830000
1503.830000
1503.830000
1503.830000
1503.830000
1503.830000
1503.830000
1503.830000
1503.830000
1503.830000
1503.830000
1503.830000
1503.830000
1503.830000
1503.830000
1503.830000
1503.830000
1503.830000
1503.830000
1503.830000
1503.830000
1503.830000
1503.830000
1503.830000
1503.830000
1503.830000
1503.830000
1503.830000
1503.830000
1503.830000
1503.830000
1503.830000
1503.830000
1525.370000
1518.870000
1504.190000
1504.900000
1526.430000
1555.730000
1570.280000
1610.070000
1619.700000
1616.150000
1567.430000
1540.360000
1525.570000
1486.460000
1463.830000
1491.170000
1476.680000
1461.610000
1392.770000
1392.770000
1371.340000
1396.240000
1493.290000
1483.390000
1481.810000
1511.590000
1515.690000
1511.940000
1542.030000
1558.850000
1552.670000
1598.260000
1676.360000
1647.450000
1647.450000
1647.450000
1647.450000
1647.450000
1647.450000
1647.450000
1647.450000
1647.450000
1647.450000
1647.450000
1647.450000
1647.450000
1647.450000
1647.450000
1647.450000
1647.450000
1647.450000
1647.450000
1647.450000
1647.450000
1647.450000
1647.450000
1647.450000
1647.450000
1647.450000
1647.450000
1647.450000
1647.450000
1647.450000
1647.450000
1647.450000
1688.520000
1662.350000
1635.270000
1571.390000
1627.990000
1621.450000
1629.500000
1631.230000
1680.110000
1662.970000
1645.470000
1655.800000
1631.870000
1627.970000
1657.610000
1611.830000
1620.500000
1634.040000
1676.440000
1676.440000
1676.440000
1676.440000
1676.440000
1676.440000
1676.440000
1676.440000
1676.440000
1676.440000
1676.440000
1676.440000
1676.440000
1676.440000
1676.440000
1676.440000
1676.440000
1676.440000
1676.440000
1676.440000
1676.440000
1676.440000
1676.440000
1676.440000
1676.440000
1668.030000
1656.150000
1651.390000
1660.270000
1608.600000
1610.690000
1649.270000
1653.680000
1686.710000
1691.440000
1713.250000
1724.070000
1727.130000
1713.020000
1737.490000
1742.200000
1759.390000
1751.450000
1758.500000
1758.500000
1758.500000
1758.500000
1758.500000
1758.500000
1758.500000
1758.500000
1758.500000
1758.500000
1758.500000
1758.500000
1758.500000
1758.500000
1758.500000
1758.500000
1758.500000
1758.500000
1758.500000
1758.500000
1758.500000
1758.500000
1730.360000
1756.390000
1803.140000
1822.820000
1835.980000
1834.140000
1838.760000
1831.290000
1833.360000
1835.580000
1874.190000
1880.080000
1897.210000
1924.410000
1920.530000
1911.060000
1898.830000
1903.120000
1929.670000
1929.670000
1929.670000
1929.670000
1929.670000
1929.670000
1929.670000
1929.670000
1929.670000
1929.670000
1929.670000
1929.670000
1929.670000
1929.670000
1929.670000
1929.670000
1929.670000
1929.670000
1929.670000
1929.670000
1929.670000
1929.670000
1929.670000
1929.670000
1929.670000
1929.670000
1929.670000
1929.670000
1929.670000
1929.670000
1929.670000
1929.670000
1929.670000
1929.670000
1929.670000
1929.670000
1929.670000
1929.670000
1929.670000
1929.670000
1929.670000
1929.670000
1929.670000
1929.670000
1929.670000
1929.670000
1929.670000
1929.670000
1929.670000
1929.670000
1929.670000
1929.670000
1929.670000
1929.670000
1929.670000
1929.670000
1929.670000
1929.670000
1929.670000
1929.670000
1929.670000
1929.670000
1929.670000
1929.670000
1929.670000
1929.670000
1929.670000
1929.670000
1929.670000
1929.670000
1929.670000
1915.790000
2008.680000
1970.780000
1986.590000
1982.850000
2010.490000
1951.590000
1981.410000
1945.800000
1942.790000
1940.680000
1936.820000
1919.000000
1937.420000
1954.290000
1961.330000
1963.830000
1937.160000
1929.060000
1929.060000
1929.060000
1929.060000
1929.060000
1929.060000
1929.060000
1929.060000
1929.060000
1929.060000
1929.060000
1929.060000
1929.060000
1929.060000
1929.060000
1929.060000
1929.060000
1929.060000
1929.060000
1929.060000
1929.060000
1929.060000
1929.060000
1929.060000
1929.060000
1929.060000
1929.060000
1929.060000
1929.060000
1929.060000
1929.060000
1929.060000
1929.060000
1929.060000
1929.060000
1929.060000
1929.060000
1929.060000
1894.210000
1901.580000
1908.190000
1893.670000
1881.120000
1914.410000
1924.580000
1946.730000
2021.200000
2055.080000
2101.390000
2062.330000
2062.330000
2062.330000
2062.330000
2062.330000
2062.330000
2062.330000
2062.330000
2062.330000
2062.330000
2062.330000
2062.330000
2062.330000
2062.330000
2062.330000
2062.330000
2062.330000
2062.330000
2062.330000
2062.330000
2062.330000
2062.330000
2062.330000
2062.330000
2062.330000
2062.330000
2062.330000
2062.330000
2062.330000
2062.330000
2062.330000
2062.330000
2062.330000
2062.330000
2062.330000
2062.330000
2062.330000
2062.330000
2062.330000
2062.330000
2062.330000
2062.330000
2062.330000
2062.330000
2062.330000
2062.330000
2062.330000
2062.330000
2062.330000
2062.330000
2062.330000
2062.330000
2062.330000
2062.330000
2062.330000
2062.330000
2062.330000
2062.330000
2062.330000
2062.330000
2062.330000
2062.330000
2062.330000
2062.330000
2062.330000
2062.330000
2062.330000
2062.330000
2062.330000
2062.330000
2062.330000
2062.330000
2062.330000
2062.330000
2062.330000
2062.330000
2062.330000
2062.330000
