12934.860000
12924.960000
12924.580000
12947.150000
12944.470000
12984.710000
12996.990000
13083.800000
13058.630000
13042.630000
13037.670000
13032.170000
13023.550000
13025.130000
12998.680000
12989.030000
12992.770000
12993.710000
12886.730000
12815.770000
12847.320000
12854.370000
12873.900000
12867.320000
12890.330000
12889.890000
12901.340000
12935.510000
12921.860000
12911.270000
12933.080000
12928.660000
12934.810000
12927.770000
12927.710000
12920.660000
12886.460000
12928.780000
12988.680000
13041.310000
13003.450000
12991.330000
12920.520000
12869.930000
12881.760000
12903.950000
12908.330000
12930.580000
12923.110000
12920.280000
12936.200000
12938.040000
12965.260000
12977.330000
12826.170000
12818.830000
12832.190000
12870.700000
12816.510000
12811.630000
12814.330000
12825.900000
12830.000000
12892.650000
12868.730000
12881.430000
12821.930000
12754.220000
12668.890000
12752.220000
12757.710000
12764.800000
12976.730000
13061.500000
13053.070000
13068.260000
13096.150000
13069.340000
13013.000000
13039.990000
13066.540000
13146.620000
13145.610000
13154.310000
13171.790000
13148.450000
13168.360000
13129.070000
13086.610000
13061.620000
13091.880000
13133.400000
13117.540000
13136.460000
13100.810000
13129.990000
13126.630000
13133.790000
13190.150000
13190.010000
13166.100000
13138.980000
13147.230000
13153.860000
13160.340000
13162.290000
13137.910000
13096.360000
13010.370000
13064.130000
13088.680000
13054.830000
13087.310000
13066.690000
13041.840000
13021.100000
13033.200000
13124.630000
13142.240000
13118.650000
13080.650000
13077.550000
13039.610000
12996.630000
13042.880000
12945.380000
13052.750000
12990.650000
13010.150000
13051.540000
13003.170000
12951.300000
12876.000000
12955.640000
12974.250000
13156.870000
13265.860000
13296.820000
13266.880000
13254.720000
13224.160000
13223.680000
13237.030000
13243.430000
13425.310000
13438.500000
13384.220000
13408.020000
13361.730000
13371.480000
13304.760000
13183.860000
13057.770000
13094.740000
13075.710000
13114.930000
13058.430000
12959.420000
13053.560000
12976.470000
12872.160000
12842.660000
12979.900000
12989.810000
13001.090000
13017.900000
13045.250000
13062.250000
13071.330000
13094.600000
13100.280000
13085.750000
13024.940000
12982.160000
12964.840000
12940.610000
12884.080000
12943.600000
12967.510000
12968.330000
13069.080000
13077.960000
13101.300000
13079.840000
13116.410000
13122.250000
13211.030000
13228.460000
13237.210000
13234.700000
13221.690000
13280.710000
13221.550000
13247.840000
13238.310000
13261.490000
13170.880000
13208.890000
13178.260000
13152.330000
13164.360000
13188.770000
13202.990000
13191.340000
13137.560000
13193.200000
13202.840000
13254.510000
13219.900000
13195.580000
13202.640000
13197.650000
13214.200000
13198.080000
13180.130000
13193.660000
13163.430000
13197.410000
13236.420000
13233.420000
13232.030000
13256.590000
13229.390000
13220.620000
13217.670000
13220.620000
13238.970000
13265.030000
13228.200000
13217.910000
13226.170000
13199.850000
13204.500000
13255.370000
13119.810000
13152.910000
13172.910000
13154.940000
13154.890000
13131.740000
13173.840000
13214.470000
13208.120000
13207.670000
13219.260000
13219.160000
13242.150000
13239.180000
13229.940000
13190.060000
13148.270000
13116.250000
12824.210000
12747.230000
12715.130000
12687.120000
12730.050000
12709.440000
12667.180000
12571.400000
12542.440000
12660.520000
12641.930000
12663.190000
12664.330000
12631.490000
12649.750000
12639.570000
12620.940000
12594.390000
12777.660000
12816.900000
12813.280000
12797.990000
12773.100000
12754.230000
12718.620000
12692.370000
12642.970000
12622.050000
12583.420000
12628.200000
12675.590000
12647.140000
12614.970000
12624.840000
12585.270000
12606.570000
12560.540000
12558.750000
12480.510000
12356.400000
12420.750000
12420.820000
12421.520000
12446.250000
12469.200000
12767.870000
12741.630000
12776.370000
12800.960000
12830.020000
12845.250000
12818.350000
12840.450000
12870.870000
12777.580000
12790.170000
12790.570000
12815.790000
12821.520000
12846.380000
12819.090000
12794.890000
12825.820000
12745.720000
12757.980000
12755.230000
12758.540000
12753.260000
12803.150000
12852.870000
12844.880000
12760.730000
12772.620000
12723.550000
12785.630000
12764.380000
12789.960000
12744.550000
12730.690000
12726.170000
12730.770000
12634.080000
12646.040000
12597.740000
12603.570000
12560.110000
12574.790000
12621.100000
12631.520000
12689.040000
12731.900000
12763.290000
12772.030000
12782.010000
12785.830000
12786.390000
12783.080000
12818.840000
12828.310000
12824.050000
12798.740000
12822.030000
12838.650000
12892.080000
12943.780000
12915.290000
12909.110000
12906.020000
12914.930000
12895.560000
12868.770000
12881.090000
12849.530000
12859.760000
12867.000000
12897.720000
12928.570000
13001.630000
12984.200000
12998.620000
13009.820000
13010.370000
13035.560000
13073.300000
13067.590000
13042.210000
13043.580000
13027.150000
13036.950000
13017.440000
13071.330000
13076.420000
13049.030000
13024.750000
13051.230000
13066.150000
13066.890000
13080.330000
13110.060000
13126.710000
13127.250000
13096.140000
13122.630000
13138.410000
13079.240000
13115.540000
13086.850000
13083.140000
13057.260000
13011.650000
12997.020000
12992.740000
13018.990000
13052.530000
13051.800000
13032.010000
12995.860000
12994.920000
13023.300000
13050.580000
13031.070000
13028.060000
12733.900000
12629.940000
12661.350000
12672.900000
12678.690000
12621.840000
12713.470000
12683.340000
12703.750000
12780.420000
12782.660000
12773.670000
12818.840000
12828.270000
12852.320000
12873.740000
12929.310000
12908.990000
12962.210000
12942.710000
12936.340000
12924.290000
12892.430000
12866.220000
12868.150000
12881.290000
12854.660000
12816.450000
12833.560000
12808.050000
12822.180000
12799.540000
12769.200000
12808.420000
12792.550000
12736.950000
12658.080000
12560.850000
12649.840000
12656.690000
12616.270000
12627.570000
12667.650000
12606.630000
12557.640000
12457.330000
12477.250000
12493.720000
12555.420000
12571.060000
12510.420000
12528.390000
12501.630000
12543.060000
12650.260000
12619.290000
12633.110000
12683.040000
12688.690000
12697.550000
12663.690000
12634.950000
12645.750000
12373.430000
12365.330000
12366.980000
12318.010000
12285.930000
12307.820000
12231.210000
12185.290000
12177.180000
12164.250000
12086.200000
12173.140000
12165.370000
12125.760000
12135.190000
12065.320000
12084.210000
12063.570000
11735.860000
11712.830000
11690.020000
11672.820000
11579.790000
11621.990000
11532.290000
11583.120000
11560.510000
11598.520000
11648.040000
11623.200000
11490.760000
11547.330000
11568.130000
11610.960000
11591.200000
11598.070000
11545.020000
11583.270000
11590.180000
11579.600000
11569.720000
11564.480000
11463.870000
11548.470000
11556.480000
11624.500000
11723.790000
11781.280000
11779.710000
11745.040000
11778.320000
11817.210000
11767.440000
11788.280000
11980.820000
12021.050000
11992.310000
12003.020000
11996.670000
12012.120000
12028.930000
12072.520000
12088.980000
12003.530000
12150.710000
12103.710000
12130.710000
12207.850000
12229.780000
12216.800000
12313.000000
12324.220000
12448.970000
12455.020000
12507.490000
12540.350000
12529.260000
12508.930000
12547.170000
12576.980000
12568.090000
12478.440000
12379.460000
12448.910000
12447.930000
12414.110000
12508.710000
12514.350000
12469.360000
12480.020000
12701.420000
12698.710000
12723.160000
13113.700000
13152.710000
13205.930000
13161.700000
13112.110000
13095.970000
13035.660000
13089.060000
13058.160000
13106.250000
13116.660000
13154.890000
13215.760000
13154.260000
13163.110000
13211.300000
13219.190000
13221.590000
13216.460000
13224.790000
13218.650000
13209.160000
13229.270000
13216.180000
13081.390000
13153.930000
13139.190000
13102.440000
13033.890000
13051.490000
13059.450000
13057.290000
13052.950000
13036.960000
13112.140000
13135.020000
13095.860000
13065.320000
13088.770000
13114.550000
13080.610000
13076.720000
13113.250000
13168.240000
13143.720000
13252.140000
13208.390000
13230.380000
13182.740000
13177.330000
13138.610000
13107.210000
13127.670000
13118.920000
13102.340000
13089.430000
13091.650000
13050.860000
13127.320000
13133.470000
13128.380000
13151.040000
13160.560000
13166.400000
13178.740000
13177.020000
13171.940000
13182.460000
13201.890000
13081.800000
13075.750000
13060.230000
13083.070000
13112.580000
13114.100000
13131.850000
13108.780000
13086.160000
13114.530000
13130.180000
13158.790000
13144.780000
13137.600000
13116.070000
13127.350000
13117.600000
13137.250000
13280.900000
13253.040000
13239.470000
13215.640000
13215.360000
13181.520000
13178.730000
13207.010000
13126.970000
13227.550000
13247.820000
13252.020000
13250.510000
13265.170000
13266.840000
13274.400000
13288.270000
13292.440000
13294.370000
13268.200000
13243.370000
13259.960000
13264.190000
13271.430000
13257.940000
13279.370000
13289.800000
13282.210000
13289.720000
13284.390000
13285.250000
13292.610000
13296.820000
13312.260000
13301.250000
13286.570000
13325.490000
13316.310000
13321.720000
13324.440000
13315.000000
13318.550000
13341.450000
13346.460000
13335.680000
13345.090000
13366.660000
13389.720000
13368.420000
13403.630000
13437.700000
13418.470000
13385.780000
13291.160000
13414.480000
13392.920000
13429.730000
13417.770000
13402.010000
13409.730000
13399.600000
13390.050000
13382.300000
13325.880000
13335.260000
13347.750000
13343.190000
13300.760000
13289.300000
13295.510000
13316.480000
13313.240000
13280.640000
13234.030000
13249.250000
13263.790000
13244.450000
13257.270000
13245.870000
13261.560000
13252.860000
13243.050000
13286.640000
13255.320000
13232.180000
13246.610000
13252.360000
13275.640000
13264.610000
13298.960000
13194.010000
13233.350000
13234.720000
13267.360000
13242.610000
13246.340000
13260.700000
13263.500000
13271.000000
13267.880000
13251.220000
13248.320000
13209.660000
13232.250000
13248.760000
13263.580000
13281.230000
13278.490000
13417.940000
13403.050000
13417.540000
13385.590000
13394.490000
13395.830000
13385.610000
13358.470000
13340.260000
13340.390000
13347.960000
13357.710000
13354.650000
13325.700000
13231.390000
13278.670000
13302.180000
13295.730000
13151.460000
13157.550000
13074.270000
13043.600000
13090.550000
13126.030000
13139.000000
13127.210000
13114.300000
13222.460000
13236.190000
13257.690000
13281.620000
13280.470000
13260.620000
13233.630000
13255.040000
13223.160000
13308.300000
13324.750000
13314.290000
13307.930000
13318.050000
13348.620000
13334.190000
13344.660000
13362.870000
13558.220000
13575.930000
13585.340000
13572.370000
13556.970000
13541.050000
13520.270000
13543.760000
13565.980000
13681.140000
13665.750000
13672.350000
13666.190000
13667.640000
13662.190000
13690.100000
13686.120000
13667.250000
13701.240000
13698.410000
13694.670000
13681.000000
13688.230000
13703.640000
13678.770000
13657.720000
13630.510000
13341.450000
13263.300000
13115.920000
13217.350000
13232.230000
13216.100000
13206.500000
13238.620000
13246.300000
13418.470000
13362.580000
13368.890000
13383.390000
13382.780000
13387.920000
13364.710000
13404.380000
13418.110000
13496.610000
13494.950000
13527.120000
13500.500000
13506.310000
13541.700000
13576.450000
13565.910000
13587.230000
13796.960000
13775.020000
13790.300000
13794.340000
13792.780000
13793.400000
13800.050000
13789.700000
13790.290000
13861.600000
13845.760000
13843.350000
13829.000000
13817.310000
13819.480000
13777.160000
13770.500000
13761.380000
13750.300000
13754.890000
13773.900000
13771.410000
13756.060000
13718.780000
13718.780000
13718.780000
13718.780000
13788.660000
13884.280000
13886.250000
13883.180000
13884.770000
13888.290000
13839.070000
13701.170000
13726.740000
13706.060000
13703.350000
13686.600000
13664.360000
13639.390000
13575.760000
13660.150000
13622.400000
13651.220000
13658.340000
13751.310000
13771.590000
13777.370000
13777.190000
13771.820000
13839.820000
13886.120000
13891.970000
13950.020000
13965.820000
13940.250000
13942.390000
13949.870000
13940.640000
13989.620000
14000.320000
13968.240000
14097.990000
14073.240000
14071.770000
14066.670000
14060.990000
14052.220000
14061.380000
14042.240000
14049.530000
13946.250000
13953.730000
13983.150000
13963.610000
13933.230000
13870.890000
13911.610000
13940.420000
13936.660000
13964.120000
13947.950000
13943.480000
13932.900000
13922.290000
13904.860000
13915.960000
13942.900000
13925.060000
13919.520000
13931.470000
13908.250000
13911.280000
13878.950000
13929.760000
13955.210000
13971.020000
13939.710000
14002.780000
14021.920000
13964.840000
13961.640000
13973.810000
13977.900000
13991.770000
13984.100000
13988.700000
13921.970000
13936.860000
13909.700000
13883.080000
13840.200000
13838.310000
13824.390000
13755.040000
13787.730000
13773.160000
13771.930000
13790.770000
13795.530000
13797.750000
13825.290000
13825.590000
13834.570000
13848.350000
13869.290000
13894.940000
13867.930000
13895.080000
13883.630000
13880.510000
13835.170000
13841.700000
13815.060000
13892.070000
13893.050000
13904.460000
13884.390000
13880.920000
13921.850000
13927.080000
13918.700000
13921.370000
13953.210000
13966.040000
13981.680000
13994.960000
13960.340000
13932.740000
13901.010000
13931.520000
13906.670000
13828.560000
13779.130000
13793.770000
13787.770000
13815.640000
13842.590000
13888.190000
13870.840000
13873.970000
13891.490000
13860.020000
13852.320000
13796.660000
13655.710000
13669.880000
13661.030000
13645.960000
13643.950000
13788.860000
13830.900000
13829.540000
13894.220000
13910.160000
13900.790000
13889.840000
13897.910000
13870.990000
13802.790000
13826.970000
13764.380000
13647.430000
13605.340000
13592.900000
13534.600000
13648.190000
13620.460000
13367.310000
13404.070000
13484.830000
13544.910000
13526.520000
13613.450000
13605.600000
13648.780000
13665.930000
13529.530000
13530.700000
13536.140000
13563.760000
13527.700000
13522.030000
13520.590000
13552.730000
13432.870000
13587.900000
13573.290000
13584.580000
13615.010000
13624.180000
13614.050000
13588.160000
13593.250000
13622.020000
13771.560000
13805.140000
13804.210000
13765.520000
13767.190000
13756.960000
13797.030000
13825.430000
13835.160000
13917.890000
13908.490000
13929.850000
13948.930000
13904.560000
13906.720000
13885.600000
13956.840000
13933.630000
14001.430000
13965.060000
13995.780000
13958.570000
13976.490000
13986.130000
14010.000000
14054.840000
14053.020000
14063.730000
14092.110000
14080.050000
14096.850000
14102.610000
14084.340000
14052.730000
14063.060000
14056.720000
14074.670000
14097.390000
14078.380000
14103.120000
14121.160000
14128.580000
14128.420000
14109.820000
14059.910000
14031.540000
13976.890000
13983.080000
14005.110000
14000.540000
14019.760000
14005.990000
14021.630000
14011.800000
14017.380000
14011.120000
14003.510000
14010.460000
14006.090000
14016.740000
14023.110000
13962.760000
13932.970000
13985.530000
13996.530000
14003.410000
14009.450000
14013.510000
14021.150000
14012.530000
14034.960000
14040.910000
13944.130000
13959.560000
13975.620000
13980.510000
13974.980000
13991.030000
14005.360000
14030.140000
14049.890000
14109.280000
14087.450000
14094.740000
14106.730000
14090.990000
14107.510000
14107.530000
14118.490000
14109.480000
14109.420000
14113.810000
14097.400000
14114.680000
14096.100000
14097.410000
14081.090000
14076.410000
14064.600000
14026.850000
13967.780000
13963.800000
13989.110000
13994.660000
13970.160000
13969.540000
13924.950000
13909.270000
13961.050000
13929.710000
13886.340000
13925.200000
13933.870000
13903.280000
13921.350000
13879.560000
13886.930000
13941.620000
13944.590000
13971.800000
13948.420000
13990.420000
14023.670000
14005.660000
14001.050000
13993.230000
13834.380000
13903.970000
13914.050000
13925.150000
13894.160000
13925.670000
13942.960000
13941.900000
13950.040000
13857.880000
13757.810000
13760.740000
13791.040000
13821.650000
13814.850000
13770.060000
13843.340000
13864.810000
13949.900000
13957.510000
13979.330000
13956.130000
13970.980000
13907.270000
13907.230000
13977.740000
13976.000000
13971.980000
13977.360000
13988.260000
13935.280000
13944.660000
13981.150000
13957.330000
13929.790000
13879.330000
13855.980000
13853.520000
13827.610000
13786.120000
13778.080000
13822.410000
13807.350000
13790.780000
13786.290000
13956.520000
13940.480000
13942.350000
13884.970000
13921.030000
13921.850000
13943.810000
14009.890000
14012.820000
13989.750000
14025.010000
14053.550000
14083.740000
14080.180000
14087.400000
14091.440000
14056.280000
14039.800000
14170.130000
14170.110000
14174.470000
14174.780000
14140.090000
14061.710000
14017.460000
14042.980000
14080.030000
14028.930000
14022.540000
13999.060000
14010.570000
14031.850000
14065.960000
14041.350000
14054.160000
14056.340000
13942.710000
13941.230000
13948.830000
13975.520000
13983.950000
14022.830000
14006.870000
13964.990000
13920.690000
14044.790000
14037.440000
14093.070000
14106.800000
14105.530000
14142.440000
14244.490000
14379.260000
14380.910000
14366.800000
14429.720000
14429.440000
14431.360000
14418.880000
14444.450000
14449.590000
14440.620000
14437.940000
14473.970000
14490.920000
14482.110000
14478.100000
14496.500000
14533.430000
14544.430000
14538.120000
14540.250000
14531.410000
14524.710000
14540.290000
14525.360000
14573.080000
14563.950000
14569.230000
14566.100000
14569.390000
14483.730000
14483.230000
14488.720000
14463.430000
14488.860000
14473.440000
14503.150000
14496.270000
14502.390000
14542.680000
14538.000000
14524.450000
14513.490000
14506.080000
14526.990000
14502.280000
14445.580000
14461.420000
14521.400000
14540.210000
14549.770000
14551.620000
14549.450000
14580.250000
14571.520000
14573.270000
14557.580000
14561.110000
14565.900000
14566.280000
14558.640000
14557.940000
14572.450000
14554.820000
14582.830000
14596.610000
14691.770000
14732.690000
14774.780000
14713.750000
14738.760000
14717.620000
14731.040000
14793.020000
14775.520000
14729.260000
14728.850000
14711.770000
14684.290000
14698.210000
14590.850000
14642.830000
14647.250000
14621.000000
14630.820000
14636.910000
14650.550000
14664.180000
14651.220000
14660.710000
14649.500000
14651.580000
14657.210000
14594.330000
14587.200000
14622.870000
14643.470000
14656.720000
14690.510000
14685.470000
14689.170000
14662.020000
14582.800000
14599.160000
14586.780000
14573.540000
14580.000000
14565.960000
14580.340000
14596.250000
14610.390000
14582.090000
14588.690000
14589.690000
14461.600000
14457.910000
14491.470000
14518.190000
14602.280000
14621.360000
14731.980000
14730.710000
14726.710000
14736.890000
14736.100000
14756.100000
14747.810000
14743.630000
14748.940000
14777.570000
14759.650000
14798.370000
14813.770000
14816.880000
14785.910000
14827.760000
14817.540000
14817.720000
14908.390000
14907.220000
14908.590000
14914.730000
14909.710000
14919.340000
14961.910000
15007.070000
15008.610000
15004.530000
15000.180000
14999.640000
15014.890000
15002.950000
14987.730000
14985.470000
15008.380000
15008.340000
15092.970000
15089.780000
15074.570000
15047.230000
15073.080000
15092.900000
15083.670000
15099.960000
15107.170000
15256.310000
15255.290000
15245.740000
15273.670000
15281.890000
15246.530000
15244.350000
15244.020000
15212.680000
15221.420000
15212.000000
15203.010000
15197.090000
15185.230000
15161.200000
15180.560000
15201.630000
15176.360000
15208.710000
15184.590000
15174.760000
15144.760000
15175.850000
15181.980000
15182.380000
15181.270000
15202.680000
15185.330000
15200.750000
15215.850000
15216.140000
15225.790000
15213.630000
15211.130000
15224.540000
15234.160000
15219.090000
15238.200000
15249.510000
15247.110000
15252.570000
15251.500000
15252.340000
15241.400000
15215.000000
15256.820000
15258.950000
15277.710000
15234.980000
15226.350000
15260.090000
15256.410000
15255.890000
15234.360000
15218.220000
15236.680000
15238.080000
15225.460000
15226.210000
15197.980000
15242.690000
15217.270000
15209.150000
15255.840000
15257.290000
15242.120000
15257.530000
15241.050000
15251.020000
15247.700000
15266.750000
15255.330000
15334.190000
15356.900000
15398.140000
15373.780000
15418.920000
15425.280000
15421.140000
15450.580000
15459.750000
15462.610000
15458.020000
15426.920000
15425.410000
15439.310000
15438.450000
15426.290000
15383.960000
15368.390000
15345.290000
15315.680000
15244.800000
15261.160000
15224.980000
15222.980000
15221.530000
15139.360000
15129.510000
15183.730000
15165.160000
15132.800000
15184.430000
15143.140000
15089.250000
15173.980000
15193.740000
15195.970000
15236.860000
15262.190000
15291.530000
15263.340000
15273.990000
15269.190000
15282.330000
15312.270000
15320.520000
15295.440000
15275.150000
15269.230000
15268.130000
15235.780000
15153.900000
15213.180000
15251.580000
15279.620000
15310.440000
15275.190000
15256.640000
15240.690000
15278.260000
15282.550000
15296.040000
15298.020000
15296.340000
15270.870000
15268.050000
15214.040000
15242.630000
15233.210000
15243.250000
15248.410000
15250.030000
15249.270000
15287.500000
15300.020000
15297.590000
15315.500000
15295.770000
15314.710000
15336.060000
15319.290000
15292.180000
15290.220000
15264.590000
15236.970000
15234.570000
15221.380000
15228.080000
15167.830000
15117.290000
15154.200000
15233.790000
15215.230000
15208.160000
15164.390000
15197.310000
15211.930000
15235.220000
15194.230000
15135.910000
15261.330000
15210.520000
15147.640000
15223.760000
15252.720000
15230.080000
15234.710000
15220.290000
15236.470000
15178.870000
15152.400000
15157.830000
15210.400000
15070.270000
14999.420000
14926.690000
14868.540000
14856.480000
15043.450000
15055.830000
15055.340000
15053.190000
15060.810000
15097.580000
15127.620000
15125.130000
15170.780000
15229.950000
15199.100000
15153.610000
15158.520000
15157.850000
15152.360000
15118.090000
15134.020000
15196.740000
15309.500000
15349.690000
15370.140000
15392.140000
15391.890000
15351.840000
15376.600000
15384.830000
15399.650000
15381.850000
15364.200000
15358.840000
15366.600000
15378.640000
15372.140000
15383.310000
15379.950000
15400.410000
15141.400000
15071.510000
15075.880000
15047.750000
15040.780000
15031.060000
15145.820000
15055.870000
15119.750000
15171.040000
15127.030000
15142.340000
15140.940000
15164.470000
15156.370000
15177.460000
15180.640000
15150.220000
14864.090000
14868.730000
14911.610000
14947.130000
15012.270000
15086.790000
15176.520000
15223.840000
15199.680000
15222.680000
15255.420000
15288.530000
15303.580000
15303.870000
15323.190000
15369.110000
15381.340000
15416.640000
15405.980000
15423.430000
15386.460000
15363.350000
15368.890000
15396.000000
15411.660000
15407.340000
15396.620000
15474.580000
15441.810000
15440.470000
15441.680000
15411.500000
15409.170000
15371.230000
15396.540000
15386.580000
15210.670000
15143.490000
15179.520000
15193.770000
15101.690000
15054.100000
15041.620000
15094.040000
15113.560000
15197.630000
15146.740000
15136.740000
15196.200000
15232.010000
15261.340000
15304.700000
15316.560000
15370.260000
15397.400000
15393.250000
15400.160000
15377.120000
15432.490000
15426.860000
15463.260000
15453.560000
15437.510000
15547.200000
15559.070000
15561.070000
15552.640000
15532.520000
15520.570000
15495.630000
15499.520000
15465.090000
15493.340000
15473.600000
15437.520000
15439.310000
15413.200000
15462.690000
15430.560000
15455.480000
15450.720000
15387.390000
15389.330000
15400.820000
15402.530000
15418.440000
15452.930000
15470.090000
15450.470000
15406.730000
15468.120000
15491.640000
15486.100000
15499.330000
15497.140000
15531.810000
15542.430000
15530.720000
15519.980000
15481.480000
15478.950000
15463.550000
15482.130000
15475.340000
15479.380000
15468.920000
15450.720000
15421.130000
15591.350000
15631.150000
15634.430000
15650.340000
15682.190000
15666.440000
15614.770000
15581.570000
15567.360000
15575.970000
15576.680000
15601.380000
15590.630000
15565.150000
15583.520000
15580.820000
15590.670000
15602.710000
15573.580000
15587.070000
15579.190000
15516.790000
15489.580000
15545.350000
15590.100000
15638.810000
15632.670000
15658.250000
15626.540000
15628.700000
15631.510000
15639.110000
15649.210000
15640.790000
15695.290000
15692.900000
15665.980000
15694.410000
15690.920000
15717.900000
15712.850000
15712.440000
15716.340000
15700.290000
15677.150000
15664.990000
15680.690000
15703.430000
15677.780000
15704.120000
15708.570000
15671.550000
15666.110000
15640.600000
15636.850000
15629.780000
15580.100000
15557.260000
15555.100000
15554.310000
15546.680000
15576.920000
15581.140000
15543.490000
15566.630000
15585.940000
15585.240000
15561.560000
15601.900000
15621.790000
15563.860000
15571.220000
15568.800000
15586.670000
15593.900000
15661.180000
15640.750000
15671.290000
15682.830000
15677.210000
15693.270000
15756.930000
15728.150000
15730.930000
15719.400000
15702.510000
15709.980000
15704.300000
15721.060000
15673.640000
15781.760000
15778.280000
15760.700000
15764.700000
15767.700000
15754.220000
15734.570000
15730.110000
15729.520000
15692.890000
15701.640000
15688.070000
15716.880000
15700.310000
15698.610000
15725.440000
15724.180000
15710.570000
15684.690000
15679.370000
15682.860000
15686.820000
15689.810000
15716.470000
15727.220000
15730.940000
15727.670000
15685.660000
15683.340000
15675.510000
15624.040000
15577.280000
15515.570000
15488.440000
15469.310000
15448.040000
15464.580000
15488.610000
15533.020000
15551.020000
15545.120000
15557.740000
15548.080000
15598.640000
15603.240000
15547.730000
15538.990000
15563.050000
15602.900000
15629.650000
15597.970000
15589.710000
15630.010000
15636.330000
15569.850000
15567.610000
15558.050000
15540.620000
15553.320000
15588.090000
15560.730000
15515.950000
15456.390000
15506.080000
15573.150000
15568.020000
15558.390000
15564.520000
15569.030000
15579.590000
15585.580000
15589.230000
15567.740000
15557.200000
15573.930000
15565.560000
15570.530000
15573.970000
15559.760000
15592.770000
15607.970000
15604.480000
15587.780000
15592.870000
15584.950000
15628.240000
15635.610000
15611.510000
15571.540000
15554.180000
15650.250000
15637.870000
15693.690000
15699.030000
15691.130000
15740.400000
15741.830000
15706.880000
15690.590000
15653.010000
15510.060000
15497.690000
15527.700000
15586.030000
15545.860000
15581.680000
15549.330000
15531.040000
15682.500000
15671.870000
15625.080000
15520.650000
15592.790000
15553.180000
15575.510000
15606.820000
15603.810000
15687.710000
15628.960000
15659.300000
15667.840000
15662.730000
15675.980000
15631.420000
15641.740000
15650.090000
15547.900000
15594.870000
15610.850000
15634.510000
15644.100000
15662.630000
15662.760000
15668.910000
15661.970000
15573.640000
15600.220000
15609.600000
15608.590000
15607.000000
15643.220000
15613.490000
15481.480000
15511.380000
15626.370000
15628.210000
15634.600000
15648.900000
15651.510000
15655.460000
15681.380000
15646.140000
15692.710000
15520.790000
15505.300000
15481.760000
15431.930000
15372.070000
15357.250000
15379.220000
15329.240000
15420.640000
15505.040000
15550.190000
15519.120000
15545.240000
15576.840000
15569.320000
15611.930000
15664.190000
15687.930000
15639.960000
15687.180000
15662.320000
15653.280000
15701.400000
15721.120000
15774.220000
15781.250000
15790.510000
15778.360000
15781.570000
15771.390000
15785.460000
15794.110000
15770.480000
15792.440000
15763.050000
15789.640000
15753.690000
15758.410000
15763.560000
15758.860000
15772.120000
15794.880000
15783.710000
15795.850000
15788.980000
15669.880000
15702.430000
15689.340000
15636.760000
15641.510000
15619.990000
15635.350000
15621.570000
15629.660000
15671.230000
15691.510000
15663.940000
15622.790000
15597.770000
15613.550000
15565.420000
15527.580000
15540.310000
15334.750000
15254.570000
15263.510000
15226.790000
15157.060000
15130.210000
15107.520000
15104.230000
15133.200000
15248.570000
15224.070000
15147.040000
15145.880000
15194.980000
15138.620000
15201.770000
15278.800000
15216.270000
15294.090000
15338.750000
15352.700000
15357.080000
15276.150000
15358.720000
15417.790000
15421.110000
15422.500000
15546.760000
15551.470000
15546.760000
15561.900000
15561.610000
15522.870000
15495.990000
15512.910000
15514.540000
15603.970000
15604.190000
15633.540000
15662.920000
15665.700000
15664.180000
15646.120000
15657.820000
15669.290000
15586.810000
15567.450000
15591.740000
15592.530000
15618.230000
15607.960000
15635.450000
15598.470000
15618.980000
15476.390000
15491.530000
15525.050000
15554.630000
15552.170000
15546.830000
15527.210000
15537.660000
15519.130000
15541.440000
15552.120000
15559.750000
15544.540000
15549.690000
15552.160000
15550.980000
15564.540000
15570.360000
15593.010000
15595.140000
15626.210000
15654.200000
15641.070000
15632.590000
15630.060000
15629.240000
15640.470000
15483.480000
15513.290000
15475.890000
15523.760000
15515.780000
15548.860000
15591.250000
15564.530000
15544.390000
15608.580000
15603.940000
15571.700000
15526.990000
15558.350000
15574.020000
15589.070000
15582.460000
15568.730000
15576.560000
15587.820000
15584.570000
15600.720000
15602.260000
15554.560000
15509.120000
15554.300000
15555.080000
15636.290000
15652.410000
15676.890000
15677.800000
15650.700000
15619.270000
15668.510000
15693.240000
15692.130000
15719.520000
15724.520000
15716.650000
15696.310000
15701.030000
15716.530000
15736.620000
15737.220000
15744.670000
15756.580000
15766.610000
15776.780000
15767.360000
15763.520000
15787.200000
15778.360000
15773.040000
15761.450000
15758.270000
15751.820000
15735.730000
15733.810000
15753.640000
15752.510000
15734.190000
15752.320000
15745.410000
15778.510000
15764.410000
15756.770000
15772.540000
15776.350000
15783.140000
15787.280000
15784.930000
15770.710000
15757.000000
15778.550000
15784.970000
15783.550000
15758.950000
15798.800000
15849.440000
15822.170000
15826.090000
15835.060000
15849.230000
15884.620000
15886.840000
15888.150000
15915.740000
15947.880000
15954.120000
15937.510000
15980.750000
16008.370000
16024.130000
16003.420000
16000.550000
15986.120000
15980.330000
15965.230000
15977.440000
15926.570000
15895.830000
15885.620000
15911.130000
15906.900000
15903.730000
15886.740000
15869.860000
15925.730000
15862.470000
15876.770000
15890.230000
15893.980000
15901.410000
15908.160000
15892.870000
15917.340000
15921.950000
15892.570000
15887.980000
15893.520000
15906.450000
15918.450000
15925.330000
15950.090000
15960.950000
15965.970000
15741.760000
15678.080000
15695.550000
15680.440000
15659.730000
15634.630000
15734.130000
15773.360000
15765.810000
15681.380000
15712.550000
15693.380000
15690.840000
15693.200000
15721.150000
15776.240000
15794.560000
15808.040000
15836.550000
15827.150000
15839.630000
15848.960000
15844.930000
15834.500000
15824.850000
15846.840000
15852.790000
15884.630000
15904.160000
15886.230000
15903.050000
15904.640000
15860.680000
15901.270000
15912.590000
15905.850000
15920.710000
15899.680000
15883.740000
15880.670000
15880.230000
15896.260000
15873.510000
15857.010000
15860.660000
15804.530000
15773.510000
15760.890000
15770.530000
15781.080000
15784.080000
15805.210000
15782.190000
15793.620000
15803.640000
15795.520000
15785.250000
15789.360000
15780.460000
15776.970000
15813.500000
15840.440000
15851.750000
15865.770000
15893.460000
15894.340000
15879.660000
15876.120000
15866.210000
15867.100000
15881.740000
15887.310000
15963.690000
15976.450000
15975.030000
15876.220000
15853.150000
15827.260000
15782.760000
15777.780000
15835.090000
15965.740000
15938.120000
15883.650000
15875.970000
15884.430000
15834.850000
15800.330000
15821.360000
15824.290000
15866.290000
15855.330000
15829.920000
15825.730000
15824.990000
15845.330000
15820.070000
15825.480000
15840.590000
15850.940000
15856.360000
15852.000000
15859.330000
15850.830000
15836.280000
15713.510000
15778.720000
15781.200000
15875.880000
15882.650000
15871.340000
15877.830000
15890.270000
15900.490000
15933.680000
15943.480000
15932.120000
15908.420000
15901.500000
15880.640000
15892.440000
15905.850000
15894.820000
15851.880000
15849.550000
15843.090000
15642.400000
15611.830000
15694.290000
15732.550000
15736.360000
15676.010000
15697.000000
15617.930000
15610.280000
15559.580000
15548.110000
15565.710000
15562.510000
15613.380000
15625.890000
15639.290000
15673.520000
15623.150000
15640.470000
15698.530000
15665.950000
15695.680000
15684.820000
15682.580000
15641.020000
15603.560000
15609.810000
15714.850000
15717.250000
15724.500000
15775.620000
15775.240000
15770.350000
15726.200000
15721.090000
15701.420000
15719.750000
15726.380000
15712.380000
15721.530000
15680.770000
15738.660000
15725.290000
15696.300000
15722.990000
15708.140000
15718.330000
15719.400000
15691.970000
15704.980000
15715.130000
15684.480000
15632.030000
15616.000000
15718.860000
15701.020000
15696.820000
15694.830000
15689.020000
15733.750000
15691.410000
15671.370000
15651.750000
15749.380000
15736.090000
15641.480000
15622.270000
15570.250000
15655.950000
15574.430000
15479.180000
15490.170000
15173.500000
15166.140000
15151.490000
15129.570000
15069.720000
15064.700000
15136.150000
15108.280000
15132.060000
15320.600000
15318.930000
15345.590000
15349.370000
15349.140000
15346.420000
15370.140000
15295.880000
15348.530000
15384.350000
15441.700000
15433.960000
15433.360000
15438.860000
15469.270000
15480.840000
15491.440000
15506.740000
15661.290000
15660.010000
15667.120000
15626.170000
15624.310000
15615.160000
15654.490000
15652.050000
15643.970000
15521.270000
15567.180000
15507.460000
15532.980000
15522.460000
15525.470000
15548.590000
15529.710000
15531.750000
15672.260000
15665.600000
15629.520000
15589.630000
15594.360000
15563.590000
15596.800000
15590.980000
15573.880000
15469.530000
15469.600000
15403.990000
15387.710000
15413.380000
15372.690000
15346.190000
15283.100000
15248.560000
15394.720000
15396.990000
15407.220000
15401.510000
15390.450000
15374.020000
15341.890000
15377.860000
15365.270000
15413.220000
15391.810000
15343.140000
15319.320000
15323.170000
15309.500000
15294.170000
15265.580000
15260.690000
15141.060000
15132.660000
15145.510000
15155.050000
15237.090000
15205.530000
15146.520000
15141.940000
15156.440000
15112.480000
15118.190000
15152.950000
15160.230000
15124.920000
15156.090000
15173.930000
15047.840000
15036.550000
15018.100000
15085.620000
15110.410000
15088.640000
15109.800000
15108.870000
15088.750000
15177.460000
15194.490000
14922.440000
14893.200000
14848.700000
14852.980000
14921.780000
14946.990000
14962.250000
15017.080000
14973.330000
15150.350000
15140.170000
15149.800000
15166.920000
15179.390000
15171.060000
15207.720000
15247.470000
15250.860000
15212.110000
15210.930000
15216.690000
15231.750000
15235.870000
15242.340000
15227.640000
15215.410000
15206.130000
15156.110000
15180.300000
15188.750000
15130.480000
15127.970000
15144.760000
15183.290000
15183.770000
15199.140000
15093.800000
15119.450000
15154.480000
15165.720000
15139.920000
15144.270000
15132.120000
15124.010000
15146.870000
15192.680000
15256.560000
15254.100000
15255.240000
15263.540000
15235.510000
15269.230000
15242.320000
15249.380000
15329.570000
15355.520000
15381.520000
15381.480000
15391.700000
15429.920000
15435.100000
15450.940000
15462.720000
15474.340000
15492.790000
15515.290000
15497.530000
15519.680000
15563.640000
15586.350000
15573.530000
15587.360000
15518.770000
15511.430000
15504.380000
15490.850000
15488.360000
15440.960000
15458.460000
15472.590000
15474.470000
15470.920000
15474.020000
15481.050000
15499.220000
15498.330000
15496.660000
15503.130000
15516.770000
15515.830000
15515.270000
15544.590000
15530.580000
15537.360000
15511.310000
15472.760000
15474.700000
15515.860000
15522.920000
15507.660000
15495.800000
15520.030000
15509.750000
15513.080000
15512.520000
15498.560000
15498.140000
15472.560000
15535.700000
15563.700000
15565.880000
15593.470000
15608.000000
15584.230000
15598.730000
15580.960000
15542.980000
15560.790000
15567.500000
15579.250000
15575.600000
15589.690000
15595.260000
15588.460000
15596.830000
15599.230000
15732.090000
15760.000000
15741.870000
15750.730000
15743.030000
15760.110000
15758.600000
15765.790000
15757.060000
15727.650000
15686.040000
15703.350000
15694.040000
15695.310000
15705.020000
15718.100000
15707.140000
15705.810000
15692.110000
15681.990000
15695.890000
15689.490000
15662.450000
15644.650000
15659.030000
15669.460000
15696.330000
15608.400000
15572.150000
15564.810000
15562.460000
15585.920000
15601.260000
15633.310000
15648.990000
15688.770000
15833.640000
15829.980000
15818.740000
15806.660000
15790.750000
15781.280000
15795.680000
15814.760000
15806.290000
15866.510000
15876.790000
15887.070000
15892.950000
15913.440000
15956.960000
15924.970000
15935.880000
15954.450000
15942.220000
15947.940000
15949.790000
15966.200000
15942.890000
15938.660000
15952.160000
15949.210000
15959.980000
15999.180000
16023.800000
16048.840000
16036.480000
16038.300000
16050.890000
16046.140000
16039.390000
16029.650000
16018.510000
16054.500000
16055.750000
16045.550000
16074.000000
16074.580000
16073.580000
16039.430000
16054.360000
16052.800000
16036.090000
16033.740000
16019.150000
16025.910000
16043.030000
16059.430000
16057.770000
16046.520000
16064.290000
16084.300000
16079.050000
16088.700000
16080.870000
16082.830000
16034.060000
16054.160000
16040.470000
16019.610000
16040.020000
16020.140000
16010.690000
16024.960000
16028.600000
16059.650000
16063.930000
16067.830000
16050.710000
16092.660000
16085.050000
16084.740000
16078.000000
16097.260000
16076.120000
16076.690000
16083.110000
16099.370000
16096.410000
16110.090000
16114.750000
16101.540000
16101.880000
16086.460000
16089.840000
16094.070000
16098.900000
16119.480000
16122.980000
16113.740000
16130.690000
16129.630000
16118.890000
16121.960000
16148.640000
16159.660000
16194.630000
16193.490000
16230.600000
16221.640000
16226.910000
16254.980000
16236.580000
16247.860000
16278.270000
16266.840000
16265.670000
16266.360000
16264.780000
16264.560000
16260.520000
16267.290000
16251.130000
16281.450000
16243.560000
16255.140000
16259.130000
16252.580000
16243.630000
16231.660000
16217.400000
16221.730000
16265.110000
16201.270000
16227.500000
16167.250000
16135.160000
16138.840000
16196.860000
16145.970000
16159.970000
16175.660000
16163.500000
16177.790000
16150.300000
16136.570000
16113.160000
16145.080000
16163.510000
16115.690000
15916.190000
15939.820000
15967.380000
15998.370000
16017.690000
16000.820000
16034.260000
15921.740000
15937.000000
15947.980000
15874.390000
15813.250000
15844.270000
15815.790000
15766.120000
15804.530000
15871.450000
15878.390000
15944.510000
15928.730000
15905.920000
15907.480000
15893.130000
15877.510000
15913.500000
15917.180000
15917.980000
15482.540000
15457.910000
15457.320000
15458.470000
15437.240000
15428.610000
15398.570000
15358.450000
15257.040000
15305.540000
15300.100000
15364.750000
15352.450000
15370.450000
15382.060000
15373.930000
15270.360000
15280.860000
15092.810000
15084.250000
15069.860000
15081.360000
15118.470000
15220.140000
15217.470000
15150.530000
15100.130000
15269.210000
15338.760000
15318.310000
15351.300000
15388.400000
15405.380000
15385.360000
15433.370000
15472.670000
15319.860000
15344.460000
15312.700000
15267.950000
15232.370000
15200.670000
15290.450000
15286.010000
15263.110000
15323.230000
15286.070000
15237.740000
15306.940000
15308.690000
15309.070000
15203.190000
15145.620000
15169.980000
15288.050000
15190.240000
15187.190000
15246.610000
15246.370000
15291.990000
15318.800000
15401.180000
15380.790000
15659.290000
15683.300000
15709.130000
15705.100000
15702.450000
15698.190000
15760.070000
15811.480000
15813.940000
15807.800000
15774.510000
15699.010000
15777.480000
15735.700000
15726.250000
15712.110000
15692.320000
15687.090000
15687.730000
15682.150000
15653.780000
15644.170000
15639.270000
15625.320000
15638.550000
15640.730000
15639.260000
15594.370000
15591.060000
15606.100000
15669.340000
15637.380000
15672.640000
15641.560000
15632.100000
15623.310000
15750.840000
15779.120000
15760.380000
15784.890000
15769.870000
15743.780000
15667.890000
15635.650000
15621.720000
15658.200000
15608.000000
15609.780000
15615.150000
15618.090000
15535.240000
15536.640000
15458.530000
15453.560000
15512.950000
15503.220000
15502.930000
15496.630000
15502.840000
15511.220000
15470.610000
15488.720000
15476.350000
15736.050000
15717.450000
15741.390000
15766.140000
15730.350000
15689.150000
15647.570000
15671.660000
15636.400000
15571.560000
15542.050000
15521.070000
15521.760000
15465.020000
15502.020000
15467.690000
15542.010000
15531.690000
15125.510000
15146.920000
15240.510000
15282.570000
15230.050000
15229.170000
15257.410000
15232.380000
15239.670000
15349.830000
15306.590000
15366.900000
15409.580000
15411.560000
15432.520000
15421.010000
15426.990000
15447.440000
15459.330000
15451.150000
15482.120000
15480.530000
15459.910000
15456.010000
15499.840000
15538.850000
15593.470000
15663.430000
15655.450000
15675.040000
15694.810000
15690.080000
15694.370000
15742.330000
15753.750000
15756.310000
15785.150000
15785.440000
15779.950000
15776.140000
15799.540000
15819.610000
15807.290000
15841.940000
15835.250000
15946.080000
15949.090000
15942.640000
15933.960000
15961.880000
15938.870000
15957.730000
15954.680000
15963.700000
15942.930000
15933.160000
15914.850000
15905.650000
15878.070000
15864.040000
15840.950000
15848.210000
15852.250000
15859.220000
15869.000000
15842.660000
15866.930000
15872.730000
15884.860000
15884.860000
15884.860000
15884.860000
16014.450000
16001.340000
16031.890000
16030.260000
16059.290000
16045.290000
16009.800000
16033.100000
16020.730000
16055.880000
16078.230000
16122.850000
16143.030000
16166.520000
16187.020000
16191.550000
16131.200000
16152.610000
16184.710000
16236.360000
16249.540000
16264.770000
16269.820000
16272.550000
16232.990000
16259.500000
16271.750000
16105.650000
16100.250000
16127.640000
16085.030000
16081.680000
16097.270000
16021.830000
16049.680000
16052.030000
15956.380000
15993.590000
16020.570000
15981.650000
15986.240000
15934.910000
15966.720000
15895.110000
15947.740000
15889.430000
15916.420000
15921.650000
15920.030000
15844.690000
15872.090000
15806.890000
15749.740000
15768.270000
15925.510000
15961.330000
15948.240000
15944.130000
15942.750000
15923.450000
15922.580000
15917.920000
15941.810000
15980.750000
16037.900000
16006.530000
15971.030000
15995.190000
16008.670000
16042.590000
16008.910000
16010.320000
15983.300000
15996.770000
16009.630000
16005.200000
16027.140000
16069.490000
16037.270000
15981.150000
16031.590000
15907.370000
15939.490000
15925.380000
15927.510000
15852.940000
15857.090000
15945.770000
15895.230000
15883.240000
15934.450000
15941.630000
15937.400000
15950.040000
15956.060000
15938.900000
15946.260000
15944.790000
15933.720000
15769.040000
15712.510000
15752.360000
15773.250000
15780.160000
15795.400000
15787.850000
15810.050000
15772.560000
15754.060000
15804.040000
15815.130000
15841.070000
15843.760000
15880.960000
15887.780000
15810.300000
15809.720000
15793.310000
15796.310000
15808.720000
15832.260000
15829.380000
15839.760000
15871.320000
15901.300000
15912.330000
15701.130000
15690.740000
15697.130000
15634.980000
15572.290000
15558.500000
15521.990000
15556.000000
15603.880000
15435.360000
15428.260000
15329.100000
15314.080000
15275.380000
15166.650000
15066.130000
15062.380000
15011.130000
15082.100000
15161.530000
15091.200000
15099.830000
15106.430000
15085.460000
15016.840000
15107.550000
15123.870000
15381.240000
15443.720000
15452.070000
15496.520000
15479.650000
15510.500000
15509.830000
15424.070000
15459.390000
15320.240000
15399.890000
15342.260000
15399.180000
15425.890000
15522.840000
15564.750000
15527.910000
15524.270000
15341.830000
15298.840000
15240.680000
15234.770000
15152.460000
15231.470000
15215.410000
15287.360000
15318.950000
15546.440000
15495.570000
15412.360000
15376.670000
15405.640000
15381.000000
15465.980000
15481.230000
15471.200000
15662.420000
15571.520000
15605.850000
15635.010000
15658.230000
15653.870000
15639.400000
15610.570000
15619.390000
15651.460000
15730.280000
15681.110000
15680.070000
15675.850000
15651.830000
15631.210000
15643.540000
15613.770000
15579.920000
15521.980000
15536.340000
15563.760000
15566.810000
15450.390000
15413.560000
15427.400000
15368.470000
15260.660000
15241.910000
15192.340000
15108.720000
15172.260000
15089.720000
15106.800000
15087.840000
15099.560000
15164.710000
15112.760000
15091.390000
15125.440000
15149.140000
15168.090000
15216.830000
15246.980000
15206.640000
15293.360000
15283.950000
15226.350000
15193.650000
15184.490000
15191.800000
15193.010000
15213.820000
15242.380000
15443.090000
15465.790000
15480.470000
15469.990000
15479.480000
15494.740000
15497.660000
15503.690000
15482.010000
15522.470000
15506.670000
15518.520000
15534.940000
15565.190000
15471.200000
15515.470000
15528.000000
15490.440000
15341.390000
15355.790000
15423.870000
15430.070000
15435.750000
15464.060000
15445.380000
15438.830000
15425.120000
14874.290000
14882.020000
14956.740000
14935.780000
15095.120000
15086.690000
15066.930000
15059.420000
15113.970000
15269.740000
15323.100000
15334.640000
15381.780000
15388.900000
15358.770000
15367.100000
15404.820000
15412.710000
15471.610000
15439.400000
15427.710000
15409.370000
15399.310000
15374.740000
15344.270000
15362.840000
15370.300000
15367.350000
15366.100000
15396.930000
15378.780000
15392.530000
15271.940000
15218.690000
15239.150000
15267.630000
15297.890000
15270.840000
15245.140000
15237.190000
15248.550000
15130.890000
15128.540000
15054.120000
15042.510000
15111.850000
15047.520000
14994.270000
14965.700000
14842.480000
14750.330000
14750.070000
14792.610000
14731.120000
14611.920000
14526.770000
14721.590000
14710.110000
14715.750000
14708.790000
14772.910000
14687.420000
14693.000000
14833.190000
14832.690000
14827.550000
14765.900000
14831.630000
14838.740000
14733.480000
14631.080000
14631.360000
14112.440000
14065.660000
13960.540000
13963.030000
13890.520000
13883.210000
14002.400000
14030.660000
14052.100000
14073.790000
14149.830000
14270.840000
14254.840000
14412.390000
14490.790000
14425.130000
14493.840000
14567.230000
14211.840000
14214.090000
14239.540000
14213.000000
14309.640000
14222.130000
14327.550000
14428.030000
14461.020000
14296.970000
14175.930000
14165.780000
14049.800000
14063.210000
14169.240000
14139.700000
13994.290000
13904.850000
13750.280000
13937.650000
13929.020000
13978.180000
13942.730000
13898.280000
13965.170000
13979.800000
14000.110000
13927.610000
13904.390000
13860.010000
13871.920000
13899.470000
13995.580000
13902.860000
13735.160000
13698.400000
13367.880000
13219.010000
13223.900000
13246.940000
13279.640000
13236.430000
13236.180000
13143.150000
13094.540000
12576.480000
12641.030000
12641.460000
12783.500000
12849.990000
13003.030000
13004.670000
12854.270000
12834.650000
12972.390000
12999.810000
12920.070000
12960.280000
12940.150000
12937.280000
12877.180000
12899.230000
12831.510000
13332.270000
13440.650000
13464.280000
13417.260000
13508.670000
13474.770000
13598.060000
13780.530000
13847.930000
13566.940000
13578.880000
13531.810000
13437.510000
13363.320000
13438.810000
13619.970000
13470.710000
13442.100000
13534.010000
13595.810000
13530.600000
13859.530000
13798.860000
13887.120000
13732.270000
13716.930000
13628.110000
13907.190000
14052.480000
14009.410000
13872.020000
13928.700000
13931.740000
14024.660000
13949.820000
13929.110000
13612.440000
13653.800000
13738.630000
13765.200000
13845.360000
13855.760000
13906.470000
13843.720000
13917.270000
14261.080000
14211.130000
14356.800000
14389.880000
14288.600000
14291.510000
14471.930000
14407.470000
14440.740000
14428.160000
14408.970000
14394.120000
14336.290000
14293.690000
14333.610000
14274.560000
14300.700000
14388.060000
14327.850000
14282.420000
14228.490000
14134.730000
14237.950000
14294.990000
14345.530000
14367.290000
14413.090000
14402.660000
14407.470000
14413.440000
14416.880000
14406.860000
14360.480000
14377.040000
14365.630000
14326.970000
14429.620000
14483.260000
14448.920000
14422.250000
14434.530000
14463.830000
14480.630000
14467.620000
14473.200000
14510.930000
14432.770000
14423.580000
14354.310000
14287.230000
14258.920000
14280.340000
14284.870000
14283.650000
14317.770000
14256.850000
14216.300000
14269.420000
14257.900000
14219.440000
14235.670000
14296.950000
14273.790000
14305.950000
14339.290000
14359.610000
14413.830000
14394.630000
14352.820000
14400.090000
14285.240000
14305.760000
14483.660000
14528.180000
14532.380000
14556.310000
14616.350000
14525.380000
14511.950000
14489.340000
14417.370000
14586.800000
14595.380000
14691.510000
14700.940000
14799.110000
14874.630000
14827.200000
14780.020000
14820.330000
14667.590000
14628.690000
14647.610000
14624.690000
14614.260000
14604.150000
14595.890000
14585.400000
14606.050000
14650.740000
14600.270000
14585.570000
14568.100000
14555.510000
14569.770000
14484.090000
14486.050000
14414.750000
14437.630000
14444.880000
14479.520000
14461.550000
14475.940000
14454.700000
14467.920000
14475.040000
14446.480000
14394.970000
14377.130000
14471.370000
14452.600000
14449.910000
14436.840000
14497.260000
14516.620000
14518.160000
14578.320000
14547.100000
14469.970000
14451.920000
14472.770000
14405.820000
14441.050000
14403.480000
14424.360000
14254.060000
14250.530000
14241.310000
14208.650000
14133.040000
14117.090000
14055.020000
14096.900000
14151.690000
14157.660000
14213.460000
14229.750000
14226.270000
14231.680000
14191.370000
14198.840000
14117.340000
14078.150000
14301.530000
14252.450000
14276.500000
14266.650000
14267.360000
14226.160000
14192.350000
14282.290000
14283.670000
14229.400000
14177.710000
14212.090000
14246.500000
14184.060000
14169.090000
14226.710000
14199.460000
14192.780000
13960.960000
14032.570000
14034.410000
14056.870000
14077.510000
14161.860000
14163.050000
14090.700000
14124.950000
14050.700000
14084.950000
13980.760000
14021.820000
13999.230000
13972.630000
14021.860000
14036.470000
14076.440000
14108.140000
14102.810000
14075.550000
14105.280000
14133.960000
14151.000000
14144.460000
14162.810000
14163.850000
14101.790000
14041.040000
14015.280000
14050.480000
14063.590000
14068.640000
14132.800000
14166.070000
14153.460000
14196.750000
14213.280000
14309.510000
14322.060000
14327.390000
14338.470000
14323.390000
14348.920000
14362.030000
14506.270000
14510.650000
14523.520000
14589.130000
14585.220000
14584.440000
14548.400000
14516.620000
14502.410000
14339.790000
14302.660000
14225.880000
14225.100000
14251.820000
14292.410000
14211.090000
14177.450000
14142.090000
13954.390000
13884.960000
13902.570000
13897.950000
13965.080000
14030.350000
13951.880000
13928.280000
13924.170000
14057.190000
14088.690000
14099.730000
14074.600000
14067.640000
14055.530000
13986.190000
13851.300000
13756.400000
13764.790000
13782.010000
13826.810000
13827.690000
13781.430000
13768.170000
13800.220000
13737.450000
13793.940000
14005.930000
14068.670000
14012.400000
13981.870000
13998.520000
13990.690000
13909.580000
13902.620000
13979.840000
14135.410000
14163.110000
14118.020000
14043.240000
14088.980000
14124.080000
14181.420000
14092.270000
14097.880000
13809.820000
13928.510000
13984.680000
14000.700000
13930.170000
13963.260000
13986.590000
13945.210000
13939.070000
14031.320000
14019.660000
14014.640000
13946.110000
13972.880000
13970.940000
13951.670000
13974.870000
14039.470000
14031.860000
14012.800000
14009.330000
14028.800000
14025.800000
14020.190000
14046.900000
14004.230000
13985.450000
14234.330000
14163.390000
14159.850000
14179.850000
14193.850000
14152.900000
14070.140000
13964.840000
13902.520000
13791.750000
13760.920000
13774.040000
13739.680000
13710.830000
13707.580000
13601.780000
13719.760000
13674.290000
13585.110000
13560.400000
13545.930000
13421.760000
13480.450000
13493.190000
13516.920000
13466.470000
13380.670000
13542.080000
13575.270000
13554.810000
13564.220000
13560.680000
13681.240000
13701.230000
13584.950000
13534.740000
13579.770000
13654.010000
13670.070000
13717.990000
13725.040000
13531.170000
13749.190000
13776.130000
13828.640000
13608.030000
13527.160000
13506.740000
13554.360000
13505.050000
13525.990000
13602.710000
13751.990000
13739.640000
13845.180000
13903.890000
13897.780000
13934.920000
13951.300000
13941.970000
13939.640000
13976.540000
14027.930000
13941.170000
14038.950000
13950.900000
13942.570000
13923.820000
13931.320000
13889.630000
13911.080000
13964.380000
14118.200000
14142.700000
14191.860000
14186.780000
14175.940000
14167.490000
14146.570000
14133.940000
14185.940000
14164.900000
14181.290000
14217.990000
14189.180000
14151.240000
14099.910000
14053.470000
14078.050000
14007.760000
13770.010000
13725.210000
13706.330000
13754.090000
13801.290000
13759.790000
13766.440000
13864.860000
13882.300000
14068.490000
14112.120000
14153.990000
14148.510000
14147.200000
14117.510000
14099.170000
13959.210000
13981.910000
14159.140000
14068.120000
14045.400000
14111.140000
14095.590000
14080.560000
14092.050000
14111.850000
14175.400000
14038.520000
14013.080000
14061.150000
14059.220000
14047.390000
14061.250000
14022.130000
13939.700000
13919.750000
13983.250000
13944.140000
13956.070000
13917.280000
13902.210000
13938.090000
13989.390000
14042.190000
14007.930000
14091.780000
14060.110000
14088.620000
14061.090000
14121.430000
14130.220000
14188.860000
14212.280000
14231.290000
14275.210000
14321.510000
14339.360000
14349.350000
14317.690000
14374.150000
14420.890000
14409.030000
14462.190000
14570.360000
14551.630000
14578.870000
14559.370000
14572.620000
14533.180000
14541.110000
14571.740000
14575.980000
14481.450000
14529.570000
14471.200000
14483.430000
14457.120000
14394.200000
14380.030000
14403.870000
14388.350000
14437.530000
14416.340000
14430.430000
14416.050000
14436.010000
14456.860000
14465.330000
14400.790000
14340.470000
14422.260000
14438.510000
14444.750000
14459.510000
14464.400000
14454.660000
14424.180000
14436.160000
14485.170000
14518.540000
14544.210000
14543.650000
14525.900000
14487.010000
14488.920000
14476.880000
14468.640000
14460.090000
14581.110000
14617.860000
14595.140000
14606.370000
14615.220000
14652.710000
14673.580000
14702.680000
14653.810000
14552.380000
14539.890000
14521.710000
14491.380000
14494.080000
14472.020000
14471.550000
14557.000000
14556.620000
14518.490000
14528.540000
14500.890000
14489.100000
14469.660000
14438.330000
14447.920000
14417.560000
14445.990000
14337.430000
14383.240000
14344.860000
14351.340000
14317.670000
14210.310000
14265.570000
14225.830000
14198.800000
13985.010000
13959.780000
13992.290000
13985.840000
14024.920000
13901.810000
13843.540000
13787.380000
13761.830000
13561.800000
13443.200000
13452.600000
13474.360000
13446.950000
13462.160000
13456.990000
13392.950000
13427.030000
13501.100000
13420.470000
13358.760000
13331.380000
13326.590000
13429.670000
13454.360000
13350.100000
13304.390000
13401.860000
13476.540000
13467.110000
13446.750000
13491.840000
13508.090000
13536.510000
13533.400000
13485.290000
13226.760000
13157.560000
13125.400000
13077.420000
13088.100000
13113.930000
13067.520000
13021.920000
13038.490000
13123.270000
13174.530000
13216.620000
13177.870000
13193.210000
13135.550000
13161.430000
13091.520000
13126.260000
13170.730000
13184.160000
13164.090000
13165.220000
13196.360000
13187.140000
13214.510000
13229.360000
13265.600000
13404.830000
13423.230000
13386.860000
13391.820000
13326.330000
13295.540000
13321.490000
13313.750000
13292.400000
13008.030000
12995.020000
13007.380000
13025.670000
13035.110000
13041.770000
13094.470000
13184.510000
13144.280000
12946.850000
12970.030000
13017.070000
13103.270000
13092.380000
12987.570000
12965.410000
12972.210000
12912.590000
12954.210000
12997.440000
13001.350000
13036.660000
13043.120000
13009.300000
13062.930000
13129.450000
13118.130000
13355.770000
13274.120000
13241.680000
13237.080000
13201.330000
13202.360000
13146.060000
13195.220000
13186.070000
13258.220000
13300.360000
13263.800000
13313.980000
13309.240000
13282.970000
13337.290000
13283.180000
13231.820000
13030.610000
13069.490000
12984.480000
12984.750000
13034.300000
13042.180000
13037.470000
13008.330000
13003.350000
12728.860000
12734.420000
12722.560000
12660.910000
12647.590000
12662.900000
12632.150000
12736.360000
12783.770000
12766.430000
12821.750000
12854.940000
12771.360000
12745.640000
12788.660000
12876.370000
12782.470000
12813.030000
12813.530000
12825.680000
12872.740000
12869.800000
12862.740000
12843.720000
12802.660000
12776.470000
12773.380000
12813.680000
12643.820000
12644.680000
12653.330000
12575.160000
12447.800000
12478.560000
12460.820000
12401.200000
12630.640000
12544.850000
12565.430000
12588.810000
12559.370000
12564.550000
12622.230000
12620.130000
12594.520000
12778.430000
12792.390000
12785.020000
12801.350000
12809.080000
12822.320000
12848.820000
12833.410000
12843.220000
12834.990000
12798.090000
12859.640000
12943.950000
12950.450000
12919.090000
12900.700000
12997.480000
13015.230000
12841.950000
12895.020000
12915.730000
12907.920000
12886.700000
12882.640000
12847.120000
12833.890000
12832.440000
12716.440000
12758.220000
12723.230000
12708.870000
12735.680000
12745.350000
12796.310000
12872.990000
12905.480000
12750.170000
12821.430000
12807.890000
12789.410000
12781.470000
12717.850000
12705.960000
12741.820000
12756.320000
12727.980000
12658.290000
12692.440000
12626.490000
12606.770000
12541.560000
12483.240000
12469.050000
12519.660000
12662.870000
12738.910000
12703.050000
12723.450000
12695.170000
12734.970000
12747.680000
12831.180000
12864.720000
13008.020000
13058.210000
13019.810000
13025.070000
13051.490000
12967.660000
12970.370000
12950.180000
12959.810000
12843.710000
12895.150000
12929.300000
12973.160000
12976.490000
13029.760000
13096.800000
13288.300000
13308.410000
13291.400000
13324.770000
13340.660000
13260.370000
13230.470000
13214.930000
13204.050000
13294.610000
13281.980000
13213.080000
13196.080000
13226.990000
13226.270000
13197.760000
13236.330000
13223.370000
13236.850000
13246.640000
13225.740000
13257.770000
13262.300000
13292.280000
13302.460000
13314.860000
13282.680000
13293.740000
13253.680000
13188.240000
13242.620000
13305.610000
13311.480000
13301.790000
13305.330000
13276.400000
13180.620000
13210.320000
13153.520000
13166.920000
13165.790000
13087.130000
13112.580000
13119.310000
13100.880000
13134.970000
13096.930000
13131.990000
13108.930000
13125.170000
13146.170000
13150.760000
13180.610000
13164.150000
13156.280000
13166.380000
13167.550000
13115.320000
13154.790000
13163.670000
13169.240000
13160.620000
13213.690000
13246.220000
13282.110000
13368.170000
13382.970000
13422.150000
13445.740000
13432.070000
13439.200000
13471.540000
13473.250000
13484.050000
13520.020000
13523.160000
13529.850000
13537.940000
13563.410000
13492.420000
13511.470000
13545.050000
13479.630000
13406.530000
13391.670000
13374.240000
13355.850000
13398.390000
13419.400000
13440.260000
13462.000000
13449.200000
13411.550000
13449.440000
13479.260000
13468.740000
13485.900000
13510.070000
13512.670000
13544.600000
13587.560000
13709.930000
13690.520000
13718.840000
13758.890000
13722.310000
13722.550000
13696.220000
13656.170000
13662.680000
13682.660000
13639.320000
13647.990000
13652.940000
13674.520000
13588.930000
13606.660000
13617.210000
13573.930000
13659.080000
13614.470000
13637.520000
13680.740000
13682.980000
13718.940000
13724.820000
13708.250000
13687.690000
13644.640000
13633.360000
13590.530000
13573.590000
13526.780000
13551.360000
13543.880000
13542.790000
13534.970000
13551.070000
13573.460000
13568.840000
13556.430000
13565.290000
13674.250000
13657.540000
13681.280000
13700.930000
13695.860000
13690.560000
13691.470000
13691.310000
13723.290000
13736.370000
13708.810000
13707.640000
13688.550000
13789.080000
13754.660000
13805.130000
13742.000000
13764.260000
13785.790000
13775.980000
13775.860000
13795.850000
13773.390000
13794.380000
13806.930000
13804.260000
13761.440000
13741.110000
13812.010000
13794.190000
13816.610000
13880.250000
13932.280000
13905.010000
13903.540000
13885.150000
13841.530000
13845.190000
13894.560000
13910.120000
13891.150000
13849.210000
13825.170000
13786.860000
13749.530000
13693.960000
13696.230000
13634.220000
13626.710000
13681.170000
13677.750000
13734.240000
13718.230000
13721.920000
13696.810000
13668.140000
13678.950000
13697.410000
13638.350000
13591.620000
13610.620000
13569.860000
13622.080000
13614.500000
13574.190000
13556.070000
13544.520000
13333.580000
13309.090000
13312.230000
13313.280000
13285.050000
13250.520000
13236.610000
13195.170000
13230.570000
13275.400000
13255.040000
13274.290000
13231.260000
13238.230000
13210.130000
13236.850000
13199.650000
13194.230000
13108.970000
13187.570000
13146.640000
13171.230000
13214.360000
13191.170000
13200.670000
13209.690000
13220.060000
13319.400000
13307.030000
13219.710000
13260.240000
13269.470000
13232.160000
13278.080000
13308.010000
13271.960000
13316.800000
13267.690000
13236.250000
13222.960000
13270.570000
13288.430000
13209.860000
13005.730000
12971.470000
12837.590000
12774.120000
12807.300000
12793.500000
12835.340000
12852.550000
12881.200000
12873.920000
12892.990000
13025.290000
13082.800000
13141.720000
13130.270000
13127.190000
13068.240000
13014.870000
12963.540000
12961.140000
12923.770000
12918.550000
12833.080000
12911.600000
12927.760000
12959.390000
12943.090000
12882.600000
12834.960000
12688.080000
12628.950000
12680.990000
12654.840000
12704.930000
12686.450000
12679.200000
12620.790000
12630.230000
12754.010000
12824.300000
12814.560000
12797.120000
12803.010000
12895.770000
12943.640000
13019.600000
13050.270000
12651.720000
12712.700000
12740.710000
12714.930000
12700.340000
12753.560000
12772.750000
12783.870000
12760.780000
12821.390000
12822.600000
12878.640000
12883.010000
12871.540000
12897.090000
12841.810000
12905.430000
12871.440000
12793.710000
12864.880000
12819.130000
12817.950000
12822.750000
12794.540000
12864.210000
12889.210000
12915.970000
12921.680000
12924.590000
12904.770000
12883.520000
12812.140000
12732.220000
12791.370000
12916.750000
12904.320000
13019.480000
13110.010000
13057.970000
13093.800000
13082.950000
13106.900000
13074.410000
13099.130000
13088.210000
13248.000000
13304.570000
13280.400000
13293.430000
13307.570000
13325.880000
13435.200000
13386.290000
13402.270000
13426.860000
13429.410000
13438.680000
13496.780000
13518.760000
13298.860000
13283.820000
13211.590000
13188.950000
13153.960000
13169.780000
13142.360000
13124.000000
13021.980000
13042.950000
13053.430000
13043.300000
13028.000000
13093.260000
13066.060000
13058.980000
13020.800000
13017.920000
12992.440000
13015.800000
12956.350000
12956.660000
12729.900000
12713.840000
12752.860000
12785.240000
12762.850000
12720.330000
12716.410000
12759.010000
12741.260000
12654.060000
12652.890000
12630.750000
12652.440000
12657.800000
12696.740000
12751.620000
12841.690000
12803.240000
12819.330000
12748.260000
12712.710000
12714.600000
12707.450000
12700.060000
12668.280000
12678.110000
12670.830000
12612.190000
12645.220000
12679.450000
12671.210000
12666.640000
12683.940000
12685.940000
12742.050000
12767.150000
12702.310000
12747.920000
12699.170000
12699.850000
12661.730000
12708.020000
12574.720000
12564.270000
12531.630000
12492.310000
12418.450000
12380.490000
12227.830000
12218.890000
12277.520000
12258.390000
12305.980000
12284.190000
12288.290000
12324.930000
12221.900000
12261.950000
12283.570000
12306.920000
12335.650000
12313.110000
12227.920000
12370.650000
12258.810000
12247.600000
12315.340000
12316.450000
12286.210000
12235.640000
12276.420000
12139.680000
11997.500000
11980.740000
11885.640000
12047.410000
11969.620000
12078.770000
12117.520000
12156.590000
12183.280000
11989.780000
11979.570000
12063.090000
12046.140000
12016.330000
11987.940000
11933.420000
11949.680000
11975.550000
12118.040000
12110.860000
12077.090000
12013.590000
12000.750000
12057.370000
12082.960000
12078.070000
12114.360000
11971.320000
11972.960000
12020.100000
12053.320000
12100.460000
12135.850000
12128.550000
12207.620000
12209.480000
12450.530000
12508.410000
12568.320000
12572.220000
12583.250000
12559.030000
12598.450000
12619.150000
12670.480000
12611.320000
12572.700000
12549.690000
12581.520000
12562.760000
12519.700000
12530.380000
12475.960000
12517.180000
12598.710000
12545.520000
12487.840000
12467.570000
12484.050000
12502.900000
12493.790000
12473.730000
12470.780000
12420.440000
12463.570000
12485.960000
12461.300000
12469.590000
12373.870000
12291.830000
12317.100000
12273.000000
12243.910000
12249.060000
12339.620000
12329.360000
12361.290000
12406.510000
12308.860000
12307.650000
12272.940000
12198.900000
12146.740000
12126.420000
12169.340000
12198.610000
12210.390000
12133.960000
12168.750000
12220.250000
12140.530000
12223.360000
12280.370000
12248.840000
12220.960000
12174.580000
12204.210000
12187.040000
12172.260000
12201.310000
12234.830000
12262.100000
12277.210000
12334.210000
12065.770000
12134.800000
12225.910000
12355.580000
12480.020000
12432.560000
12435.900000
12519.410000
12453.070000
12590.340000
12571.410000
12477.730000
12437.810000
12498.240000
12483.070000
12516.110000
12548.640000
12590.180000
12612.930000
12675.410000
12645.450000
12649.030000
12830.920000
12811.020000
12786.410000
12790.740000
12847.900000
12918.950000
12880.670000
12846.370000
12765.610000
12776.080000
12738.390000
12804.080000
12775.890000
12763.610000
12744.230000
12719.930000
12755.390000
12741.410000
12653.990000
12632.400000
12645.780000
12681.610000
12693.820000
12689.630000
12745.700000
12774.790000
12767.410000
12600.070000
12568.340000
12580.260000
12597.000000
12598.710000
12591.040000
12742.330000
12683.120000
12730.900000
12807.160000
12791.340000
12850.480000
12902.080000
12959.000000
13000.690000
12979.410000
12927.820000
12931.450000
12966.810000
12871.530000
12845.320000
12829.210000
12832.220000
12824.560000
12980.270000
13008.240000
13052.960000
13099.060000
13138.070000
13100.080000
13123.250000
13080.180000
13066.810000
13089.740000
13155.500000
13195.810000
13151.840000
13155.630000
13117.660000
13090.560000
13080.560000
13167.050000
13157.890000
13216.110000
13211.230000
13073.680000
13110.240000
13139.290000
13137.460000
13144.940000
13158.310000
13207.640000
13240.040000
13243.330000
13238.160000
13255.580000
13266.440000
13271.040000
13268.540000
13256.890000
13282.220000
13263.530000
13253.740000
13391.910000
13392.960000
13425.570000
13424.390000
13423.710000
13419.890000
13303.550000
13323.850000
13338.740000
13352.640000
13334.960000
13314.280000
13332.610000
13321.190000
13292.370000
13289.450000
13285.650000
13256.740000
13162.090000
13164.390000
13119.970000
13080.970000
13023.060000
13044.630000
13129.590000
13099.250000
13130.190000
13243.110000
13298.330000
13349.130000
13370.150000
13401.420000
13443.960000
13505.300000
13408.600000
13459.850000
13532.220000
13548.330000
13597.480000
13573.770000
13570.570000
13549.370000
13506.830000
13532.560000
13533.520000
13544.360000
13565.980000
13566.080000
13578.430000
13584.200000
13602.910000
13618.640000
13663.150000
13688.750000
13616.410000
13581.290000
13605.130000
13616.350000
13626.750000
13619.530000
13614.270000
13645.130000
13666.320000
13638.870000
13648.810000
13671.180000
13665.500000
13680.810000
14014.230000
14077.390000
14117.640000
14146.090000
14260.910000
14213.030000
14213.250000
14224.310000
14198.820000
14205.540000
14234.540000
14239.300000
14224.860000
14288.950000
14260.070000
14263.780000
14277.560000
14303.630000
14312.450000
14354.600000
14340.370000
14313.300000
14311.990000
14291.340000
14282.190000
14306.670000
14322.560000
14400.800000
14365.870000
14366.550000
14378.510000
14314.500000
14267.880000
14270.480000
14253.860000
14242.400000
14263.200000
14203.270000
14211.330000
14234.030000
14308.090000
14262.020000
14224.250000
14226.670000
14192.510000
14155.110000
14198.240000
14232.980000
14266.380000
14374.370000
14375.490000
14443.010000
14411.720000
14407.580000
14433.230000
14402.290000
14376.160000
14431.860000
14353.440000
14361.870000
14345.820000
14328.260000
14357.170000
14362.900000
14414.180000
14380.220000
14379.930000
14398.570000
14469.460000
14413.270000
14378.850000
14390.150000
14402.210000
14422.460000
14443.170000
14422.350000
14405.740000
14432.300000
14396.590000
14397.630000
14418.620000
14394.830000
14431.300000
14425.420000
14427.590000
14533.590000
14533.300000
14551.730000
14565.270000
14541.960000
14521.770000
14515.520000
14536.610000
14539.560000
14518.260000
14507.670000
14555.550000
14543.330000
14528.880000
14523.890000
14528.460000
14522.080000
14541.380000
14458.600000
14392.290000
14413.810000
14404.430000
14411.740000
14403.990000
14406.570000
14398.040000
14383.360000
14380.710000
14343.980000
14389.170000
14412.590000
14421.060000
14381.210000
14375.410000
14397.670000
14355.450000
14430.030000
14413.670000
14406.070000
14410.490000
14423.630000
14385.750000
14398.190000
14381.130000
14397.040000
14479.530000
14464.430000
14467.350000
14504.990000
14526.340000
14514.730000
14521.510000
14494.970000
14490.300000
14503.200000
14529.970000
14532.050000
14533.930000
14563.670000
14473.800000
14511.080000
14520.690000
14529.390000
14507.040000
14469.820000
14447.500000
14461.390000
14449.530000
14432.350000
14441.310000
14464.980000
14447.610000
14466.520000
14430.710000
14408.440000
14408.960000
14422.940000
14419.620000
14367.130000
14338.370000
14343.190000
14342.030000
14291.510000
14290.490000
14283.400000
14267.550000
14295.190000
14273.010000
14334.230000
14261.190000
14267.790000
14250.120000
14219.880000
14212.360000
14236.530000
14238.510000
14255.380000
14278.710000
14264.560000
14279.740000
14289.920000
14341.630000
14331.190000
14376.620000
14331.400000
14340.650000
14355.070000
14370.720000
14289.060000
14345.990000
14356.940000
14339.090000
14312.970000
14301.980000
14303.920000
14304.240000
14306.630000
14323.210000
14353.910000
14421.050000
14427.990000
14442.690000
14593.380000
14660.690000
14469.380000
14497.890000
14437.830000
14406.800000
14393.430000
14427.090000
14389.990000
14433.340000
14440.380000
14458.530000
14460.200000
14333.770000
14284.810000
14290.640000
14303.950000
14295.570000
14179.240000
14008.580000
14050.880000
13986.230000
13885.140000
13898.070000
13827.670000
13866.680000
13939.510000
13894.990000
13917.560000
13881.700000
13893.070000
13948.240000
13948.270000
13963.430000
13958.090000
13963.310000
13951.890000
13950.250000
13932.130000
13942.870000
13897.510000
13898.050000
13906.300000
13890.720000
13899.070000
13878.260000
13876.530000
13902.130000
13884.660000
13979.680000
13989.830000
13973.550000
14005.460000
14008.610000
14028.790000
14018.910000
14087.660000
14097.820000
14135.300000
14097.350000
14084.940000
14071.170000
14047.730000
14006.960000
13927.980000
13903.470000
13914.070000
13936.460000
13961.710000
13970.010000
13942.600000
13954.130000
13917.170000
13891.730000
13954.240000
13940.930000
14008.800000
14025.520000
14048.300000
14050.010000
14037.120000
14004.640000
13975.050000
13995.660000
13995.100000
13957.600000
13974.840000
13995.360000
14001.840000
14006.550000
13978.620000
13969.130000
13928.350000
13925.600000
13928.310000
13955.990000
13961.720000
13947.880000
13961.910000
14007.330000
14027.020000
14056.240000
14071.720000
13953.630000
13993.060000
13970.910000
13956.400000
13929.850000
13923.590000
13923.590000
13923.590000
13923.590000
14044.870000
14013.450000
14026.440000
14063.030000
14054.720000
14049.340000
14053.160000
14050.970000
14069.260000
14206.160000
14275.440000
14267.080000
14166.600000
14179.800000
14231.820000
14203.320000
14245.280000
14181.670000
14358.360000
14356.480000
14357.900000
14410.290000
14402.420000
14465.610000
14464.690000
14470.640000
14490.780000
14456.330000
14462.920000
14480.780000
14482.680000
14474.670000
14434.600000
14433.320000
14450.210000
14436.310000
14416.410000
14416.100000
14436.490000
14430.500000
14433.490000
14515.940000
14459.740000
14575.860000
14610.020000
14639.260000
14638.340000
14669.350000
14678.930000
14722.990000
14719.900000
14781.420000
14817.100000
14792.830000
14715.700000
14724.890000
14715.540000
14721.490000
14729.450000
14755.350000
14758.140000
14787.080000
14774.600000
14833.140000
14893.160000
14913.350000
14928.380000
14931.620000
14938.530000
14939.360000
14917.780000
14947.910000
15017.350000
15043.800000
15026.570000
15055.290000
15064.000000
15080.240000
15007.450000
15069.690000
15058.300000
15073.670000
15111.400000
15104.410000
15084.000000
15047.500000
15060.180000
15100.180000
15109.490000
15086.520000
15095.080000
15101.850000
15126.550000
15134.290000
15120.080000
15147.670000
15131.420000
15140.460000
15134.040000
15106.560000
15107.600000
15110.100000
15121.930000
15123.390000
15124.330000
15151.590000
15173.020000
15187.070000
15187.210000
15172.380000
15193.440000
15204.910000
15218.650000
15223.460000
15231.120000
15207.600000
15181.800000
15048.180000
15047.940000
15000.130000
14946.440000
14935.020000
14963.900000
14972.570000
14947.650000
14920.360000
14991.150000
14977.240000
14992.630000
14966.360000
14995.990000
14969.640000
14988.880000
15005.960000
15033.560000
15048.260000
15063.700000
15038.510000
15030.210000
15047.140000
15052.620000
15044.390000
15081.570000
15102.950000
15115.170000
15088.090000
15050.990000
15069.030000
15060.700000
15032.400000
15029.470000
15090.490000
15093.110000
15088.300000
15001.220000
15032.230000
15041.820000
15027.580000
15023.400000
15040.390000
15046.700000
15081.640000
15108.730000
15094.600000
15130.660000
15073.130000
15100.240000
15108.020000
15089.200000
15115.600000
15132.850000
15148.320000
15143.830000
15167.360000
15156.050000
15108.310000
15082.540000
15130.910000
15124.170000
15150.030000
15094.570000
15063.490000
15047.310000
15038.740000
15073.730000
15093.260000
15137.410000
15128.760000
15126.080000
15048.770000
15043.380000
15006.560000
15040.890000
15064.380000
15099.540000
15077.370000
15122.450000
15128.270000
15125.510000
15135.700000
15112.090000
15150.960000
15183.430000
15178.880000
15217.240000
15145.390000
15180.740000
15421.470000
15413.430000
15406.740000
15387.680000
15372.950000
15464.410000
15426.720000
15497.100000
15509.190000
15388.340000
15413.460000
15413.150000
15412.160000
15432.880000
15379.450000
15397.080000
15445.860000
15476.430000
15363.790000
15298.850000
15298.870000
15312.330000
15352.000000
15318.360000
15343.560000
15339.000000
15345.910000
15323.570000
15349.120000
15327.700000
15320.940000
15337.590000
15291.290000
15303.960000
15289.940000
15320.880000
15411.180000
15454.470000
15462.760000
15427.520000
15437.150000
15443.520000
15477.000000
15414.090000
15412.050000
15579.890000
15624.400000
15655.250000
15615.300000
15602.000000
15585.200000
15546.790000
15547.010000
15523.420000
15429.900000
15359.400000
15340.490000
15274.310000
15256.010000
15327.640000
15323.710000
15291.880000
15307.980000
15358.390000
15346.970000
15351.780000
15353.540000
15383.410000
15375.850000
15402.120000
15402.570000
15397.340000
15434.980000
15436.400000
15454.810000
15451.890000
15461.600000
15419.300000
15477.950000
15405.560000
15380.560000
15432.860000
15446.590000
15433.810000
15448.730000
15470.350000
15451.570000
15465.440000
15480.100000
15506.340000
15564.270000
15582.150000
15581.700000
15593.680000
15570.980000
15492.670000
15449.210000
15508.980000
15533.640000
15357.870000
15401.190000
15388.770000
15362.220000
15417.210000
15438.220000
15452.080000
15479.020000
15482.000000
15495.720000
15464.130000
15485.260000
15476.530000
15482.920000
15493.620000
15489.220000
15479.800000
15477.550000
15310.870000
15421.340000
15389.610000
15421.440000
15427.960000
15428.690000
15415.450000
15415.610000
15390.530000
15290.910000
15309.300000
15290.060000
15295.140000
15373.300000
15394.820000
15358.530000
15388.140000
15399.890000
15469.310000
15453.970000
15466.420000
15479.940000
15486.000000
15484.200000
15540.580000
15495.890000
15475.690000
15488.770000
15467.930000
15459.420000
15397.160000
15378.920000
15329.200000
15257.420000
15243.990000
15209.740000
15402.610000
15433.160000
15429.280000
15443.970000
15440.120000
15468.440000
15450.450000
15402.610000
15381.430000
15347.370000
15362.430000
15388.860000
15398.670000
15430.770000
15425.990000
15368.860000
15388.390000
15365.140000
15426.140000
15425.030000
15467.300000
15469.170000
15459.660000
15391.240000
15406.620000
15372.730000
15305.020000
15249.730000
15216.200000
15238.600000
15244.720000
15252.350000
15241.040000
15302.520000
15316.720000
15327.640000
15463.890000
15461.460000
15481.690000
15491.270000
15469.350000
15522.900000
15554.100000
15559.760000
15578.390000
15640.720000
15621.060000
15629.390000
15589.850000
15628.010000
15666.330000
15654.220000
15653.970000
15653.580000
15682.540000
15681.900000
15689.180000
15670.460000
15660.440000
15656.210000
15621.060000
15561.940000
15559.530000
15563.220000
15567.910000
15594.530000
15597.950000
15588.190000
15615.970000
15618.810000
15640.780000
15631.870000
15622.140000
15547.240000
15570.220000
15582.630000
15567.960000
15590.180000
15642.430000
15638.190000
15633.210000
15337.180000
15388.020000
15368.990000
15433.760000
15429.640000
15466.750000
15364.450000
15389.880000
15427.970000
15134.430000
15016.300000
15089.140000
15045.050000
14970.190000
15032.440000
15017.690000
15014.940000
14959.470000
15063.460000
15013.760000
15038.050000
15096.140000
15191.530000
15227.530000
15206.140000
15235.810000
15232.830000
15156.670000
14992.030000
14773.500000
14824.500000
14771.820000
14794.180000
14821.990000
14806.660000
14735.260000
14854.580000
14820.900000
14833.180000
14832.240000
14785.220000
14900.680000
14948.370000
14992.950000
14967.100000
15079.520000
15065.690000
15022.200000
14945.680000
14797.000000
14790.770000
14722.350000
14765.770000
14768.200000
14687.600000
14774.740000
14878.160000
14855.470000
14905.840000
14917.660000
14942.570000
14943.130000
14933.380000
15131.940000
15176.140000
15191.410000
15198.820000
15198.140000
15236.540000
15190.430000
15186.830000
15195.340000
15219.710000
15255.710000
15278.810000
15273.260000
15284.070000
15275.580000
15272.550000
15227.250000
15216.190000
15217.410000
15146.760000
15108.910000
15145.450000
15177.540000
15197.030000
15232.240000
15232.330000
15210.390000
15029.600000
14926.100000
14861.090000
14851.720000
14924.180000
14945.110000
14950.580000
14964.250000
14957.230000
15041.760000
15100.710000
15125.000000
15164.950000
15140.420000
15163.080000
15156.190000
15123.340000
15127.680000
15189.000000
15168.260000
15139.450000
15135.980000
15148.490000
15114.510000
15119.760000
15127.120000
15142.020000
15208.090000
15238.450000
15267.200000
15279.650000
15278.860000
15288.190000
15322.640000
15281.530000
15328.780000
15480.650000
15494.220000
15484.120000
15522.980000
15514.610000
15476.820000
15495.180000
15524.820000
15522.400000
15518.250000
15540.440000
15578.660000
15588.310000
15586.510000
15610.620000
15620.920000
15657.830000
15628.840000
15652.470000
15643.040000
15633.850000
15636.750000
15615.210000
15604.090000
15603.530000
15564.040000
15580.920000
15618.830000
15664.850000
15715.760000
15730.900000
15721.140000
15715.760000
15683.510000
15635.040000
15603.470000
15575.770000
15539.610000
15539.710000
15570.150000
15546.310000
15514.160000
15537.130000
15494.200000
15520.170000
15559.070000
15564.890000
15566.560000
15569.230000
15582.650000
15571.040000
15564.240000
15582.620000
15597.890000
15672.500000
15695.640000
15692.570000
15677.540000
15645.860000
15636.340000
15643.240000
15645.180000
15655.170000
15698.360000
15692.200000
15707.360000
15685.900000
15689.340000
15741.700000
15703.580000
15692.210000
15703.600000
15720.900000
15698.600000
15698.510000
15699.110000
15696.610000
15714.760000
15679.970000
15708.220000
15729.460000
15802.690000
15770.630000
15795.390000
15770.340000
15798.010000
15799.650000
15826.680000
15805.010000
15807.500000
15857.550000
15831.710000
15819.530000
15813.470000
15795.200000
15775.800000
15791.000000
15797.020000
15789.530000
15811.200000
15827.470000
15860.100000
15889.320000
15888.010000
15911.620000
15885.650000
15865.220000
15882.670000
15861.450000
15866.100000
15837.950000
15851.520000
15849.820000
15852.990000
15870.370000
15890.830000
15895.200000
15772.880000
15777.870000
15780.050000
15773.050000
15753.710000
15758.710000
15769.320000
15806.980000
15795.970000
15769.280000
15759.880000
15752.690000
15734.720000
15751.450000
15792.730000
15820.900000
15858.760000
15881.660000
15874.080000
15851.150000
15869.070000
15885.300000
15898.610000
15892.510000
15907.620000
15867.730000
15863.950000
15825.820000
15841.050000
15842.310000
15838.890000
15857.930000
15849.570000
15852.360000
15856.430000
15872.130000
15729.740000
15793.770000
15769.080000
15765.370000
15764.480000
15778.750000
15777.390000
15772.930000
15795.730000
15813.800000
15820.380000
15815.620000
15812.740000
15817.850000
15848.820000
15804.390000
15774.110000
15800.450000
15832.070000
15711.970000
15757.170000
15729.290000
15772.130000
15822.020000
15858.540000
15872.640000
15922.380000
15873.690000
15865.410000
15880.620000
15887.600000
15880.300000
15849.360000
15845.330000
15728.580000
15726.940000
15812.160000
15803.940000
15829.870000
15834.280000
15830.190000
15810.880000
15826.810000
15811.350000
15815.060000
15774.190000
15749.290000
15707.130000
15691.940000
15680.900000
15719.080000
15746.000000
15713.930000
15734.240000
15797.480000
15859.070000
15855.150000
15842.340000
15874.370000
15869.950000
15897.530000
15944.580000
15961.020000
15976.100000
15957.770000
15971.700000
15985.130000
15989.170000
15976.340000
15938.930000
15948.440000
15952.830000
15941.140000
15920.990000
15910.480000
15907.070000
15887.610000
15885.860000
15917.430000
15932.030000
15955.480000
15884.910000
15921.250000
15909.270000
15915.770000
15911.900000
15961.520000
15891.240000
15862.260000
15896.230000
15942.900000
15914.070000
15919.790000
15912.780000
15871.360000
15831.770000
15782.570000
15810.690000
15834.910000
15880.700000
15921.100000
15918.080000
15912.130000
15896.400000
15895.040000
15906.400000
15908.740000
15913.820000
15940.430000
15930.490000
15945.360000
15956.170000
15937.460000
15890.410000
15882.420000
15898.590000
15917.240000
15946.480000
15933.490000
15935.610000
15936.170000
15937.430000
15934.240000
15880.440000
15894.140000
15897.930000
15920.170000
15944.490000
15951.470000
15950.960000
15956.620000
15978.640000
15942.860000
15940.050000
15951.300000
16152.560000
16176.590000
16201.730000
16217.290000
16207.310000
16167.890000
16113.760000
16145.680000
16163.360000
16237.560000
16270.760000
16259.130000
16256.300000
16281.340000
16277.270000
16330.780000
16324.550000
16275.380000
16254.150000
16261.870000
16248.260000
16234.670000
16223.610000
16207.280000
16221.380000
16218.930000
16223.990000
16211.500000
16201.070000
16188.040000
16195.280000
16166.670000
16172.030000
16165.570000
16146.920000
16152.860000
15934.970000
15972.840000
15901.910000
15885.370000
15874.990000
15867.850000
15830.430000
15833.730000
15842.130000
15751.720000
15813.660000
15834.400000
15824.820000
15828.020000
15840.330000
15818.720000
15816.350000
15793.800000
15771.840000
15782.480000
15739.550000
15809.680000
15851.890000
15862.830000
15926.300000
16002.020000
15983.970000
16018.890000
16007.920000
15987.160000
15966.570000
15957.660000
15937.430000
15932.690000
15950.510000
15952.730000
15987.430000
16003.870000
16046.080000
16033.060000
16032.220000
16015.580000
15996.490000
15941.580000
15908.910000
15847.460000
15862.760000
15833.140000
15844.050000
15847.870000
15807.050000
15764.210000
15653.600000
15664.020000
15805.360000
15858.070000
15832.890000
15838.580000
15810.290000
15750.670000
15735.050000
15838.650000
15853.660000
15974.850000
15990.610000
16016.850000
16042.800000
16024.510000
16014.170000
16005.660000
16036.320000
16051.230000
16083.150000
16059.950000
16050.450000
16074.000000
16076.010000
16076.060000
15997.390000
15960.100000
15963.890000
15974.700000
15939.530000
15948.110000
15931.750000
15948.140000
15958.640000
15980.950000
15997.240000
15992.440000
15946.990000
15928.590000
15935.340000
15970.740000
16005.110000
15988.140000
16011.710000
15951.890000
15960.560000
15962.840000
15983.690000
15995.960000
15996.170000
16008.050000
15984.940000
15956.350000
15995.550000
15989.960000
15988.680000
15974.540000
15952.440000
15937.450000
15964.050000
15966.900000
15975.850000
15967.940000
15949.840000
16081.950000
16114.130000
16081.720000
16050.520000
16060.390000
16082.490000
16088.050000
16088.590000
16097.870000
16157.690000
16143.650000
16125.980000
16125.730000
16121.500000
16181.400000
16179.560000
16218.250000
16230.680000
16271.810000
16304.730000
16307.620000
16327.680000
16311.860000
16290.320000
16296.820000
16311.500000
16310.790000
16289.260000
16259.960000
16245.410000
16205.620000
16195.990000
16199.540000
16248.260000
16275.330000
16290.120000
16329.230000
16351.860000
16324.520000
16339.010000
16354.080000
16422.920000
16361.100000
16382.530000
16357.630000
16260.580000
16270.480000
16272.060000
16242.280000
16238.180000
16241.930000
16211.840000
16195.020000
16201.200000
16155.610000
16077.510000
16106.420000
16113.500000
16142.200000
16167.760000
16152.080000
16118.460000
16111.320000
16124.250000
16127.630000
16136.370000
16104.030000
16088.710000
16055.650000
16028.600000
16045.790000
16023.130000
15874.170000
15920.860000
15925.030000
15895.910000
15943.870000
15939.580000
15951.890000
15972.890000
15988.160000
15862.730000
15892.330000
15895.180000
15862.320000
15859.240000
15743.520000
15815.040000
15856.110000
15829.940000
15802.860000
15738.980000
15795.580000
15789.040000
15797.090000
15798.820000
15847.700000
15830.560000
15813.060000
15823.390000
15799.460000
15795.560000
15825.200000
15779.420000
15788.090000
15801.630000
15844.030000
15846.860000
15937.160000
15955.620000
15969.050000
15978.920000
15966.330000
15962.130000
15976.260000
15953.360000
15949.000000
15933.450000
15952.600000
15952.800000
15985.660000
15989.010000
15967.620000
15943.760000
15923.000000
15946.720000
16023.710000
16072.910000
16118.770000
16133.350000
16131.730000
16140.140000
16152.020000
16156.780000
16147.900000
16199.570000
16197.480000
16158.900000
16154.490000
16121.460000
16116.730000
16094.920000
16084.100000
16081.040000
16095.150000
16070.680000
16065.970000
16048.780000
16056.720000
16049.670000
16045.330000
16030.950000
16039.170000
15941.360000
15964.550000
15950.740000
15961.940000
15945.700000
15923.150000
15917.680000
15913.530000
15937.580000
15796.780000
15791.760000
15771.480000
15749.450000
15741.180000
15677.120000
15619.070000
15519.150000
15528.540000
15500.400000
15526.430000
15573.180000
15592.860000
15606.020000
15604.180000
15608.800000
15601.330000
15603.400000
15605.620000
15644.230000
15650.120000
15667.250000
15694.450000
15690.570000
15681.100000
15668.870000
15673.160000
15699.710000
15668.730000
15737.130000
15730.380000
15763.680000
15800.130000
15788.270000
15781.220000
15790.340000
15873.070000
15907.590000
15924.470000
15922.490000
15941.910000
15952.870000
15991.150000
16026.210000
16023.000000
16049.460000
16089.950000
16094.980000
16112.520000
16123.210000
16134.850000
16179.650000
16153.720000
16141.030000
16109.550000
16113.150000
16076.930000
16109.130000
16119.250000
16140.310000
16134.730000
16105.030000
16105.070000
16088.150000
16054.350000
16008.160000
16022.670000
15999.100000
16015.410000
16056.400000
16069.730000
16068.650000
16071.340000
16066.810000
16078.210000
16059.760000
16050.650000
16053.890000
16084.470000
16126.900000
16125.490000
16131.480000
16174.700000
16144.500000
16157.430000
16111.200000
16091.840000
16138.890000
16123.560000
16108.930000
16127.600000
16159.500000
16143.060000
16147.010000
16156.840000
16145.040000
16203.130000
16190.340000
16204.220000
16111.330000
16149.230000
16133.420000
16137.160000
16109.520000
16168.420000
16138.600000
16174.210000
16177.220000
16179.330000
16183.190000
16201.010000
16182.590000
16165.720000
16158.680000
16156.180000
16182.850000
16190.950000
16160.140000
16192.860000
16221.020000
16210.350000
16212.010000
16193.180000
16203.670000
16200.060000
16211.590000
16172.310000
16132.540000
16111.580000
16089.070000
16073.200000
16022.990000
16086.100000
16091.110000
16131.460000
16206.950000
16287.030000
16263.590000
16282.020000
16319.340000
16344.400000
16400.510000
16387.620000
16406.030000
16378.610000
16372.180000
16391.180000
16385.430000
16411.970000
16452.750000
16455.450000
16464.600000
16469.750000
16464.500000
16499.350000
16491.980000
16485.370000
16499.890000
16512.440000
16479.150000
16468.980000
16446.830000
16372.360000
16338.480000
16292.170000
16331.230000
16294.360000
16297.980000
16324.530000
16288.930000
16240.400000
16026.750000
15986.970000
16025.400000
16119.200000
16104.340000
16064.820000
16080.830000
16002.300000
16020.020000
15813.280000
15852.770000
15901.190000
15898.450000
15877.590000
15873.810000
15878.410000
15846.060000
15893.380000
15949.620000
15919.920000
15913.690000
15855.070000
15805.000000
15839.120000
15877.370000
15951.320000
15951.860000
15958.400000
15861.950000
15895.570000
15847.940000
15894.260000
15933.900000
15901.450000
15952.670000
15950.760000
15939.690000
15890.630000
15815.500000
15734.970000
15747.850000
15744.390000
15753.740000
15753.410000
15774.930000
15933.820000
15982.050000
15958.780000
15949.120000
15925.820000
15866.270000
15889.190000
15870.370000
15852.580000
15955.460000
15944.610000
15913.340000
15927.720000
15889.650000
15950.980000
16015.880000
15994.470000
15996.520000
15920.530000
15900.200000
15919.280000
15920.060000
15890.370000
15811.120000
15831.470000
15838.610000
15832.170000
