12965.340000
12944.880000
12945.860000
12947.180000
12956.550000
12984.710000
13002.500000
13101.120000
13096.790000
13075.250000
13053.600000
13057.410000
13041.380000
13045.550000
13031.990000
12999.420000
13000.860000
13021.920000
12971.080000
12886.360000
12854.190000
12859.430000
12875.910000
12898.960000
12890.450000
12904.340000
12912.940000
12960.840000
12937.080000
12945.830000
12934.840000
12939.950000
12953.950000
12958.840000
12934.050000
12943.470000
12897.310000
12966.330000
12998.790000
13047.700000
13052.840000
13005.960000
12990.730000
12921.950000
12881.760000
12925.450000
12920.010000
12936.470000
12931.290000
12928.540000
12939.640000
12957.150000
12966.720000
12980.700000
12891.140000
12831.730000
12847.270000
12879.310000
12872.530000
12823.120000
12822.880000
12841.510000
12836.600000
12911.270000
12897.800000
12910.930000
12888.110000
12839.690000
12755.000000
12752.470000
12779.840000
12772.700000
12995.020000
13061.740000
13073.790000
13077.270000
13104.310000
13104.080000
13070.480000
13061.240000
13069.370000
13221.820000
13153.490000
13160.700000
13176.560000
13177.890000
13173.600000
13171.350000
13134.230000
13103.560000
13117.840000
13146.490000
13162.170000
13140.620000
13136.740000
13130.400000
13150.200000
13155.760000
13192.320000
13218.050000
13190.710000
13166.250000
13150.150000
13160.090000
13180.250000
13193.510000
13165.910000
13145.570000
13147.240000
13081.050000
13093.680000
13091.420000
13094.550000
13094.060000
13080.250000
13045.330000
13052.590000
13129.600000
13148.190000
13147.170000
13119.600000
13106.390000
13077.800000
13039.420000
13050.040000
13043.310000
13127.280000
13064.120000
13055.200000
13060.770000
13052.050000
13010.360000
12950.650000
12994.190000
12974.870000
13177.850000
13267.820000
13303.170000
13301.550000
13283.280000
13262.090000
13255.300000
13252.270000
13248.860000
13455.480000
13460.460000
13438.470000
13415.890000
13423.780000
13381.970000
13371.560000
13327.810000
13186.210000
13110.310000
13119.000000
13124.220000
13127.080000
13058.520000
13083.930000
13092.210000
13008.820000
12877.530000
13009.090000
13015.690000
13022.270000
13037.820000
13061.370000
13068.630000
13100.530000
13109.740000
13117.610000
13147.520000
13089.260000
13039.330000
13009.910000
12981.520000
12941.150000
12955.530000
13002.610000
13007.050000
13093.820000
13135.360000
13103.800000
13107.980000
13120.260000
13138.750000
13211.030000
13246.270000
13257.540000
13293.380000
13241.080000
13282.900000
13294.430000
13253.940000
13262.960000
13297.710000
13272.350000
13222.410000
13255.470000
13215.640000
13183.290000
13204.980000
13219.050000
13215.960000
13193.060000
13218.250000
13244.710000
13339.140000
13284.940000
13231.280000
13203.030000
13206.180000
13218.610000
13218.030000
13213.020000
13201.130000
13234.550000
13209.710000
13249.250000
13240.370000
13249.070000
13256.590000
13262.810000
13240.670000
13235.380000
13250.150000
13249.840000
13277.230000
13268.120000
13229.670000
13234.340000
13227.590000
13221.780000
13255.370000
13144.650000
13169.610000
13187.150000
13199.620000
13173.050000
13173.010000
13178.780000
13227.100000
13245.870000
13218.320000
13232.220000
13259.070000
13244.840000
13263.440000
13242.640000
13234.410000
13201.490000
13175.050000
12998.900000
12830.520000
12810.630000
12718.140000
12732.030000
12731.210000
12715.780000
12672.020000
12605.850000
12660.580000
12685.120000
12689.630000
12687.190000
12692.190000
12652.900000
12686.850000
12698.120000
12655.610000
12780.950000
12823.120000
12830.700000
12818.460000
12803.810000
12773.270000
12767.740000
12729.110000
12705.670000
12625.040000
12624.680000
12628.200000
12684.800000
12680.160000
12649.690000
12638.280000
12662.190000
12616.240000
12622.770000
12579.240000
12570.050000
12482.840000
12423.770000
12428.850000
12430.620000
12460.350000
12469.200000
12794.020000
12788.770000
12798.710000
12829.500000
12830.080000
12866.800000
12852.710000
12865.330000
12873.400000
12823.660000
12807.900000
12799.610000
12834.750000
12832.160000
12849.950000
12859.140000
12859.110000
12829.460000
12836.420000
12772.680000
12760.400000
12798.230000
12776.830000
12813.730000
12853.480000
12869.960000
12846.590000
12836.650000
12790.270000
12790.400000
12793.770000
12804.710000
12791.750000
12775.190000
12746.450000
12738.280000
12645.000000
12670.530000
12661.920000
12615.400000
12611.180000
12600.140000
12644.010000
12660.650000
12690.250000
12830.800000
12777.020000
12785.590000
12782.380000
12799.160000
12794.270000
12814.890000
12820.040000
12842.480000
12872.300000
12825.850000
12832.070000
12852.500000
12905.500000
12943.780000
12966.090000
12947.720000
12921.020000
12959.020000
12918.760000
12895.830000
12883.240000
12881.710000
12868.710000
12883.810000
12901.370000
12928.570000
13048.010000
13006.290000
13002.220000
13042.370000
13017.820000
13037.070000
13073.300000
13100.850000
13074.280000
13096.440000
13056.090000
13039.100000
13056.760000
13072.460000
13077.870000
13078.700000
13053.090000
13051.230000
13094.120000
13142.810000
13085.780000
13110.140000
13138.400000
13151.800000
13128.830000
13126.070000
13145.550000
13132.900000
13119.580000
13120.370000
13110.550000
13087.360000
13059.140000
13012.130000
13002.250000
13018.990000
13053.190000
13066.440000
13062.710000
13036.950000
13005.450000
13024.760000
13051.090000
13053.900000
13048.380000
12839.550000
12733.330000
12662.670000
12673.050000
12689.920000
12678.590000
12713.800000
12714.470000
12719.550000
12789.650000
12790.890000
12791.530000
12855.140000
12841.750000
12861.560000
12881.990000
12955.860000
12932.060000
13028.730000
12971.520000
12960.380000
12936.680000
12926.780000
12898.660000
12895.330000
12890.580000
12897.660000
12829.930000
12850.290000
12848.310000
12823.450000
12833.790000
12804.170000
12813.300000
12810.070000
12794.520000
12765.050000
12666.880000
12663.580000
12680.990000
12656.060000
12654.040000
12673.060000
12672.010000
12607.590000
12457.520000
12499.690000
12498.210000
12564.140000
12583.020000
12575.230000
12535.480000
12540.190000
12559.270000
12668.120000
12679.100000
12654.190000
12704.270000
12699.930000
12718.270000
12710.100000
12665.180000
12645.750000
12386.720000
12404.510000
12387.530000
12384.410000
12319.570000
12329.780000
12315.800000
12230.610000
12206.760000
12223.600000
12164.450000
12177.490000
12185.150000
12167.370000
12149.260000
12144.940000
12084.580000
12094.800000
11852.020000
11748.210000
11766.030000
11705.470000
11674.150000
11649.010000
11633.980000
11602.130000
11609.470000
11659.490000
11663.200000
11648.740000
11623.370000
11554.400000
11577.020000
11656.680000
11707.430000
11607.930000
11576.760000
11609.970000
11603.960000
11614.130000
11579.670000
11594.310000
11590.740000
11549.340000
11585.070000
11628.560000
11760.250000
11801.740000
11804.960000
11784.090000
11782.310000
11817.970000
11838.000000
11788.850000
11996.250000
12028.900000
12040.480000
12007.770000
12014.060000
12024.920000
12031.340000
12073.590000
12088.980000
12021.480000
12194.470000
12146.480000
12173.690000
12219.300000
12285.090000
12247.160000
12329.960000
12328.590000
12482.700000
12463.180000
12510.610000
12550.750000
12540.160000
12529.470000
12560.170000
12591.300000
12582.460000
12595.870000
12486.990000
12472.480000
12483.170000
12461.160000
12510.590000
12571.380000
12548.180000
12509.480000
12737.770000
12739.620000
12729.770000
13132.330000
13297.050000
13256.320000
13268.900000
13247.600000
13126.610000
13139.170000
13109.320000
13102.100000
13124.600000
13142.230000
13158.290000
13215.890000
13237.590000
13205.950000
13225.930000
13230.310000
13228.500000
13241.230000
13239.650000
13244.320000
13240.280000
13233.490000
13242.650000
13142.670000
13168.090000
13160.180000
13143.310000
13101.460000
13061.170000
13065.900000
13081.930000
13073.930000
13049.590000
13116.810000
13145.480000
13136.000000
13096.450000
13090.210000
13119.010000
13115.390000
13116.230000
13186.200000
13168.790000
13171.480000
13277.450000
13276.250000
13247.550000
13251.750000
13190.610000
13180.210000
13151.020000
13136.630000
13135.080000
13119.440000
13112.540000
13101.170000
13104.360000
13136.500000
13141.910000
13144.540000
13162.730000
13182.320000
13200.140000
13201.600000
13180.720000
13181.660000
13213.630000
13209.340000
13127.240000
13094.720000
13075.800000
13093.620000
13117.810000
13124.150000
13138.140000
13135.260000
13111.020000
13120.160000
13137.830000
13172.910000
13161.900000
13155.890000
13149.460000
13146.670000
13132.130000
13137.910000
13312.420000
13285.250000
13275.120000
13242.650000
13218.880000
13219.480000
13198.550000
13209.340000
13207.020000
13264.660000
13258.660000
13255.350000
13270.690000
13266.490000
13284.050000
13274.960000
13296.730000
13296.760000
13346.960000
13301.400000
13279.240000
13259.960000
13291.360000
13282.000000
13277.250000
13288.270000
13309.720000
13316.010000
13305.020000
13301.140000
13293.750000
13293.840000
13316.190000
13315.340000
13315.650000
13310.680000
13338.910000
13337.100000
13327.140000
13327.030000
13327.230000
13320.580000
13353.680000
13362.230000
13364.170000
13350.470000
13389.640000
13396.390000
13390.840000
13432.390000
13442.450000
13445.110000
13423.420000
13393.280000
13428.610000
13431.550000
13433.130000
13434.300000
13425.580000
13416.990000
13420.640000
13410.720000
13405.490000
13345.080000
13359.270000
13353.600000
13350.150000
13343.220000
13302.870000
13312.080000
13316.740000
13328.680000
13307.540000
13291.490000
13249.350000
13277.800000
13269.310000
13259.900000
13267.650000
13263.500000
13269.970000
13263.300000
13315.370000
13288.590000
13260.860000
13250.690000
13261.610000
13286.080000
13285.190000
13299.030000
13289.430000
13243.850000
13254.960000
13281.110000
13267.800000
13251.240000
13263.510000
13268.230000
13272.120000
13277.760000
13282.800000
13255.570000
13248.390000
13234.040000
13264.070000
13266.240000
13282.310000
13297.490000
13454.130000
13422.100000
13427.580000
13421.480000
13398.720000
13414.470000
13396.160000
13398.590000
13365.190000
13364.630000
13364.690000
13370.440000
13360.520000
13360.520000
13331.210000
13287.520000
13314.720000
13326.360000
13265.610000
13189.400000
13165.440000
13078.710000
13097.390000
13126.260000
13147.670000
13162.390000
13140.270000
13250.400000
13236.930000
13261.510000
13292.300000
13288.240000
13284.310000
13267.130000
13290.360000
13258.900000
13310.100000
13337.510000
13325.300000
13324.710000
13322.510000
13350.640000
13359.240000
13349.740000
13374.960000
13566.850000
13596.740000
13589.910000
13588.810000
13574.290000
13584.230000
13543.230000
13546.650000
13566.960000
13725.840000
13710.760000
13681.990000
13681.940000
13682.470000
13678.660000
13703.040000
13702.290000
13705.330000
13721.940000
13774.450000
13712.050000
13697.760000
13727.800000
13713.820000
13718.720000
13681.080000
13664.790000
13399.990000
13343.910000
13263.030000
13248.230000
13266.490000
13232.500000
13266.400000
13254.200000
13276.600000
13441.590000
13438.470000
13387.500000
13404.790000
13396.330000
13399.520000
13393.630000
13407.950000
13428.420000
13519.150000
13508.260000
13534.700000
13528.770000
13506.650000
13541.780000
13586.550000
13590.710000
13601.710000
13818.650000
13804.540000
13795.940000
13800.450000
13798.340000
13799.680000
13803.330000
13809.350000
13799.080000
13903.110000
13877.270000
13851.240000
13844.060000
13838.460000
13826.200000
13828.800000
13785.060000
13778.930000
13797.090000
13759.020000
13781.220000
13780.630000
13775.140000
13756.160000
13718.780000
13718.780000
13718.780000
13896.510000
13900.380000
13906.240000
13907.130000
13895.160000
13895.010000
13892.850000
13845.030000
13738.860000
13768.130000
13725.040000
13725.960000
13706.190000
13665.690000
13640.410000
13679.530000
13685.730000
13651.220000
13721.600000
13757.940000
13789.310000
13783.550000
13803.610000
13798.220000
13840.680000
13912.640000
13919.230000
13984.550000
13971.670000
13987.810000
13960.150000
13958.230000
13952.630000
13992.710000
14006.390000
14007.470000
14131.520000
14098.360000
14078.360000
14083.510000
14081.120000
14072.670000
14070.760000
14083.780000
14049.530000
14007.650000
13968.760000
14000.020000
13983.250000
13966.660000
13938.590000
13918.940000
13940.880000
13952.200000
13996.610000
13999.570000
13958.570000
13952.710000
13946.100000
13926.820000
13933.190000
13962.010000
13958.710000
13939.980000
13957.670000
13944.570000
13928.750000
13911.540000
13931.950000
13962.920000
13978.430000
13971.290000
14019.620000
14030.220000
14023.460000
13973.560000
13978.470000
13978.890000
13998.560000
14018.320000
13991.800000
13958.160000
13941.910000
13947.760000
13916.020000
13884.290000
13872.390000
13840.440000
13826.260000
13788.610000
13782.700000
13804.190000
13798.420000
13832.650000
13816.470000
13831.140000
13831.330000
13845.400000
13850.400000
13940.050000
13896.520000
13899.370000
13911.020000
13896.040000
13889.530000
13892.350000
13859.340000
13853.320000
13941.610000
13907.060000
13918.500000
13905.920000
13892.470000
13921.850000
13932.220000
13952.200000
13921.370000
14026.350000
13984.630000
13984.050000
13996.040000
13998.710000
13967.290000
13951.960000
13944.300000
13936.790000
13865.710000
13841.990000
13828.690000
13815.400000
13817.940000
13852.450000
13897.730000
13897.100000
13880.700000
13946.850000
13896.140000
13861.880000
13861.060000
13796.470000
13690.880000
13711.310000
13743.150000
13663.300000
13800.570000
13856.110000
13842.960000
13917.280000
13925.730000
13922.730000
13913.290000
13923.880000
13905.220000
13838.470000
13851.840000
13827.600000
13764.570000
13663.660000
13665.250000
13597.340000
13656.360000
13652.520000
13530.300000
13423.260000
13503.710000
13559.370000
13571.450000
13618.080000
13667.700000
13688.620000
13698.540000
13546.350000
13571.260000
13547.030000
13593.030000
13575.920000
13551.270000
13557.800000
13589.580000
13559.730000
13598.440000
13624.370000
13621.860000
13648.050000
13640.400000
13638.610000
13631.510000
13630.070000
13638.820000
13801.620000
13816.650000
13815.420000
13810.260000
13787.230000
13783.600000
13805.480000
13831.240000
13844.940000
13988.150000
13921.230000
13932.780000
13950.630000
13951.210000
13915.560000
13910.270000
13967.090000
13962.530000
14018.960000
14007.150000
13996.380000
14008.190000
13985.190000
14000.780000
14011.030000
14065.040000
14069.890000
14072.970000
14114.440000
14109.360000
14111.430000
14108.180000
14102.520000
14086.660000
14069.600000
14066.310000
14169.490000
14101.220000
14101.460000
14109.520000
14123.820000
14136.200000
14134.570000
14130.210000
14112.500000
14061.610000
14033.290000
13999.200000
14007.180000
14005.560000
14032.270000
14027.320000
14023.170000
14022.380000
14063.120000
14020.200000
14011.090000
14025.300000
14018.090000
14031.950000
14036.910000
14035.690000
13972.000000
13998.890000
14001.980000
14017.900000
14023.990000
14016.420000
14038.780000
14047.350000
14053.060000
14041.330000
13989.560000
13959.790000
13977.990000
13980.780000
13984.720000
14007.110000
14016.190000
14050.960000
14050.240000
14118.490000
14114.940000
14104.340000
14107.590000
14107.440000
14114.940000
14116.910000
14119.130000
14131.210000
14130.740000
14113.830000
14129.590000
14115.420000
14114.600000
14109.030000
14097.360000
14100.510000
14082.970000
14036.950000
14027.810000
13989.920000
13989.460000
13998.200000
14006.140000
13993.330000
13986.090000
13929.900000
13961.050000
13960.910000
13942.070000
13925.200000
13959.700000
13939.490000
13937.810000
13921.770000
13911.360000
13950.200000
13977.820000
13980.040000
13978.970000
13992.630000
14026.180000
14025.830000
14012.180000
14009.650000
13899.740000
13908.660000
13926.030000
13927.580000
13928.570000
13936.930000
13947.180000
13960.740000
13975.080000
13989.240000
13858.250000
13772.690000
13802.640000
13828.820000
13828.400000
13818.400000
13855.490000
13865.960000
13950.400000
13961.190000
13994.430000
13980.810000
13993.380000
13979.350000
13941.350000
13990.270000
13998.300000
14051.010000
13981.550000
13994.200000
13994.150000
13960.370000
13987.980000
13995.010000
13963.540000
13943.250000
13859.940000
13881.260000
13866.090000
13836.430000
13818.930000
13824.400000
13856.600000
13821.470000
13824.200000
13996.630000
13965.460000
13950.350000
13944.630000
13921.870000
13933.380000
13950.120000
14015.660000
14022.020000
14070.040000
14035.450000
14062.360000
14094.350000
14094.690000
14087.900000
14101.790000
14100.370000
14064.450000
14185.350000
14197.490000
14177.650000
14179.750000
14175.490000
14141.230000
14082.200000
14049.440000
14080.030000
14056.320000
14037.110000
14027.080000
14017.800000
14037.690000
14067.430000
14095.810000
14066.120000
14068.180000
13970.170000
13967.260000
13959.660000
13994.310000
13996.760000
14043.160000
14068.030000
14037.200000
13972.260000
14049.910000
14050.410000
14108.060000
14108.170000
14120.230000
14142.670000
14285.150000
14402.920000
14399.920000
14376.020000
14439.780000
14450.130000
14458.360000
14434.670000
14451.840000
14469.880000
14465.180000
14475.650000
14483.490000
14494.660000
14505.760000
14492.820000
14499.960000
14539.780000
14558.870000
14560.970000
14548.140000
14578.460000
14555.010000
14546.570000
14544.380000
14573.850000
14595.020000
14579.520000
14588.740000
14581.370000
14527.420000
14502.870000
14496.360000
14490.670000
14491.800000
14494.040000
14508.280000
14515.750000
14509.670000
14572.240000
14552.490000
14544.140000
14535.380000
14516.720000
14532.520000
14530.400000
14514.730000
14468.340000
14547.770000
14551.530000
14553.530000
14576.600000
14564.050000
14584.090000
14601.790000
14593.480000
14577.870000
14579.150000
14566.510000
14577.680000
14578.920000
14561.800000
14584.390000
14586.590000
14590.060000
14601.630000
14748.310000
14743.170000
14780.240000
14778.750000
14743.910000
14739.780000
14744.480000
14800.890000
14804.010000
14735.520000
14738.440000
14747.560000
14719.180000
14703.840000
14697.930000
14642.830000
14651.350000
14659.990000
14637.600000
14642.050000
14654.260000
14677.120000
14665.210000
14670.970000
14668.320000
14661.770000
14660.250000
14600.580000
14607.080000
14623.570000
14654.300000
14658.380000
14690.730000
14707.370000
14702.710000
14696.390000
14610.160000
14611.330000
14613.360000
14605.770000
14591.640000
14599.070000
14590.310000
14599.870000
14619.040000
14603.160000
14589.940000
14599.000000
14591.260000
14475.270000
14497.320000
14528.330000
14605.360000
14621.360000
14776.320000
14760.670000
14733.240000
14740.510000
14739.160000
14763.550000
14771.340000
14760.520000
14751.080000
14834.900000
14779.780000
14800.070000
14825.160000
14829.880000
14821.470000
14828.380000
14845.420000
14833.380000
14926.120000
14922.190000
14915.960000
14926.510000
14918.300000
14923.830000
14969.220000
15029.700000
15024.030000
15026.490000
15007.780000
15015.180000
15022.240000
15014.730000
15006.300000
14999.400000
15012.030000
15024.030000
15104.140000
15099.370000
15090.000000
15076.970000
15075.950000
15103.510000
15095.130000
15110.920000
15107.430000
15311.860000
15291.450000
15256.090000
15286.540000
15288.200000
15283.490000
15256.510000
15250.870000
15243.870000
15242.730000
15225.510000
15221.170000
15217.960000
15210.430000
15199.220000
15196.730000
15206.820000
15201.630000
15247.780000
15218.300000
15194.270000
15183.590000
15179.920000
15197.570000
15206.740000
15187.950000
15202.680000
15198.450000
15207.420000
15216.230000
15228.740000
15243.560000
15227.340000
15216.220000
15233.610000
15234.160000
15275.330000
15239.080000
15250.240000
15251.190000
15261.800000
15255.940000
15263.180000
15259.890000
15244.120000
15258.070000
15262.890000
15281.650000
15278.620000
15247.050000
15260.240000
15261.380000
15270.130000
15261.690000
15255.920000
15239.830000
15246.790000
15237.740000
15237.500000
15228.910000
15243.610000
15244.630000
15220.020000
15267.030000
15271.690000
15257.180000
15257.530000
15260.360000
15254.440000
15259.710000
15269.970000
15271.540000
15344.170000
15361.360000
15431.090000
15410.680000
15419.220000
15432.350000
15429.200000
15473.830000
15471.930000
15501.840000
15472.750000
15458.050000
15454.340000
15459.790000
15449.250000
15443.250000
15424.790000
15390.280000
15393.130000
15348.880000
15316.270000
15271.250000
15261.400000
15235.970000
15251.450000
15228.380000
15156.210000
15200.840000
15192.940000
15174.550000
15184.630000
15184.490000
15144.060000
15177.180000
15210.690000
15210.570000
15289.840000
15288.600000
15293.230000
15295.500000
15284.690000
15302.740000
15288.200000
15323.730000
15328.330000
15309.090000
15295.400000
15278.050000
15282.770000
15269.550000
15244.570000
15213.480000
15259.660000
15279.960000
15325.890000
15323.880000
15292.560000
15276.280000
15280.130000
15296.680000
15308.860000
15312.020000
15312.590000
15293.890000
15282.160000
15269.870000
15254.830000
15255.580000
15266.350000
15255.960000
15256.230000
15265.810000
15325.850000
15303.710000
15309.190000
15316.550000
15318.870000
15319.640000
15336.100000
15355.280000
15317.480000
15329.720000
15308.730000
15264.360000
15254.670000
15241.650000
15237.370000
15239.830000
15187.730000
15161.150000
15239.500000
15238.460000
15236.250000
15210.200000
15197.480000
15217.040000
15235.610000
15244.260000
15193.870000
15268.560000
15267.480000
15210.530000
15232.250000
15267.970000
15257.320000
15246.530000
15238.710000
15236.630000
15260.750000
15178.820000
15167.550000
15211.870000
15222.650000
15071.690000
15044.980000
14933.280000
14891.190000
15064.900000
15076.990000
15078.590000
15060.410000
15066.500000
15100.020000
15141.720000
15132.220000
15170.780000
15281.400000
15256.340000
15218.040000
15192.010000
15183.580000
15171.570000
15169.990000
15150.320000
15196.740000
15356.840000
15349.840000
15370.270000
15406.410000
15402.670000
15393.130000
15377.470000
15393.480000
15399.650000
15419.430000
15398.140000
15386.060000
15374.690000
15384.870000
15394.830000
15397.590000
15385.700000
15414.020000
15255.890000
15142.090000
15113.370000
15079.540000
15062.490000
15056.530000
15145.820000
15159.860000
15119.750000
15184.700000
15184.400000
15157.910000
15190.310000
15175.380000
15183.220000
15216.610000
15226.360000
15197.390000
14982.870000
14869.920000
14928.200000
14947.550000
15022.130000
15094.430000
15190.400000
15235.890000
15228.450000
15308.500000
15263.270000
15299.110000
15316.820000
15325.590000
15327.750000
15371.630000
15381.440000
15417.240000
15482.230000
15426.500000
15428.930000
15388.280000
15377.660000
15400.010000
15438.350000
15435.280000
15415.910000
15538.010000
15474.860000
15463.050000
15456.320000
15446.650000
15427.200000
15409.400000
15408.390000
15413.390000
15266.530000
15234.000000
15234.370000
15202.250000
15194.540000
15137.750000
15095.550000
15098.520000
15146.750000
15230.710000
15208.990000
15155.340000
15198.420000
15235.240000
15268.460000
15311.420000
15319.720000
15370.260000
15441.820000
15410.940000
15422.130000
15413.420000
15433.210000
15437.700000
15464.910000
15467.190000
15455.300000
15568.320000
15568.600000
15565.140000
15566.230000
15562.230000
15539.520000
15545.260000
15506.600000
15500.040000
15541.860000
15497.530000
15490.840000
15458.160000
15447.250000
15475.010000
15466.770000
15464.110000
15460.940000
15426.250000
15416.530000
15405.850000
15413.430000
15421.100000
15453.090000
15490.060000
15475.310000
15453.660000
15476.160000
15495.790000
15502.980000
15501.190000
15504.980000
15532.810000
15548.720000
15547.500000
15531.730000
15499.640000
15496.090000
15493.260000
15488.520000
15485.090000
15482.400000
15480.060000
15478.040000
15455.320000
15597.160000
15635.980000
15651.820000
15653.460000
15683.090000
15685.400000
15666.640000
15617.190000
15582.530000
15631.020000
15595.580000
15602.180000
15601.200000
15592.330000
15585.160000
15605.140000
15595.640000
15602.710000
15591.730000
15593.210000
15586.940000
15579.050000
15518.240000
15558.100000
15595.010000
15638.940000
15657.150000
15678.240000
15659.590000
15638.250000
15638.340000
15648.210000
15657.850000
15658.000000
15701.440000
15705.890000
15691.610000
15696.350000
15699.150000
15732.060000
15730.490000
15717.040000
15725.980000
15720.450000
15704.260000
15690.960000
15680.690000
15727.230000
15703.400000
15705.810000
15710.380000
15713.650000
15677.670000
15675.940000
15669.140000
15649.370000
15630.550000
15589.240000
15560.030000
15582.290000
15576.770000
15579.790000
15598.790000
15610.280000
15566.630000
15589.780000
15618.970000
15606.190000
15603.150000
15637.940000
15627.620000
15584.730000
15587.560000
15589.720000
15601.860000
15665.960000
15678.930000
15671.310000
15703.840000
15695.320000
15697.890000
15802.670000
15756.910000
15751.710000
15745.050000
15725.500000
15717.700000
15713.580000
15722.520000
15728.050000
15790.030000
15782.430000
15792.350000
15765.310000
15771.360000
15769.300000
15760.960000
15739.270000
15736.800000
15759.660000
15703.000000
15705.950000
15755.290000
15727.760000
15709.050000
15731.580000
15728.590000
15724.430000
15721.690000
15700.990000
15715.290000
15700.970000
15721.600000
15719.500000
15741.580000
15752.340000
15734.620000
15736.930000
15699.990000
15702.600000
15675.950000
15623.990000
15577.560000
15517.730000
15495.010000
15489.430000
15472.070000
15496.770000
15544.280000
15568.740000
15572.040000
15561.980000
15571.100000
15606.570000
15603.610000
15596.500000
15570.520000
15577.390000
15607.760000
15631.740000
15636.030000
15616.650000
15632.950000
15652.750000
15675.900000
15593.410000
15574.590000
15583.800000
15553.320000
15600.570000
15590.510000
15566.530000
15517.100000
15564.020000
15573.150000
15594.500000
15586.580000
15573.780000
15580.230000
15606.890000
15602.920000
15591.730000
15597.440000
15570.600000
15583.180000
15577.080000
15579.300000
15583.760000
15577.260000
15593.800000
15612.660000
15668.080000
15611.970000
15598.100000
15594.210000
15636.360000
15641.000000
15644.920000
15615.720000
15578.410000
15661.430000
15671.690000
15694.450000
15703.070000
15699.320000
15743.560000
15752.930000
15750.800000
15707.770000
15709.340000
15659.040000
15509.660000
15555.480000
15588.620000
15587.040000
15593.530000
15589.590000
15550.440000
15708.780000
15706.100000
15679.010000
15628.300000
15593.480000
15602.790000
15594.430000
15627.930000
15610.340000
15697.870000
15694.210000
15677.610000
15688.090000
15671.230000
15705.530000
15676.330000
15645.930000
15650.090000
15649.390000
15618.710000
15621.270000
15637.970000
15657.840000
15673.880000
15670.860000
15671.120000
15672.390000
15640.370000
15601.940000
15611.620000
15616.370000
15618.990000
15645.770000
15647.880000
15616.090000
15511.380000
15661.270000
15654.400000
15665.180000
15656.880000
15657.370000
15668.930000
15700.950000
15687.100000
15692.710000
15591.650000
15526.000000
15521.440000
15481.370000
15435.100000
15408.170000
15394.100000
15380.670000
15422.160000
15545.600000
15554.510000
15580.810000
15561.420000
15581.780000
15582.750000
15616.430000
15664.190000
15687.930000
15735.630000
15688.670000
15687.300000
15670.340000
15706.670000
15722.720000
15778.410000
15801.620000
15806.900000
15795.530000
15791.100000
15783.920000
15788.830000
15806.570000
15801.030000
15805.900000
15795.310000
15789.640000
15788.830000
15776.520000
15779.270000
15774.750000
15774.020000
15799.440000
15810.680000
15806.470000
15798.570000
15737.360000
15723.600000
15705.750000
15697.410000
15657.410000
15657.340000
15637.850000
15642.840000
15629.660000
15682.750000
15696.230000
15699.930000
15668.480000
15626.980000
15629.770000
15643.720000
15569.180000
15546.090000
15423.840000
15384.920000
15273.720000
15273.040000
15231.390000
15161.920000
15158.370000
15134.610000
15143.870000
15300.290000
15273.960000
15232.750000
15195.610000
15199.360000
15201.320000
15204.860000
15279.910000
15280.100000
15304.880000
15362.670000
15358.170000
15368.710000
15357.130000
15360.580000
15430.350000
15443.760000
15434.460000
15564.750000
15560.170000
15553.270000
15578.750000
15570.930000
15573.750000
15533.450000
15539.840000
15519.810000
15615.200000
15615.550000
15648.900000
15671.120000
15666.460000
15674.740000
15681.410000
15666.920000
15670.750000
15603.930000
15589.990000
15601.070000
15611.770000
15618.250000
15635.350000
15641.610000
15637.530000
15618.980000
15550.580000
15529.250000
15540.480000
15554.710000
15586.900000
15565.270000
15558.900000
15543.660000
15550.930000
15550.210000
15569.090000
15568.280000
15567.750000
15572.490000
15552.790000
15568.160000
15577.130000
15577.020000
15611.710000
15607.990000
15628.510000
15654.640000
15655.280000
15659.220000
15641.210000
15656.320000
15640.660000
15508.160000
15544.090000
15526.660000
15523.970000
15527.760000
15554.700000
15595.430000
15613.660000
15577.740000
15702.890000
15623.690000
15604.090000
15573.260000
15564.920000
15575.900000
15617.130000
15604.960000
15598.210000
15584.790000
15587.820000
15595.850000
15600.720000
15608.070000
15603.690000
15566.580000
15560.550000
15567.860000
15681.450000
15664.240000
15694.670000
15694.470000
15678.220000
15653.210000
15671.680000
15712.270000
15703.770000
15724.680000
15730.350000
15728.550000
15718.940000
15702.350000
15730.340000
15748.900000
15747.190000
15751.880000
15777.500000
15773.130000
15783.800000
15780.420000
15776.300000
15787.200000
15808.240000
15792.770000
15780.050000
15798.510000
15758.940000
15752.270000
15748.980000
15754.920000
15756.780000
15762.770000
15755.880000
15763.050000
15787.310000
15783.920000
15764.450000
15776.460000
15782.500000
15783.140000
15802.150000
15797.050000
15789.170000
15793.590000
15790.020000
15788.170000
15791.130000
15784.290000
15812.490000
15887.160000
15855.820000
15831.440000
15843.000000
15852.150000
15885.360000
15897.790000
15891.800000
15921.890000
15964.380000
15956.360000
15960.380000
15981.820000
16009.030000
16030.330000
16027.020000
16012.440000
16000.800000
15990.730000
15981.880000
15979.120000
15961.180000
15931.340000
15906.740000
15923.630000
15924.880000
15912.400000
15915.890000
15904.350000
15925.730000
15877.790000
15886.290000
15911.380000
15896.480000
15904.430000
15918.920000
15920.320000
15937.470000
15932.540000
15946.750000
15915.150000
15906.390000
15912.650000
15921.530000
15926.560000
15950.240000
15969.850000
15968.230000
15804.850000
15741.870000
15712.860000
15725.240000
15698.270000
15681.450000
15741.920000
15788.300000
15775.550000
15750.230000
15722.170000
15736.480000
15715.790000
15705.420000
15721.150000
15781.510000
15802.590000
15808.040000
15930.720000
15848.120000
15851.780000
15852.800000
15857.100000
15851.710000
15835.760000
15853.480000
15870.610000
15908.390000
15910.010000
15913.660000
15911.460000
15908.140000
15908.240000
15915.990000
15918.720000
15918.450000
15932.620000
15921.870000
15900.830000
15890.650000
15882.020000
15899.190000
15896.420000
15878.140000
15865.350000
15814.780000
15834.910000
15779.320000
15773.800000
15782.300000
15791.370000
15822.910000
15815.320000
15809.510000
15815.390000
15814.440000
15805.520000
15800.260000
15793.320000
15789.300000
15842.240000
15859.770000
15851.980000
15888.510000
15894.650000
15896.440000
15896.730000
15886.090000
15880.310000
15872.580000
15890.150000
15891.690000
15980.290000
15978.440000
16006.760000
15987.620000
15883.380000
15869.620000
15841.120000
15802.620000
15835.090000
15981.700000
15979.500000
15942.790000
15883.690000
15884.460000
15912.290000
15834.250000
15825.720000
15825.050000
15866.350000
15874.670000
15861.540000
15838.160000
15831.340000
15851.460000
15848.610000
15834.550000
15844.830000
15858.280000
15860.220000
15856.530000
15868.690000
15866.030000
15860.000000
15842.470000
15779.520000
15795.610000
15890.400000
15884.770000
15885.490000
15890.250000
15892.110000
15903.230000
15938.650000
15959.740000
15948.100000
15927.770000
15914.630000
15902.700000
15899.480000
15912.770000
15918.810000
15895.110000
15863.990000
15851.880000
15714.860000
15652.400000
15704.700000
15748.700000
15755.300000
15743.140000
15723.870000
15711.930000
15644.660000
15564.430000
15585.550000
15581.160000
15588.430000
15619.550000
15642.110000
15647.110000
15693.220000
15674.740000
15666.640000
15702.600000
15702.020000
15696.080000
15701.820000
15689.010000
15692.510000
15648.180000
15617.270000
15731.380000
15731.570000
15731.940000
15787.660000
15785.990000
15787.440000
15774.260000
15730.020000
15726.230000
15732.650000
15734.510000
15739.140000
15721.960000
15721.800000
15760.990000
15763.580000
15737.960000
15724.520000
15740.010000
15735.550000
15729.340000
15726.780000
15706.060000
15718.840000
15722.840000
15695.120000
15642.800000
15728.020000
15727.830000
15716.600000
15700.200000
15714.710000
15737.970000
15745.190000
15695.120000
15684.200000
15791.900000
15749.080000
15735.200000
15645.950000
15635.190000
15660.390000
15662.980000
15580.840000
15508.890000
15262.760000
15196.660000
15173.060000
15166.060000
15143.940000
15074.260000
15156.220000
15148.970000
15156.380000
15322.150000
15369.570000
15357.180000
15366.000000
15365.340000
15380.240000
15394.330000
15373.700000
15348.530000
15463.240000
15451.670000
15458.370000
15461.620000
15445.520000
15469.600000
15490.120000
15493.540000
15508.420000
15675.270000
15676.660000
15685.010000
15695.650000
15644.050000
15633.770000
15677.150000
15672.160000
15658.180000
15573.460000
15567.180000
15566.890000
15548.760000
15541.850000
15534.040000
15559.890000
15561.160000
15540.020000
15704.050000
15676.250000
15682.800000
15650.410000
15618.130000
15594.470000
15600.100000
15611.470000
15602.390000
15542.410000
15472.190000
15469.940000
15405.300000
15415.870000
15431.660000
15413.380000
15346.410000
15289.160000
15416.440000
15399.680000
15413.930000
15422.750000
15406.530000
15400.820000
15379.570000
15382.800000
15386.980000
15448.520000
15439.020000
15403.260000
15352.420000
15344.180000
15341.260000
15334.230000
15302.310000
15315.670000
15176.730000
15146.990000
15169.920000
15178.090000
15262.750000
15260.740000
15247.110000
15189.120000
15179.640000
15140.790000
15148.610000
15167.180000
15170.010000
15160.260000
15161.700000
15174.170000
15175.250000
15064.980000
15104.420000
15085.840000
15121.740000
15114.750000
15117.250000
15113.790000
15108.680000
15177.460000
15202.200000
15049.490000
14928.990000
14892.370000
14868.530000
14921.960000
14972.200000
15010.250000
15017.780000
15016.630000
15183.810000
15168.110000
15155.000000
15171.860000
15193.450000
15190.150000
15207.720000
15248.130000
15253.290000
15265.930000
15232.880000
15218.680000
15242.060000
15245.640000
15266.020000
15267.920000
15241.920000
15223.850000
15195.050000
15185.020000
15202.740000
15193.960000
15170.390000
15151.640000
15184.890000
15195.960000
15199.140000
15106.280000
15123.350000
15169.640000
15169.270000
15165.890000
15174.290000
15164.890000
15159.560000
15154.560000
15195.780000
15278.910000
15262.300000
15265.760000
15266.950000
15274.430000
15302.430000
15269.200000
15264.960000
15350.840000
15368.040000
15386.010000
15384.330000
15392.440000
15437.480000
15445.890000
15459.950000
15464.380000
15505.330000
15501.820000
15518.100000
15525.980000
15522.890000
15565.290000
15590.330000
15598.580000
15592.450000
15542.170000
15536.630000
15526.690000
15510.010000
15515.780000
15491.010000
15460.300000
15472.670000
15497.970000
15510.990000
15503.820000
15485.850000
15508.480000
15503.940000
15507.810000
15521.890000
15527.970000
15527.030000
15567.070000
15547.670000
15546.500000
15541.070000
15539.600000
15532.150000
15501.560000
15531.660000
15533.190000
15512.240000
15512.160000
15520.440000
15528.110000
15520.740000
15532.940000
15513.460000
15507.270000
15505.870000
15593.150000
15570.980000
15576.250000
15593.470000
15614.760000
15609.670000
15603.880000
15606.520000
15586.690000
15580.580000
15577.470000
15588.190000
15606.010000
15593.430000
15603.940000
15607.460000
15600.550000
15618.880000
15738.140000
15781.000000
15759.990000
15756.290000
15752.940000
15764.520000
15779.060000
15779.520000
15775.560000
15744.790000
15733.380000
15708.820000
15724.310000
15718.390000
15706.450000
15723.530000
15723.820000
15716.200000
15706.390000
15692.520000
15703.230000
15700.370000
15695.100000
15682.520000
15688.530000
15680.520000
15698.150000
15686.590000
15619.860000
15593.030000
15575.680000
15594.480000
15614.970000
15645.700000
15661.230000
15689.660000
15836.060000
15849.400000
15837.030000
15824.510000
15807.690000
15792.200000
15795.680000
15820.370000
15822.630000
15879.000000
15884.560000
15888.270000
15909.970000
15917.680000
15960.210000
15958.160000
15951.680000
15955.950000
15966.570000
15952.230000
15960.910000
15972.710000
15969.370000
15955.900000
15952.850000
15952.510000
15960.580000
16050.600000
16027.670000
16048.840000
16049.170000
16061.490000
16050.980000
16064.790000
16045.850000
16043.010000
16035.580000
16056.440000
16056.310000
16073.580000
16084.900000
16081.430000
16077.770000
16075.980000
16054.360000
16068.730000
16053.050000
16038.580000
16038.610000
16028.650000
16043.160000
16063.430000
16068.370000
16058.590000
16073.560000
16085.830000
16089.280000
16095.840000
16092.430000
16093.990000
16104.130000
16068.110000
16063.380000
16061.640000
16047.590000
16046.620000
16031.750000
16034.180000
16036.840000
16064.140000
16076.560000
16067.980000
16085.430000
16114.550000
16107.090000
16092.790000
16093.000000
16099.840000
16098.870000
16084.560000
16088.140000
16117.100000
16101.790000
16122.760000
16115.580000
16115.130000
16109.510000
16113.350000
16098.710000
16103.300000
16113.790000
16119.930000
16124.760000
16123.640000
16138.750000
16149.870000
16134.950000
16128.610000
16148.640000
16189.580000
16195.980000
16199.360000
16238.120000
16233.300000
16230.440000
16258.760000
16266.260000
16263.240000
16283.520000
16278.300000
16275.180000
16272.500000
16269.920000
16272.550000
16272.740000
16281.060000
16271.650000
16290.190000
16288.270000
16256.810000
16266.430000
16270.240000
16254.990000
16249.920000
16236.310000
16225.230000
16282.870000
16267.830000
16236.230000
16238.290000
16196.130000
16154.160000
16199.200000
16197.950000
16179.320000
16202.770000
16185.120000
16179.540000
16182.970000
16165.090000
16139.260000
16149.170000
16175.050000
16165.640000
15993.660000
15948.300000
15987.410000
16003.730000
16028.530000
16026.120000
16054.380000
16038.420000
15971.500000
15974.300000
15951.260000
15892.820000
15867.640000
15867.820000
15836.260000
15806.230000
15877.500000
15901.360000
15962.540000
15949.000000
15931.090000
15911.320000
15907.720000
15900.070000
15913.910000
15923.380000
15918.560000
15495.710000
15493.170000
15540.290000
15529.250000
15510.950000
15458.810000
15467.570000
15404.550000
15358.120000
15441.910000
15384.590000
15381.140000
15395.880000
15374.540000
15387.820000
15405.180000
15384.110000
15309.630000
15155.660000
15092.400000
15100.890000
15084.780000
15140.240000
15223.810000
15252.410000
15280.040000
15228.450000
15271.140000
15347.420000
15345.830000
15351.600000
15392.160000
15411.440000
15405.420000
15439.590000
15509.460000
15330.650000
15373.520000
15346.230000
15318.300000
15281.490000
15250.470000
15294.660000
15293.170000
15310.530000
15422.900000
15329.530000
15295.240000
15307.970000
15321.510000
15337.930000
15354.620000
15226.280000
15169.980000
15324.780000
15320.550000
15211.340000
15247.390000
15251.890000
15291.990000
15328.150000
15404.160000
15415.460000
15664.840000
15691.660000
15713.930000
15717.440000
15706.370000
15711.100000
15760.070000
15811.480000
15827.940000
15834.040000
15812.530000
15775.660000
15821.910000
15798.660000
15750.790000
15740.620000
15722.980000
15713.130000
15721.480000
15701.310000
15685.610000
15668.490000
15673.270000
15652.250000
15649.220000
15658.790000
15653.400000
15607.980000
15601.670000
15620.840000
15676.390000
15672.130000
15686.400000
15689.500000
15658.460000
15636.600000
15757.520000
15794.310000
15789.060000
15793.650000
15784.970000
15774.790000
15743.980000
15689.270000
15637.310000
15697.980000
15691.790000
15621.130000
15631.270000
15635.970000
15619.800000
15563.520000
15549.370000
15483.670000
15531.040000
15528.500000
15513.530000
15508.930000
15514.600000
15521.100000
15517.000000
15494.440000
15500.920000
15775.590000
15743.820000
15742.640000
15780.930000
15766.280000
15731.860000
15690.330000
15686.910000
15673.710000
15609.510000
15570.780000
15552.800000
15535.100000
15532.820000
15502.610000
15504.670000
15552.200000
15565.650000
15201.000000
15146.920000
15244.440000
15284.330000
15296.080000
15254.010000
15259.180000
15282.900000
15250.020000
15395.630000
15384.160000
15372.320000
15422.260000
15422.440000
15433.180000
15446.510000
15452.420000
15449.930000
15484.130000
15478.460000
15485.410000
15488.470000
15484.550000
15461.330000
15509.840000
15542.610000
15593.470000
15668.750000
15681.280000
15679.980000
15698.840000
15699.780000
15695.860000
15744.410000
15757.010000
15768.450000
15786.630000
15796.740000
15799.740000
15786.550000
15805.750000
15827.210000
15825.270000
15845.320000
15854.620000
15946.080000
15955.570000
15963.930000
15947.670000
15962.800000
15974.790000
15966.720000
15969.400000
15973.760000
15955.030000
15952.450000
15937.740000
15914.890000
15906.220000
15885.660000
15886.260000
15852.780000
15873.210000
15865.840000
15887.750000
15869.320000
15870.680000
15890.740000
15890.180000
15884.860000
15884.860000
15884.860000
16049.070000
16034.840000
16033.970000
16049.400000
16067.030000
16069.380000
16059.090000
16064.630000
16044.930000
16073.130000
16086.170000
16137.420000
16155.600000
16166.610000
16187.200000
16202.580000
16194.010000
16152.610000
16196.880000
16244.020000
16278.470000
16267.100000
16285.350000
16273.960000
16277.310000
16267.080000
16274.010000
16136.980000
16114.420000
16156.560000
16140.340000
16096.260000
16116.220000
16109.590000
16067.930000
16077.690000
16025.690000
16018.080000
16044.280000
16036.510000
16004.620000
16000.980000
15995.550000
15967.280000
15947.740000
16015.340000
15953.400000
15944.900000
15924.870000
15920.150000
15891.840000
15878.520000
15806.100000
15821.690000
15944.960000
15979.990000
15973.880000
15956.320000
15960.130000
15952.270000
15927.630000
15954.270000
15948.110000
16061.500000
16044.570000
16039.370000
16020.240000
15996.530000
16048.830000
16042.940000
16051.710000
16023.250000
16004.320000
15998.150000
16021.810000
16025.570000
16028.370000
16069.490000
16090.290000
16041.940000
16031.590000
15970.250000
15970.700000
15940.340000
15945.030000
15927.540000
15872.630000
15951.660000
15949.670000
15907.760000
15962.700000
15949.910000
15959.690000
15952.080000
15960.160000
15955.000000
15951.580000
15959.670000
15949.620000
15843.580000
15773.060000
15790.380000
15776.040000
15784.830000
15802.100000
15798.210000
15839.320000
15816.140000
15758.840000
15812.110000
15815.130000
15841.410000
15846.280000
15887.010000
15898.050000
15892.350000
15810.890000
15856.470000
15803.690000
15808.730000
15851.220000
15839.200000
15848.320000
15873.760000
15902.410000
15912.330000
15728.290000
15711.610000
15712.630000
15697.550000
15635.790000
15585.600000
15572.220000
15567.260000
15609.270000
15587.390000
15451.070000
15427.830000
15377.710000
15321.120000
15275.110000
15166.700000
15103.730000
15081.440000
15155.410000
15175.650000
15205.750000
15150.730000
15126.050000
15120.610000
15152.890000
15158.810000
15162.100000
15419.710000
15456.770000
15468.350000
15496.520000
15497.540000
15523.020000
15517.870000
15524.960000
15474.290000
15321.340000
15410.690000
15426.370000
15399.950000
15435.480000
15524.610000
15582.450000
15572.580000
15542.230000
15416.590000
15344.490000
15301.490000
15252.690000
15236.110000
15261.650000
15286.330000
15287.360000
15335.200000
15560.000000
15566.380000
15497.040000
15418.640000
15405.670000
15419.540000
15465.980000
15501.160000
15483.680000
15687.960000
15670.330000
15625.020000
15652.060000
15664.240000
15672.130000
15666.120000
15641.320000
15627.730000
15715.860000
15736.520000
15730.450000
15685.160000
15691.070000
15686.150000
15661.390000
15662.560000
15644.230000
15602.500000
15589.000000
15541.490000
15564.270000
15568.470000
15571.160000
15477.040000
15477.950000
15427.490000
15423.940000
15296.110000
15246.650000
15192.400000
15188.950000
15176.590000
15143.860000
15164.860000
15116.420000
15229.130000
15177.360000
15128.010000
15131.940000
15167.940000
15184.200000
15229.460000
15250.480000
15256.080000
15323.910000
15338.000000
15284.400000
15229.710000
15192.370000
15231.730000
15216.720000
15225.150000
15246.320000
15453.740000
15481.390000
15486.920000
15481.310000
15497.800000
15506.350000
15513.940000
15509.630000
15507.370000
15614.470000
15542.200000
15519.780000
15556.120000
15565.440000
15575.230000
15521.520000
15579.860000
15534.830000
15456.520000
15373.000000
15431.750000
15436.900000
15469.400000
15477.700000
15511.340000
15485.840000
15462.740000
15085.570000
14967.230000
15019.390000
14970.020000
15150.540000
15141.820000
15135.460000
15112.670000
15113.970000
15310.740000
15344.920000
15343.080000
15390.100000
15394.770000
15392.750000
15389.990000
15415.060000
15418.410000
15542.840000
15500.860000
15441.220000
15436.360000
15425.210000
15414.250000
15379.930000
15382.830000
15389.410000
15440.080000
15382.060000
15408.870000
15400.230000
15394.130000
15405.150000
15335.760000
15258.470000
15267.630000
15317.390000
15302.610000
15277.900000
15265.330000
15257.820000
15257.150000
15152.020000
15135.450000
15053.920000
15192.470000
15114.490000
15047.500000
15013.350000
14962.190000
14847.580000
14816.710000
14857.110000
14798.360000
14628.060000
14649.660000
14753.960000
14753.570000
14762.630000
14721.830000
14782.160000
14774.350000
14711.160000
14845.300000
14901.090000
14849.740000
14835.630000
14832.320000
14857.050000
14842.010000
14734.820000
14638.430000
14177.000000
14221.710000
14102.840000
13973.940000
13964.630000
13983.910000
14017.980000
14148.280000
14087.400000
14249.300000
14157.080000
14271.110000
14312.680000
14436.430000
14525.450000
14502.100000
14522.310000
14567.620000
14310.020000
14270.830000
14239.540000
14265.420000
14355.610000
14314.080000
14327.550000
14441.900000
14510.770000
14448.610000
14331.680000
14176.270000
14165.540000
14096.400000
14192.660000
14214.470000
14184.380000
14024.830000
13892.590000
13944.300000
13995.060000
13988.730000
14025.090000
13963.800000
13990.130000
13999.050000
14114.790000
14057.150000
13948.190000
13912.890000
13918.710000
13930.550000
13996.040000
14056.550000
13906.950000
13749.920000
13562.600000
13375.370000
13314.450000
13274.940000
13279.740000
13316.010000
13286.860000
13246.390000
13165.070000
12660.900000
12698.840000
12700.820000
12789.790000
12965.220000
13034.220000
13150.350000
13036.740000
12925.360000
13106.780000
13048.240000
13011.120000
12967.890000
13084.200000
12968.940000
12974.840000
12899.230000
12915.120000
13371.240000
13480.060000
13530.150000
13486.530000
13512.940000
13528.840000
13675.450000
13782.020000
13847.930000
13829.970000
13749.050000
13602.700000
13545.940000
13481.890000
13504.890000
13627.990000
13631.120000
13475.850000
13553.740000
13625.490000
13665.760000
13943.970000
13941.500000
13906.890000
13905.100000
13738.240000
13717.100000
13966.830000
14082.060000
14074.300000
14025.650000
13953.540000
13953.260000
14025.300000
14037.260000
13948.820000
13816.670000
13707.670000
13784.120000
13821.380000
13873.330000
13896.210000
13930.450000
13974.840000
13923.990000
14301.450000
14287.550000
14367.750000
14392.930000
14390.590000
14313.610000
14553.100000
14486.810000
14455.900000
14509.230000
14441.040000
14408.700000
14396.880000
14359.140000
14336.420000
14365.120000
14319.140000
14396.320000
14403.390000
14332.000000
14319.040000
14236.370000
14271.740000
14295.070000
14352.120000
14379.060000
14413.090000
14451.540000
14436.520000
14426.990000
14457.300000
14422.180000
14429.880000
14380.860000
14392.780000
14367.820000
14475.610000
14486.260000
14483.780000
14457.110000
14436.240000
14475.000000
14508.010000
14491.680000
14474.000000
14539.310000
14521.010000
14443.920000
14426.360000
14362.140000
14290.730000
14347.140000
14311.340000
14316.060000
14375.820000
14340.570000
14256.590000
14283.120000
14281.880000
14265.940000
14259.230000
14356.140000
14307.930000
14341.520000
14343.340000
14366.280000
14421.320000
14425.980000
14407.080000
14428.030000
14404.620000
14321.490000
14527.010000
14529.090000
14546.890000
14557.060000
14627.580000
14617.600000
14549.550000
14512.230000
14492.760000
14664.290000
14616.130000
14731.510000
14729.120000
14835.810000
14894.310000
14925.250000
14839.340000
14820.330000
14744.720000
14668.450000
14651.800000
14648.140000
14639.840000
14621.550000
14633.900000
14610.840000
14606.050000
14732.000000
14652.400000
14611.660000
14600.770000
14578.850000
14575.450000
14589.910000
14491.700000
14486.300000
14502.930000
14458.570000
14497.160000
14496.310000
14483.480000
14495.480000
14506.020000
14494.160000
14479.960000
14515.790000
14401.170000
14476.950000
14481.590000
14471.010000
14461.680000
14500.350000
14530.610000
14535.070000
14603.440000
14591.980000
14563.880000
14491.990000
14482.740000
14479.090000
14460.830000
14459.720000
14424.610000
14437.910000
14280.630000
14265.190000
14258.920000
14208.740000
14165.460000
14132.150000
14122.440000
14151.790000
14234.650000
14214.090000
14237.280000
14240.800000
14315.350000
14242.830000
14216.660000
14208.030000
14148.010000
14306.730000
14321.820000
14277.510000
14279.680000
14289.680000
14271.110000
14226.990000
14282.290000
14286.010000
14298.020000
14247.600000
14235.190000
14246.500000
14260.060000
14192.400000
14227.830000
14257.720000
14202.000000
13968.390000
14068.450000
14059.650000
14090.010000
14077.510000
14180.090000
14168.180000
14165.480000
14138.380000
14080.530000
14100.030000
14088.400000
14024.860000
14041.290000
14009.670000
14040.260000
14053.130000
14077.180000
14127.010000
14146.160000
14107.120000
14111.080000
14172.370000
14187.920000
14198.780000
14176.550000
14179.860000
14109.550000
14117.250000
14042.400000
14050.670000
14067.880000
14079.500000
14132.800000
14199.090000
14173.210000
14236.780000
14219.050000
14323.130000
14339.600000
14331.040000
14342.310000
14353.090000
14359.600000
14362.030000
14510.460000
14532.480000
14543.390000
14589.130000
14598.110000
14590.650000
14587.510000
14559.920000
14532.260000
14372.470000
14361.310000
14322.420000
14246.230000
14261.760000
14294.550000
14298.900000
14259.090000
14207.090000
14037.630000
13994.020000
13942.200000
13919.710000
13975.040000
14032.660000
14031.290000
14022.150000
13974.960000
14087.160000
14100.650000
14108.960000
14112.840000
14081.090000
14107.380000
14056.260000
14024.250000
13850.230000
13783.290000
13820.190000
13827.160000
13844.020000
13831.850000
13826.170000
13849.430000
13809.110000
13794.080000
14033.180000
14069.030000
14074.710000
14046.350000
14029.470000
14019.990000
14006.820000
13933.620000
13979.910000
14157.400000
14173.280000
14163.680000
14134.980000
14097.270000
14142.490000
14186.760000
14187.020000
14103.680000
14036.110000
13981.000000
14013.430000
14020.700000
14011.380000
13966.890000
14003.810000
14030.730000
13961.570000
14059.400000
14081.150000
14028.450000
14024.470000
13991.040000
14002.350000
13971.840000
13984.060000
14039.470000
14073.210000
14043.090000
14014.430000
14031.470000
14042.210000
14045.030000
14071.540000
14048.730000
14006.040000
14315.240000
14239.470000
14183.630000
14193.970000
14210.370000
14202.310000
14153.480000
14070.050000
13966.310000
13851.450000
13827.060000
13780.980000
13785.270000
13740.030000
13814.910000
13727.450000
13733.780000
13744.060000
13697.900000
13585.280000
13593.700000
13556.300000
13482.900000
13512.220000
13535.540000
13535.430000
13466.290000
13578.150000
13625.810000
13619.970000
13584.490000
13567.650000
13681.390000
13719.950000
13714.200000
13601.510000
13623.190000
13668.030000
13685.050000
13718.720000
13735.030000
13736.980000
13779.090000
13817.630000
13829.100000
13636.370000
13617.710000
13533.140000
13560.140000
13615.670000
13532.400000
13623.590000
13757.180000
13808.090000
13885.660000
13942.040000
13930.340000
13937.450000
13955.330000
13965.260000
13949.520000
14025.210000
14034.150000
14002.470000
14038.950000
14043.100000
13961.140000
13960.000000
13961.330000
13937.130000
13957.910000
13964.380000
14150.790000
14184.550000
14194.490000
14201.410000
14197.870000
14189.690000
14203.090000
14174.770000
14186.190000
14221.040000
14186.430000
14217.990000
14226.470000
14192.600000
14166.540000
14108.480000
14092.030000
14078.330000
13860.340000
13776.250000
13750.580000
13755.150000
13813.040000
13806.180000
13831.050000
13882.270000
13882.300000
14074.330000
14130.220000
14161.320000
14156.290000
14159.270000
14158.050000
14139.040000
14100.170000
13984.180000
14217.480000
14183.930000
14089.970000
14113.730000
14112.980000
14117.090000
14132.000000
14135.940000
14175.400000
14065.950000
14071.990000
14069.030000
14068.940000
14105.060000
14075.360000
14061.830000
14022.110000
13955.590000
14032.450000
13984.070000
13958.820000
13978.770000
13936.580000
13939.810000
14002.410000
14053.590000
14042.310000
14095.520000
14094.800000
14097.870000
14101.420000
14146.490000
14133.310000
14200.670000
14223.150000
14253.610000
14307.890000
14339.140000
14347.120000
14350.740000
14352.350000
14377.930000
14426.630000
14438.480000
14463.500000
14582.340000
14589.450000
14583.350000
14588.060000
14581.850000
14572.580000
14545.770000
14578.970000
14582.380000
14517.030000
14547.090000
14529.660000
14496.010000
14500.540000
14456.970000
14427.200000
14418.620000
14420.960000
14482.440000
14440.810000
14453.060000
14431.760000
14436.110000
14472.150000
14489.000000
14472.000000
14400.880000
14444.850000
14463.760000
14462.250000
14461.780000
14468.120000
14475.370000
14458.610000
14456.630000
14492.780000
14589.910000
14545.310000
14552.620000
14545.480000
14529.690000
14526.630000
14503.090000
14493.920000
14468.680000
14607.880000
14618.460000
14617.600000
14610.790000
14615.220000
14663.940000
14673.850000
14706.220000
14709.380000
14590.690000
14568.460000
14541.120000
14532.590000
14513.260000
14500.490000
14509.000000
14578.580000
14568.250000
14602.060000
14534.520000
14532.790000
14500.810000
14500.320000
14473.740000
14457.280000
14448.700000
14446.280000
14372.490000
14383.310000
14388.350000
14383.320000
14420.730000
14317.360000
14267.010000
14267.500000
14225.790000
14121.070000
14022.770000
14007.920000
14000.330000
14038.000000
14044.930000
13942.930000
13845.640000
13793.770000
13648.840000
13561.580000
13493.100000
13493.680000
13520.540000
13510.320000
13509.970000
13472.540000
13464.890000
13569.930000
13507.370000
13429.750000
13358.440000
13359.270000
13437.960000
13455.320000
13465.460000
13366.970000
13481.350000
13510.250000
13501.490000
13467.410000
13492.150000
13508.090000
13554.520000
13566.800000
13543.990000
13443.320000
13275.900000
13157.600000
13148.750000
13144.070000
13157.420000
13126.650000
13077.980000
13083.100000
13133.740000
13205.710000
13233.470000
13219.080000
13237.700000
13218.310000
13180.370000
13161.990000
13134.160000
13210.600000
13210.280000
13184.100000
13196.870000
13202.020000
13201.050000
13217.690000
13243.050000
13265.600000
13422.420000
13439.160000
13443.770000
13410.640000
13393.830000
13331.170000
13324.120000
13334.550000
13318.170000
13070.180000
13017.210000
13034.790000
13039.990000
13061.040000
13043.330000
13125.840000
13206.110000
13185.090000
13103.200000
13031.130000
13042.430000
13109.990000
13120.310000
13094.110000
13010.950000
12979.380000
12973.340000
12968.850000
13007.270000
13003.770000
13036.790000
13057.540000
13058.030000
13084.340000
13160.710000
13152.560000
13365.200000
13378.420000
13282.070000
13246.820000
13238.030000
13214.130000
13206.400000
13201.040000
13214.770000
13358.620000
13305.680000
13327.520000
13320.400000
13324.760000
13319.140000
13358.150000
13346.120000
13289.820000
13132.360000
13084.430000
13072.990000
13034.310000
13038.910000
13085.350000
13067.210000
13068.580000
13033.250000
12795.220000
12780.990000
12737.270000
12731.030000
12663.480000
12721.390000
12704.050000
12741.660000
12811.430000
12789.680000
12843.360000
12860.970000
12858.570000
12782.780000
12794.090000
12894.380000
12889.520000
12824.240000
12919.700000
12844.440000
12881.420000
12875.940000
12877.960000
12864.400000
12849.350000
12802.550000
12808.060000
12870.240000
12822.810000
12658.600000
12682.330000
12665.430000
12579.270000
12499.520000
12543.360000
12460.800000
12668.680000
12634.040000
12574.980000
12609.870000
12590.700000
12591.320000
12627.700000
12666.410000
12625.360000
12797.270000
12827.310000
12836.620000
12805.890000
12809.440000
12833.880000
12867.710000
12848.590000
12852.000000
12855.780000
12848.660000
12874.900000
13019.130000
12966.730000
12973.790000
12969.520000
13012.580000
13015.230000
12861.760000
12907.760000
12924.090000
12934.870000
12930.320000
12916.890000
12912.010000
12867.810000
12856.550000
12763.710000
12772.970000
12766.840000
12754.480000
12766.010000
12760.540000
12826.610000
12874.430000
12905.480000
12813.540000
12824.050000
12825.040000
12807.850000
12798.790000
12851.900000
12745.880000
12754.340000
12787.550000
12788.010000
12748.080000
12697.470000
12694.510000
12648.540000
12610.500000
12568.470000
12487.770000
12537.330000
12677.230000
12764.610000
12770.730000
12729.320000
12741.960000
12763.470000
12800.260000
12850.040000
12875.670000
13025.190000
13061.720000
13062.230000
13041.550000
13055.960000
13054.840000
12985.190000
12975.170000
12959.810000
12935.300000
12899.540000
12951.340000
12982.260000
12978.860000
13032.680000
13097.090000
13351.200000
13323.690000
13399.400000
13356.190000
13374.560000
13361.840000
13273.640000
13274.580000
13244.480000
13300.150000
13295.190000
13318.640000
13223.280000
13226.990000
13260.160000
13232.120000
13289.290000
13236.300000
13239.130000
13246.980000
13261.790000
13293.500000
13321.820000
13309.050000
13307.630000
13334.560000
13367.040000
13302.500000
13297.080000
13224.660000
13251.130000
13316.870000
13319.060000
13337.060000
13317.350000
13305.380000
13291.980000
13210.320000
13189.060000
13180.280000
13197.950000
13187.150000
13125.470000
13150.690000
13121.160000
13135.730000
13141.000000
13164.060000
13147.210000
13131.490000
13151.540000
13154.230000
13195.780000
13186.470000
13204.580000
13174.410000
13239.350000
13167.700000
13154.790000
13171.950000
13184.830000
13196.050000
13259.870000
13247.910000
13289.390000
13398.480000
13401.180000
13424.080000
13445.740000
13457.000000
13453.330000
13497.760000
13515.030000
13494.490000
13545.250000
13540.150000
13547.200000
13542.730000
13570.220000
13563.570000
13525.860000
13561.630000
13548.790000
13431.400000
13423.910000
13397.730000
13380.830000
13418.160000
13419.450000
13464.610000
13484.550000
13465.130000
13439.950000
13458.840000
13492.680000
13493.030000
13489.370000
13511.750000
13524.950000
13544.890000
13595.070000
13720.550000
13711.380000
13720.570000
13792.880000
13760.830000
13736.960000
13722.500000
13700.440000
13663.750000
13685.420000
13693.340000
13663.110000
13659.020000
13677.610000
13680.400000
13631.900000
13654.650000
13617.270000
13715.570000
13667.900000
13638.640000
13680.990000
13688.110000
13725.120000
13745.590000
13733.180000
13716.910000
13674.600000
13649.130000
13641.890000
13597.650000
13580.650000
13562.500000
13582.150000
13575.230000
13570.660000
13568.220000
13579.360000
13581.440000
13568.730000
13566.060000
13697.670000
13685.390000
13684.070000
13715.560000
13763.260000
13696.160000
13699.440000
13699.090000
13728.920000
13760.510000
13735.920000
13741.570000
13714.480000
13799.950000
13790.930000
13812.930000
13806.230000
13768.310000
13786.600000
13788.970000
13795.250000
13813.050000
13857.980000
13821.220000
13818.130000
13810.100000
13805.210000
13786.210000
13814.250000
13816.110000
13816.610000
13880.340000
13947.850000
13933.760000
13905.630000
13911.850000
13887.600000
13866.270000
13896.580000
13918.300000
13930.570000
13892.510000
13861.500000
13825.350000
13788.210000
13769.590000
13710.590000
13701.890000
13647.890000
13696.220000
13690.790000
13737.530000
13775.660000
13732.850000
13738.280000
13702.460000
13690.410000
13699.120000
13660.340000
13641.050000
13643.260000
13617.800000
13622.080000
13634.560000
13645.070000
13593.580000
13557.900000
13510.290000
13339.320000
13315.650000
13351.690000
13318.890000
13286.450000
13269.300000
13240.260000
13242.580000
13277.850000
13298.260000
13281.030000
13274.970000
13238.510000
13241.880000
13262.500000
13270.340000
13214.370000
13214.480000
13196.900000
13196.710000
13187.370000
13219.940000
13220.240000
13215.830000
13236.110000
13238.610000
13364.550000
13334.780000
13312.360000
13263.440000
13299.470000
13279.750000
13279.270000
13313.040000
13310.750000
13375.020000
13317.180000
13268.680000
13242.750000
13278.870000
13290.040000
13341.540000
13235.740000
13009.100000
12855.430000
12840.480000
12816.960000
12816.350000
12836.310000
12886.540000
12912.990000
12942.460000
12899.420000
13065.540000
13103.340000
13142.310000
13148.940000
13141.510000
13154.150000
13075.740000
13018.190000
12978.010000
13020.540000
12945.670000
12918.210000
12934.390000
12954.970000
12969.110000
12983.480000
12942.480000
12881.260000
12743.050000
12714.390000
12691.320000
12687.710000
12716.150000
12715.940000
12693.400000
12678.780000
12662.150000
12796.530000
12839.760000
12823.520000
12827.360000
12815.930000
12902.000000
12966.810000
13027.950000
13051.570000
12827.580000
12712.790000
12763.490000
12777.860000
12728.960000
12753.590000
12793.230000
12790.920000
12784.030000
12896.350000
12822.770000
12884.050000
12927.790000
12886.090000
12901.200000
12913.270000
12914.250000
12918.910000
12805.460000
12866.630000
12865.140000
12831.430000
12840.350000
12825.050000
12885.410000
12907.100000
12953.990000
13008.820000
12927.660000
12929.770000
12905.310000
12893.660000
12908.950000
12811.740000
12917.960000
12947.700000
13021.980000
13120.260000
13114.160000
13098.450000
13095.290000
13121.130000
13108.520000
13120.490000
13104.220000
13265.610000
13309.570000
13321.070000
13308.920000
13311.210000
13330.700000
13441.540000
13437.350000
13405.010000
13452.820000
13464.590000
13448.810000
13499.990000
13522.150000
13564.830000
13323.310000
13283.440000
13223.160000
13191.390000
13192.820000
13174.140000
13154.750000
13124.030000
13059.650000
13057.000000
13057.600000
13062.210000
13111.380000
13109.560000
13086.280000
13068.850000
13046.180000
13018.520000
13017.170000
13052.240000
12982.020000
12815.330000
12750.170000
12762.910000
12793.720000
12785.300000
12765.370000
12757.590000
12813.540000
12765.250000
12688.530000
12709.370000
12680.430000
12657.050000
12700.870000
12715.660000
12769.730000
12855.640000
12866.700000
12936.570000
12820.430000
12762.770000
12721.880000
12731.160000
12714.090000
12713.970000
12687.970000
12688.820000
12637.600000
12656.400000
12683.370000
12685.000000
12679.490000
12700.990000
12716.610000
12753.250000
12771.780000
12720.110000
12781.560000
12750.460000
12706.390000
12700.470000
12722.680000
12708.290000
12604.880000
12574.670000
12521.250000
12499.260000
12427.470000
12379.970000
12240.410000
12289.210000
12363.310000
12332.380000
12326.100000
12352.930000
12335.180000
12342.500000
12286.780000
12292.500000
12311.360000
12343.380000
12368.490000
12314.950000
12414.090000
12391.840000
12277.710000
12326.150000
12337.610000
12352.200000
12307.490000
12293.930000
12285.270000
12056.650000
12008.180000
11988.420000
12127.500000
12047.270000
12095.310000
12126.620000
12175.120000
12198.370000
12147.310000
12042.760000
12082.470000
12064.580000
12080.030000
12041.520000
12017.760000
11962.340000
12012.460000
12124.990000
12132.330000
12114.820000
12094.530000
12026.610000
12074.160000
12096.410000
12088.790000
12137.770000
12011.100000
11973.980000
12024.470000
12055.240000
12100.650000
12141.920000
12172.090000
12225.280000
12227.870000
12452.060000
12508.660000
12577.320000
12605.030000
12583.600000
12584.440000
12598.450000
12636.560000
12673.350000
12661.880000
12622.590000
12597.180000
12592.730000
12599.730000
12562.710000
12549.470000
12533.100000
12522.140000
12643.220000
12612.930000
12553.060000
12490.460000
12509.720000
12530.960000
12533.330000
12494.750000
12486.680000
12474.580000
12463.570000
12489.920000
12487.980000
12488.370000
12497.520000
12406.560000
12344.470000
12339.450000
12287.220000
12261.250000
12340.860000
12356.550000
12369.920000
12408.090000
12410.830000
12356.760000
12306.910000
12251.920000
12226.240000
12175.760000
12177.080000
12203.720000
12258.150000
12216.970000
12198.210000
12221.650000
12215.220000
12229.770000
12292.260000
12298.620000
12272.020000
12261.440000
12226.620000
12217.280000
12210.090000
12209.810000
12242.930000
12286.080000
12283.040000
12369.300000
12365.590000
12135.470000
12243.890000
12379.240000
12587.550000
12496.950000
12445.390000
12519.960000
12535.410000
12607.700000
12676.420000
12569.490000
12510.400000
12508.090000
12506.960000
12521.200000
12559.100000
12594.790000
12617.360000
12716.810000
12711.230000
12660.620000
12842.070000
12859.120000
12811.190000
12810.390000
12849.280000
12924.710000
12931.760000
12905.800000
12852.410000
12819.110000
12776.160000
12806.290000
12806.710000
12791.420000
12765.000000
12780.010000
12796.510000
12772.100000
12695.890000
12686.210000
12670.840000
12700.360000
12707.410000
12754.050000
12756.850000
12818.340000
12784.530000
12693.070000
12599.980000
12594.800000
12602.420000
12622.530000
12603.690000
12742.450000
12775.520000
12730.900000
12929.670000
12822.250000
12851.320000
12905.230000
12973.530000
13000.690000
13020.450000
12981.460000
12947.150000
12992.480000
12983.280000
12881.270000
12857.720000
12854.150000
12833.780000
12999.090000
13027.240000
13053.240000
13111.640000
13147.480000
13140.520000
13134.970000
13128.220000
13091.160000
13110.340000
13185.260000
13203.240000
13186.950000
13179.410000
13158.020000
13123.470000
13096.950000
13184.560000
13231.340000
13259.490000
13246.570000
13128.050000
13114.520000
13145.600000
13147.010000
13153.080000
13231.270000
13230.160000
13250.660000
13249.780000
13260.460000
13272.970000
13269.080000
13290.200000
13273.210000
13286.650000
13307.090000
13305.580000
13283.940000
13419.190000
13394.100000
13426.750000
13439.120000
13435.650000
13444.070000
13425.520000
13327.200000
13340.920000
13398.640000
13362.700000
13346.360000
13345.400000
13345.490000
13320.730000
13308.570000
13307.160000
13287.130000
13194.320000
13188.560000
13169.200000
13121.060000
13122.110000
13084.270000
13131.390000
13137.950000
13137.580000
13244.810000
13305.780000
13356.690000
13389.440000
13402.340000
13456.100000
13542.350000
13527.580000
13465.570000
13533.930000
13592.080000
13599.130000
13611.300000
13584.220000
13584.700000
13565.420000
13546.240000
13536.170000
13548.500000
13582.000000
13576.680000
13591.610000
13584.690000
13608.190000
13632.770000
13682.700000
13689.610000
13677.600000
13620.900000
13608.940000
13626.090000
13631.960000
13631.020000
13635.270000
13691.120000
13684.160000
13674.830000
13667.360000
13671.180000
13688.800000
13681.900000
14111.020000
14077.390000
14151.180000
14157.250000
14263.480000
14260.890000
14231.840000
14243.350000
14228.610000
14207.370000
14238.620000
14263.530000
14259.610000
14330.900000
14290.500000
14285.100000
14287.050000
14303.900000
14319.490000
14358.900000
14431.180000
14341.560000
14374.530000
14313.960000
14312.390000
14307.280000
14336.330000
14440.780000
14405.950000
14385.880000
14378.510000
14382.620000
14324.310000
14321.880000
14272.740000
14254.110000
14285.120000
14278.490000
14233.150000
14246.520000
14384.540000
14312.190000
14281.400000
14252.250000
14244.830000
14193.280000
14220.730000
14273.300000
14267.940000
14374.370000
14427.630000
14452.040000
14448.380000
14457.760000
14444.200000
14443.110000
14409.170000
14436.320000
14407.450000
14379.880000
14379.190000
14359.170000
14360.790000
14375.310000
14421.850000
14425.950000
14399.600000
14398.570000
14485.490000
14471.710000
14427.030000
14404.950000
14402.530000
14432.560000
14450.380000
14447.060000
14445.010000
14440.410000
14434.630000
14403.610000
14425.690000
14420.280000
14440.510000
14441.160000
14446.330000
14541.880000
14551.790000
14558.750000
14567.330000
14570.710000
14542.210000
14526.020000
14541.150000
14552.600000
14554.960000
14532.640000
14571.660000
14563.480000
14550.940000
14533.410000
14538.660000
14531.050000
14550.680000
14514.730000
14462.880000
14431.500000
14426.120000
14416.270000
14415.060000
14431.570000
14437.620000
14409.370000
14429.870000
14385.790000
14415.720000
14412.590000
14424.650000
14421.570000
14390.320000
14407.350000
14403.190000
14460.840000
14487.700000
14439.360000
14416.180000
14433.170000
14425.110000
14405.430000
14399.720000
14416.350000
14563.700000
14489.160000
14485.470000
14505.400000
14527.020000
14546.530000
14534.190000
14539.360000
14497.420000
14505.150000
14530.340000
14541.640000
14534.090000
14567.280000
14584.590000
14513.090000
14544.440000
14532.880000
14507.160000
14507.140000
14481.470000
14474.210000
14465.280000
14466.210000
14468.270000
14465.360000
14482.050000
14471.500000
14470.010000
14434.210000
14420.110000
14439.280000
14423.360000
14426.900000
14372.790000
14358.800000
14346.020000
14372.350000
14298.240000
14312.130000
14290.060000
14309.090000
14322.140000
14337.120000
14341.020000
14291.490000
14279.250000
14261.740000
14228.070000
14250.570000
14268.520000
14263.080000
14298.810000
14285.150000
14330.320000
14297.190000
14348.620000
14363.400000
14385.570000
14382.500000
14365.930000
14362.950000
14370.720000
14314.080000
14348.920000
14366.390000
14360.380000
14340.530000
14333.750000
14312.610000
14307.460000
14329.180000
14370.890000
14388.030000
14432.870000
14434.470000
14449.280000
14631.890000
14675.840000
14664.070000
14504.260000
14465.910000
14443.640000
14411.200000
14432.160000
14434.360000
14434.420000
14444.140000
14458.530000
14470.740000
14363.120000
14335.900000
14304.420000
14315.990000
14304.130000
14303.490000
14191.150000
14076.170000
14056.240000
14011.260000
13911.100000
13898.300000
13883.180000
13954.500000
13940.590000
13937.570000
13917.590000
13901.150000
13998.230000
13987.830000
14001.370000
13978.740000
13982.200000
13967.000000
13977.510000
13980.540000
13954.670000
13897.600000
13912.800000
13917.900000
13919.550000
13931.290000
13907.730000
13885.220000
13916.150000
13912.670000
13983.960000
14001.070000
14005.570000
14007.410000
14009.590000
14031.210000
14043.040000
14092.690000
14099.750000
14160.870000
14146.960000
14097.480000
14085.340000
14074.430000
14059.810000
14010.980000
13928.720000
13914.070000
13963.780000
13961.710000
13989.350000
13983.780000
13955.680000
14000.680000
13926.940000
13984.370000
13958.070000
14063.140000
14034.420000
14050.290000
14056.520000
14055.130000
14059.320000
14025.080000
14016.110000
14008.220000
14014.250000
13975.410000
13995.890000
14003.130000
14018.470000
14010.160000
13993.750000
13979.110000
13934.820000
13932.460000
13961.350000
13965.360000
13972.940000
13964.420000
14012.810000
14031.110000
14064.570000
14071.720000
14008.970000
13993.060000
13997.160000
13974.040000
13960.570000
13933.190000
13923.590000
13923.590000
13923.590000
14045.030000
14064.280000
14048.140000
14076.120000
14074.540000
14058.700000
14063.130000
14060.350000
14095.910000
14208.160000
14293.870000
14281.030000
14267.170000
14183.880000
14236.740000
14286.930000
14245.280000
14252.400000
14378.080000
14371.660000
14382.360000
14426.690000
14422.580000
14465.610000
14482.150000
14473.910000
14492.780000
14464.840000
14466.550000
14483.650000
14499.030000
14497.140000
14480.780000
14446.040000
14501.600000
14459.540000
14484.550000
14418.760000
14445.790000
14449.410000
14436.960000
14518.350000
14517.040000
14577.680000
14610.230000
14659.520000
14656.660000
14673.700000
14689.910000
14724.660000
14747.570000
14781.420000
14832.890000
14825.240000
14763.570000
14725.900000
14748.430000
14726.750000
14732.360000
14757.380000
14775.680000
14790.820000
14789.550000
14833.520000
14900.340000
14925.470000
14950.530000
14937.540000
14948.550000
14948.790000
14965.470000
14947.910000
15017.800000
15046.080000
15046.800000
15087.140000
15076.620000
15091.400000
15095.030000
15085.850000
15080.160000
15079.930000
15121.620000
15129.150000
15118.760000
15098.190000
15066.150000
15109.640000
15132.370000
15112.150000
15135.200000
15119.140000
15126.610000
15137.660000
15135.740000
15153.090000
15150.320000
15141.270000
15153.190000
15172.130000
15125.790000
15130.190000
15122.720000
15130.150000
15146.930000
15155.450000
15269.710000
15187.610000
15206.140000
15191.510000
15195.490000
15206.760000
15221.620000
15242.280000
15250.360000
15240.660000
15214.980000
15134.070000
15073.710000
15063.430000
15012.210000
14947.810000
14963.900000
14989.200000
14991.610000
14967.710000
14999.680000
14992.930000
15004.580000
14995.080000
15010.940000
14998.510000
14998.810000
15021.420000
15034.430000
15145.900000
15079.170000
15063.020000
15048.270000
15061.880000
15078.230000
15052.610000
15088.620000
15122.650000
15147.450000
15119.900000
15089.020000
15076.270000
15071.310000
15066.250000
15069.630000
15096.780000
15100.560000
15114.410000
15092.120000
15037.280000
15063.830000
15045.480000
15032.780000
15058.620000
15062.670000
15085.980000
15151.540000
15125.100000
15136.390000
15130.830000
15105.670000
15124.000000
15133.340000
15151.260000
15140.620000
15164.560000
15156.640000
15176.250000
15186.490000
15165.790000
15123.630000
15140.540000
15161.130000
15150.030000
15120.010000
15112.830000
15073.340000
15048.690000
15075.740000
15096.790000
15144.500000
15161.070000
15148.250000
15103.370000
15062.540000
15043.560000
15044.430000
15069.060000
15111.650000
15100.530000
15122.500000
15136.220000
15184.740000
15147.340000
15153.760000
15156.120000
15183.430000
15203.490000
15222.340000
15218.100000
15181.430000
15433.500000
15445.710000
15420.850000
15416.970000
15387.520000
15473.300000
15488.490000
15499.810000
15520.970000
15417.540000
15419.940000
15423.380000
15428.010000
15434.280000
15448.070000
15428.550000
15476.670000
15476.430000
15406.930000
15363.440000
15317.000000
15323.470000
15355.710000
15357.900000
15370.010000
15344.490000
15356.490000
15363.250000
15358.300000
15363.410000
15342.690000
15344.030000
15338.150000
15311.400000
15313.110000
15320.880000
15452.310000
15457.700000
15469.880000
15467.320000
15442.260000
15450.770000
15486.130000
15476.340000
15430.030000
15616.220000
15626.160000
15658.560000
15654.890000
15624.320000
15606.870000
15585.640000
15554.260000
15549.850000
15487.980000
15451.500000
15382.630000
15338.140000
15315.540000
15330.110000
15356.740000
15337.570000
15314.440000
15362.140000
15378.180000
15352.730000
15353.670000
15387.300000
15387.970000
15402.120000
15409.270000
15409.140000
15442.580000
15469.130000
15459.150000
15467.280000
15469.330000
15526.280000
15482.710000
15500.770000
15451.330000
15447.000000
15467.110000
15446.510000
15450.180000
15489.850000
15472.290000
15489.160000
15508.740000
15520.390000
15634.040000
15592.250000
15617.570000
15594.350000
15594.890000
15571.990000
15492.570000
15531.760000
15543.120000
15402.120000
15419.690000
15434.090000
15395.300000
15432.410000
15440.160000
15466.220000
15514.720000
15496.020000
15532.440000
15500.300000
15495.110000
15500.060000
15485.460000
15499.680000
15500.500000
15489.070000
15486.020000
15470.520000
15444.030000
15424.410000
15427.030000
15435.580000
15434.110000
15454.750000
15442.500000
15421.040000
15383.900000
15326.120000
15311.930000
15307.160000
15373.920000
15396.290000
15398.830000
15391.020000
15408.580000
15527.060000
15486.800000
15467.130000
15480.660000
15500.740000
15505.770000
15552.770000
15542.750000
15509.480000
15530.460000
15508.900000
15486.150000
15460.610000
15403.940000
15388.610000
15333.990000
15283.480000
15276.790000
15413.610000
15438.780000
15455.560000
15452.920000
15451.050000
15481.060000
15475.130000
15457.060000
15413.230000
15360.800000
15366.910000
15396.080000
15409.020000
15435.940000
15443.170000
15428.100000
15399.500000
15402.720000
15457.040000
15448.650000
15468.910000
15478.840000
15471.580000
15459.670000
15417.350000
15415.760000
15372.360000
15253.470000
15253.160000
15240.350000
15269.680000
15260.270000
15280.610000
15310.140000
15329.290000
15329.100000
15468.040000
15474.140000
15486.990000
15500.210000
15503.600000
15522.900000
15566.350000
15569.840000
15590.440000
15651.920000
15643.100000
15630.240000
15633.610000
15632.530000
15677.930000
15670.930000
15674.140000
15665.020000
15688.770000
15706.370000
15705.900000
15695.300000
15677.270000
15673.290000
15656.460000
15621.090000
15578.710000
15585.200000
15569.280000
15598.950000
15619.410000
15607.030000
15638.360000
15622.720000
15667.210000
15654.540000
15629.700000
15623.200000
15580.330000
15593.070000
15585.070000
15603.610000
15644.180000
15667.050000
15646.480000
15400.510000
15435.930000
15431.080000
15445.270000
15453.470000
15495.870000
15483.850000
15391.960000
15427.970000
15435.810000
15146.300000
15103.850000
15128.250000
15047.400000
15044.340000
15037.190000
15058.090000
15053.640000
15073.510000
15067.100000
15046.170000
15105.880000
15210.320000
15263.370000
15272.110000
15268.210000
15253.640000
15246.170000
15159.490000
15017.520000
14861.940000
14863.450000
14867.650000
14868.060000
14852.980000
14823.450000
14990.240000
14870.240000
14859.970000
14874.390000
14843.520000
14900.680000
14951.570000
15018.310000
14999.030000
15153.110000
15106.080000
15065.720000
15024.600000
14963.520000
14832.270000
14849.470000
14782.640000
14785.400000
14715.400000
14789.800000
14880.240000
14891.250000
14918.360000
14922.590000
14943.630000
14980.430000
14951.920000
15145.640000
15178.570000
15211.770000
15203.190000
15217.470000
15241.530000
15253.100000
15217.230000
15204.480000
15229.570000
15270.200000
15296.680000
15298.490000
15291.930000
15284.040000
15295.920000
15277.430000
15230.800000
15231.610000
15217.110000
15148.810000
15148.710000
15189.560000
15198.680000
15232.720000
15244.320000
15242.170000
15135.650000
15051.670000
14930.060000
14897.280000
14939.190000
14969.290000
14958.130000
14964.250000
14984.960000
15166.260000
15108.080000
15135.170000
15175.780000
15179.290000
15166.480000
15185.350000
15159.860000
15136.780000
15261.490000
15205.130000
15184.890000
15161.320000
15171.680000
15159.360000
15138.270000
15156.250000
15146.960000
15249.300000
15247.750000
15287.300000
15282.980000
15289.880000
15289.890000
15342.270000
15334.350000
15328.950000
15504.300000
15508.610000
15505.230000
15525.750000
15536.420000
15514.670000
15499.890000
15529.620000
15535.880000
15570.800000
15568.240000
15584.410000
15599.970000
15599.390000
15619.790000
15641.300000
15659.060000
15657.560000
15657.320000
15659.350000
15656.300000
15647.030000
15636.450000
15618.990000
15614.090000
15617.120000
15581.060000
15666.530000
15682.570000
15730.090000
15736.560000
15736.390000
15729.090000
15717.290000
15698.040000
15635.520000
15627.290000
15585.020000
15570.570000
15570.460000
15575.120000
15555.530000
15546.380000
15537.920000
15520.170000
15567.060000
15586.500000
15585.180000
15578.440000
15582.860000
15590.270000
15572.100000
15599.570000
15601.490000
15726.020000
15695.920000
15705.260000
15695.960000
15679.060000
15649.080000
15658.300000
15673.310000
15662.600000
15709.720000
15733.800000
15709.400000
15722.900000
15693.350000
15827.280000
15748.540000
15722.290000
15707.850000
15754.990000
15747.600000
15721.190000
15699.770000
15718.590000
15732.310000
15725.570000
15722.000000
15730.530000
15810.730000
15806.960000
15802.380000
15796.880000
15803.910000
15818.620000
15841.470000
15835.280000
15813.320000
15903.250000
15860.340000
15837.800000
15825.060000
15817.780000
15796.680000
15791.820000
15808.550000
15798.450000
15843.870000
15835.880000
15871.350000
15892.920000
15896.650000
15916.280000
15911.900000
15891.540000
15882.670000
15864.110000
15872.530000
15866.710000
15853.040000
15860.070000
15860.770000
15874.650000
15897.990000
15908.470000
15883.310000
15790.740000
15798.120000
15780.530000
15782.900000
15760.970000
15775.170000
15810.420000
15811.140000
15802.050000
15792.920000
15782.100000
15761.770000
15756.020000
15794.910000
15838.170000
15899.620000
15881.660000
15879.230000
15879.660000
15883.530000
15887.210000
15900.400000
15902.230000
15919.110000
15910.500000
15873.260000
15862.650000
15857.240000
15854.580000
15853.000000
15867.560000
15872.240000
15876.680000
15865.680000
15891.730000
15826.020000
15799.860000
15807.690000
15796.410000
15793.970000
15790.690000
15792.860000
15777.990000
15806.060000
15820.270000
15822.980000
15835.200000
15823.740000
15819.030000
15851.070000
15859.250000
15806.280000
15800.450000
15919.470000
15834.870000
15764.520000
15777.800000
15788.840000
15831.000000
15868.850000
15908.570000
15922.380000
16011.560000
15890.590000
15900.830000
15896.810000
15896.310000
15879.960000
15867.240000
15853.270000
15739.600000
15823.070000
15828.600000
15836.860000
15849.530000
15868.880000
15860.630000
15846.110000
15837.290000
15819.380000
15787.400000
15796.710000
15759.590000
15725.790000
15701.900000
15745.140000
15752.980000
15755.650000
15750.130000
15853.460000
15866.300000
15868.700000
15874.960000
15878.150000
15882.900000
15914.780000
15944.580000
15961.540000
15984.400000
15985.460000
15980.830000
15986.560000
15995.440000
15996.160000
15977.740000
15955.400000
15956.850000
15962.620000
15955.650000
15930.600000
15917.690000
15910.610000
15902.530000
15920.650000
15935.980000
15955.930000
15980.830000
15930.000000
15927.130000
15919.320000
15920.970000
15975.180000
15984.820000
15917.990000
15896.850000
15970.540000
15961.550000
15939.110000
15923.960000
15913.740000
15893.800000
15831.450000
15811.900000
15837.700000
15921.300000
15931.360000
15938.010000
15924.030000
15915.100000
15912.620000
15911.080000
15923.460000
15922.210000
15982.100000
15948.550000
15949.410000
15960.380000
15957.510000
15944.850000
15898.260000
15904.590000
15917.240000
15968.410000
15951.950000
15944.830000
15942.090000
15949.130000
15947.100000
15935.420000
15895.900000
15908.950000
15934.640000
15957.540000
15952.810000
15955.860000
15970.510000
15978.850000
15992.770000
15954.960000
15955.570000
16154.780000
16224.870000
16202.910000
16226.300000
16230.440000
16209.140000
16169.460000
16146.800000
16177.300000
16237.730000
16277.620000
16285.420000
16266.560000
16287.140000
16293.680000
16331.140000
16331.940000
16331.140000
16267.930000
16267.530000
16263.030000
16255.070000
16234.770000
16223.740000
16228.670000
16229.790000
16231.740000
16221.040000
16224.320000
16212.290000
16213.160000
16197.060000
16182.570000
16176.180000
16182.730000
16159.810000
16013.290000
15974.180000
15977.800000
15914.180000
15897.180000
15906.380000
15881.100000
15839.460000
15842.240000
15872.600000
15815.510000
15839.040000
15845.360000
15828.060000
15860.370000
15851.830000
15834.480000
15830.820000
15856.930000
15803.940000
15787.170000
15813.020000
15852.540000
15863.030000
15936.140000
16006.210000
16008.590000
16079.730000
16039.160000
16024.720000
15987.860000
15970.200000
15960.570000
15944.640000
15954.420000
15957.730000
16004.940000
16015.370000
16055.360000
16058.430000
16057.340000
16032.800000
16029.420000
15997.190000
15948.550000
15851.870000
15870.360000
15871.700000
15852.760000
15860.880000
15852.200000
15808.480000
15763.180000
15665.010000
15813.250000
15863.410000
15858.360000
15847.920000
15843.280000
15818.200000
15777.240000
15839.820000
15855.060000
15980.910000
16000.790000
16044.130000
16051.660000
16044.980000
16029.390000
16031.300000
16047.390000
16071.320000
16114.840000
16097.540000
16067.960000
16074.410000
16078.400000
16083.870000
16080.580000
16014.870000
15965.720000
15981.720000
15993.150000
15958.980000
15949.280000
15950.020000
15967.740000
15987.260000
16001.620000
16009.280000
15998.450000
15947.970000
15942.050000
15977.640000
16011.460000
16008.130000
16020.280000
16011.060000
15965.370000
15980.340000
16000.460000
15999.340000
16019.000000
16008.950000
16015.070000
15988.480000
15995.550000
16003.980000
15998.900000
15988.520000
15992.880000
15960.640000
15975.840000
15973.450000
15980.410000
15981.660000
15977.120000
16082.210000
16118.150000
16126.300000
16081.780000
16073.860000
16083.020000
16097.150000
16092.330000
16101.430000
16223.320000
16162.440000
16153.740000
16135.890000
16126.340000
16181.490000
16206.950000
16223.840000
16232.700000
16277.420000
16305.870000
16332.670000
16332.960000
16336.270000
16324.770000
16312.640000
16321.680000
16324.190000
16291.580000
16301.730000
16266.170000
16249.960000
16213.130000
16227.420000
16251.400000
16282.040000
16299.440000
16333.680000
16361.890000
16356.190000
16339.040000
16372.850000
16427.420000
16422.660000
16390.710000
16391.340000
16302.290000
16271.160000
16278.640000
16275.980000
16254.170000
16244.980000
16242.250000
16211.960000
16203.640000
16168.520000
16158.900000
16123.460000
16114.120000
16152.240000
16184.300000
16178.360000
16163.340000
16131.430000
16141.630000
16145.040000
16141.480000
16145.290000
16106.620000
16088.480000
16056.160000
16049.630000
16054.330000
15886.920000
15923.650000
15945.570000
15930.330000
15943.970000
15955.630000
15954.800000
15988.210000
15988.160000
15917.140000
15900.080000
15901.430000
15896.610000
15878.270000
15859.930000
15815.040000
15871.890000
15858.040000
15874.900000
15803.280000
15800.310000
15796.840000
15810.450000
15820.990000
15861.080000
15848.590000
15831.890000
15895.700000
15831.000000
15806.220000
15827.900000
15825.520000
15799.960000
15802.660000
15849.180000
15856.930000
15970.260000
15985.900000
15971.840000
15991.720000
15992.750000
15981.590000
15987.380000
15994.310000
15963.010000
15974.770000
15960.640000
15958.520000
15986.190000
15998.670000
15994.350000
15967.750000
15946.970000
15946.770000
16032.510000
16076.450000
16123.170000
16138.330000
16137.630000
16148.780000
16162.040000
16176.550000
16169.420000
16209.290000
16205.490000
16197.290000
16171.710000
16157.480000
16136.120000
16125.330000
16103.730000
16086.680000
16103.950000
16103.330000
16074.740000
16067.050000
16062.790000
16063.770000
16051.500000
16053.080000
16042.490000
15982.960000
15970.560000
15964.480000
15971.430000
15969.280000
15946.750000
15951.210000
15938.050000
15937.650000
15846.250000
15809.350000
15795.980000
15770.110000
15760.090000
15742.970000
15677.800000
15631.150000
15528.540000
15525.100000
15528.990000
15574.480000
15596.100000
15616.420000
15661.410000
15617.680000
15615.600000
15610.590000
15612.180000
15657.630000
15662.140000
15667.270000
15696.720000
15722.030000
15697.220000
15704.380000
15673.160000
15755.440000
15699.940000
15740.190000
15750.010000
15765.210000
15807.660000
15802.950000
15790.140000
15798.180000
15873.510000
15913.580000
15926.620000
15933.570000
15942.940000
15991.580000
15995.220000
16044.280000
16038.570000
16063.440000
16093.250000
16128.760000
16119.510000
16125.160000
16138.370000
16182.150000
16185.110000
16161.480000
16133.820000
16124.160000
16112.810000
16109.520000
16125.030000
16142.030000
16149.120000
16135.380000
16115.340000
16091.270000
16102.510000
16062.820000
16035.440000
16031.980000
16020.640000
16056.940000
16076.370000
16074.160000
16078.800000
16097.310000
16089.960000
16083.650000
16066.780000
16064.390000
16090.810000
16127.140000
16140.200000
16240.790000
16176.110000
16174.430000
16157.430000
16161.580000
16116.670000
16140.020000
16151.560000
16126.610000
16129.100000
16175.350000
16159.540000
16163.340000
16162.000000
16156.810000
16204.580000
16207.460000
16211.430000
16160.790000
16149.520000
16155.480000
16151.130000
16137.430000
16170.030000
16170.750000
16175.370000
16181.340000
16185.500000
16187.950000
16207.670000
16208.760000
16195.260000
16168.600000
16167.510000
16182.850000
16194.060000
16183.760000
16216.430000
16224.200000
16225.890000
16215.220000
16215.740000
16214.060000
16213.580000
16211.720000
16212.910000
16174.390000
16147.870000
16116.980000
16090.190000
16074.360000
16093.760000
16114.880000
16137.890000
16219.300000
16291.740000
16287.570000
16284.920000
16319.740000
16356.920000
16408.430000
16405.000000
16408.800000
16406.470000
16378.730000
16406.550000
16400.330000
16429.390000
16457.330000
16465.940000
16464.600000
16490.130000
16470.380000
16505.590000
16528.970000
16492.980000
16499.890000
16521.140000
16512.380000
16482.000000
16481.580000
16430.660000
16373.160000
16343.370000
16331.500000
16338.140000
16310.150000
16327.270000
16329.570000
16296.080000
16076.070000
16029.440000
16038.410000
16119.340000
16140.760000
16120.850000
16103.840000
16082.990000
16024.720000
15901.430000
15915.440000
15902.300000
15920.320000
15917.730000
15889.190000
15886.610000
15893.330000
15895.250000
15954.610000
15973.960000
15938.480000
15912.640000
15855.410000
15858.970000
15908.090000
15954.060000
15956.300000
15961.480000
15962.610000
15901.300000
15899.230000
15898.610000
15939.020000
15947.070000
15953.750000
15956.030000
15939.720000
15946.570000
15894.480000
15816.860000
15750.410000
15764.060000
15793.200000
15772.200000
15776.270000
15939.320000
15983.130000
15983.780000
15967.790000
15949.570000
15937.350000
15900.610000
15906.620000
15876.030000
16013.050000
15962.760000
15946.650000
15927.720000
15949.190000
15967.820000
16027.460000
16060.270000
16006.620000
15962.450000
15920.410000
15940.400000
15951.240000
15933.750000
15899.400000
15860.120000
15861.580000
15852.830000
