0.000000
0.000000
0.000000
0.000000
0.000000
0.000000
0.000000
0.000000
0.000000
0.000000
0.000000
0.000000
0.000000
0.000000
0.000000
0.000000
0.000000
0.000000
0.000000
0.000000
0.000000
0.000000
0.000000
0.000000
0.000000
0.000000
0.000000
0.000000
0.000000
0.000000
0.000000
0.000000
0.000000
0.000000
0.000000
0.000000
0.000000
0.000000
0.000000
0.000000
0.000000
0.000000
0.000000
0.000000
0.000000
0.000000
0.000000
0.000000
0.000000
0.000000
0.000000
0.000000
0.000000
0.000000
0.000000
0.000000
0.000000
0.000000
0.000000
0.000000
0.000000
0.000000
0.000000
0.000000
0.000000
0.000000
0.000000
0.000000
0.000000
0.000000
0.000000
0.000000
0.000000
0.000000
0.000000
0.000000
0.000000
0.000000
0.000000
0.000000
0.000000
0.000000
0.000000
0.000000
0.000000
0.000000
0.000000
0.000000
0.000000
0.000000
0.000000
0.000000
0.000000
0.000000
0.000000
0.000000
0.000000
0.000000
0.000000
0.000000
0.000000
0.000000
0.000000
0.000000
0.000000
0.000000
0.000000
0.000000
0.000000
0.000000
0.000000
0.000000
0.000000
0.000000
0.000000
0.000000
0.000000
0.000000
0.000000
0.000000
0.000000
0.000000
0.000000
0.000000
0.000000
0.000000
0.000000
0.000000
0.000000
0.000000
0.000000
0.000000
0.000000
0.000000
0.000000
0.000000
0.000000
0.000000
0.000000
0.000000
0.000000
0.000000
0.000000
0.000000
0.000000
0.000000
0.000000
0.000000
0.000000
0.000000
0.000000
0.000000
0.000000
0.000000
0.000000
0.000000
0.000000
0.000000
0.000000
0.000000
0.000000
0.000000
0.000000
0.000000
0.000000
0.000000
0.000000
0.000000
0.000000
0.000000
0.000000
0.000000
0.000000
0.000000
0.000000
0.000000
0.000000
0.000000
0.000000
0.000000
0.000000
0.000000
0.000000
0.000000
0.000000
0.000000
0.000000
0.000000
0.000000
0.000000
0.000000
0.000000
0.000000
0.000000
0.000000
0.000000
0.000000
0.000000
0.000000
0.000000
0.000000
0.000000
0.000000
0.000000
0.000000
0.000000
0.000000
0.000000
0.000000
0.000000
0.000000
0.000000
0.000000
0.000000
0.000000
0.000000
0.000000
0.000000
0.000000
0.000000
0.000000
0.000000
0.000000
0.000000
0.000000
0.000000
0.000000
0.000000
0.000000
0.000000
0.000000
0.000000
0.000000
0.000000
0.000000
0.000000
0.000000
0.000000
0.000000
0.000000
0.000000
0.000000
0.000000
0.000000
0.000000
0.000000
0.000000
0.000000
0.000000
0.000000
0.000000
0.000000
0.000000
0.000000
0.000000
0.000000
0.000000
0.000000
0.000000
0.000000
0.000000
0.000000
0.000000
0.000000
0.000000
0.000000
0.000000
0.000000
0.000000
0.000000
0.000000
39.240000
35.620000
20.330000
-4.560000
-23.430000
-59.040000
-85.290000
-134.690000
-155.610000
-194.240000
-149.460000
-102.070000
-130.520000
-162.690000
-152.820000
-192.390000
-171.090000
-217.120000
-218.910000
-218.910000
-218.910000
-218.910000
-218.840000
-218.140000
-193.410000
-170.460000
128.210000
128.210000
128.210000
128.210000
128.210000
128.210000
128.210000
128.210000
128.210000
128.210000
128.210000
128.210000
128.210000
128.210000
128.210000
128.210000
128.210000
128.210000
128.210000
128.210000
128.210000
128.210000
128.210000
128.210000
128.210000
128.210000
128.210000
128.210000
128.210000
128.210000
128.210000
128.210000
128.210000
128.210000
128.210000
128.210000
128.210000
128.210000
128.210000
128.210000
128.210000
128.210000
128.210000
128.210000
128.210000
128.210000
128.210000
128.210000
128.210000
128.210000
128.210000
128.210000
128.210000
128.210000
128.210000
128.210000
128.210000
128.210000
128.210000
128.210000
128.210000
128.210000
128.210000
128.210000
128.210000
128.210000
128.210000
128.210000
128.210000
128.210000
128.210000
128.210000
128.210000
128.210000
128.210000
128.210000
128.210000
128.210000
128.210000
128.210000
128.210000
128.210000
128.210000
128.210000
128.210000
128.210000
128.210000
128.210000
128.210000
128.210000
128.210000
128.210000
128.210000
128.210000
128.210000
128.210000
128.210000
128.210000
128.210000
128.210000
128.210000
128.210000
128.210000
128.210000
128.210000
128.210000
128.210000
128.210000
128.210000
128.210000
128.210000
128.210000
128.210000
128.210000
128.210000
128.210000
128.210000
128.210000
128.210000
128.210000
128.210000
128.210000
128.210000
128.210000
128.210000
128.210000
128.210000
128.210000
128.210000
128.210000
128.210000
128.210000
128.210000
128.210000
128.210000
128.210000
128.210000
128.210000
128.210000
128.210000
128.210000
128.210000
128.210000
128.210000
128.210000
128.210000
128.210000
128.210000
128.210000
128.210000
128.210000
128.210000
128.210000
128.210000
128.210000
128.210000
128.210000
128.210000
128.210000
128.210000
128.210000
128.210000
128.210000
128.210000
128.210000
128.210000
128.210000
128.210000
128.210000
128.210000
128.210000
128.210000
128.210000
128.210000
128.210000
128.210000
128.210000
128.210000
128.210000
128.210000
128.210000
128.210000
128.210000
79.240000
47.160000
69.050000
-7.560000
-53.480000
-61.590000
-74.520000
-152.570000
-65.630000
-73.400000
-113.010000
-103.580000
-173.450000
-173.450000
-173.450000
-173.450000
-173.450000
-173.450000
-173.450000
-173.450000
-173.450000
-173.450000
-173.450000
-173.450000
-173.450000
-173.450000
-173.450000
-173.450000
-173.450000
-173.450000
-173.450000
-173.450000
-173.450000
-173.450000
-173.450000
-173.450000
-173.450000
-173.450000
-173.450000
-173.450000
-173.450000
-173.450000
-173.450000
-173.450000
-173.450000
-173.450000
-173.450000
-173.450000
-173.450000
-173.450000
-173.450000
-173.450000
-173.450000
-173.450000
-173.450000
-173.450000
-173.450000
-173.450000
-173.450000
-173.450000
-173.450000
-173.450000
-173.450000
-173.450000
-173.450000
-173.450000
-173.450000
-173.450000
-173.450000
-173.450000
-173.450000
-173.450000
-173.450000
-173.450000
-153.120000
-191.360000
-221.170000
-212.280000
-122.630000
-23.650000
-93.100000
-92.120000
-58.300000
-152.900000
-158.540000
-113.550000
-124.210000
-345.610000
-342.900000
-367.350000
-757.890000
-757.890000
-757.890000
-757.890000
-708.300000
-692.160000
-631.850000
-685.250000
-654.350000
-702.440000
-712.850000
-751.080000
-811.950000
-750.450000
-759.300000
-807.490000
-815.380000
-817.780000
-812.650000
-820.980000
-814.840000
-805.350000
-825.460000
-825.460000
-825.460000
-825.460000
-825.460000
-825.460000
-825.460000
-825.460000
-825.460000
-825.460000
-825.460000
-825.460000
-825.460000
-825.460000
-825.460000
-825.460000
-825.460000
-825.460000
-825.460000
-825.460000
-825.460000
-825.460000
-825.460000
-825.460000
-825.460000
-825.460000
-825.460000
-825.460000
-825.460000
-825.460000
-825.460000
-825.460000
-825.460000
-825.460000
-825.460000
-825.460000
-825.460000
-825.460000
-825.460000
-825.460000
-825.460000
-825.460000
-825.460000
-825.460000
-825.460000
-825.460000
-825.460000
-825.460000
-825.460000
-825.460000
-825.460000
-825.460000
-825.460000
-825.460000
-825.460000
-825.460000
-825.460000
-825.460000
-825.460000
-825.460000
-825.460000
-825.460000
-825.460000
-825.460000
-825.460000
-825.460000
-825.460000
-825.460000
-825.460000
-825.460000
-825.460000
-825.460000
-825.460000
-825.460000
-825.460000
-825.460000
-825.460000
-825.460000
-825.460000
-825.460000
-825.460000
-825.460000
-825.460000
-825.460000
-825.460000
-825.460000
-825.460000
-825.460000
-825.460000
-825.460000
-825.460000
-825.460000
-825.460000
-825.460000
-825.460000
-825.460000
-825.460000
-825.460000
-825.460000
-825.460000
-825.460000
-825.460000
-825.460000
-825.460000
-825.460000
-825.460000
-825.460000
-825.460000
-825.460000
-825.460000
-834.870000
-856.440000
-879.500000
-858.200000
-893.410000
-927.480000
-908.250000
-875.560000
-780.940000
-904.260000
-882.700000
-919.510000
-907.550000
-891.790000
-899.510000
-889.380000
-879.830000
-872.080000
-815.660000
-815.660000
-815.660000
-815.660000
-815.660000
-815.660000
-815.660000
-815.660000
-815.660000
-815.660000
-815.660000
-815.660000
-815.660000
-815.660000
-815.660000
-815.660000
-815.660000
-815.660000
-815.660000
-815.660000
-815.660000
-815.660000
-815.660000
-815.660000
-815.660000
-815.660000
-815.660000
-815.660000
-815.660000
-814.290000
-781.650000
-806.400000
-802.670000
-788.310000
-785.510000
-778.010000
-781.130000
-797.790000
-800.690000
-839.350000
-816.760000
-800.250000
-785.430000
-767.780000
-770.520000
-631.070000
-645.960000
-631.470000
-631.470000
-631.470000
-631.470000
-631.470000
-631.470000
-631.470000
-631.470000
-631.470000
-631.470000
-631.470000
-631.470000
-631.470000
-631.470000
-631.470000
-631.470000
-631.470000
-631.470000
-631.470000
-631.470000
-631.470000
-631.470000
-631.470000
-631.470000
-631.470000
-631.470000
-631.470000
-631.470000
-631.470000
-631.470000
-631.470000
-631.470000
-631.470000
-631.470000
-631.470000
-631.470000
-631.470000
-631.470000
-631.470000
-631.470000
-631.470000
-631.470000
-631.470000
-631.470000
-631.470000
-631.470000
-631.470000
-631.470000
-631.470000
-631.470000
-631.470000
-631.470000
-631.470000
-631.470000
-631.470000
-631.470000
-631.470000
-631.470000
-631.470000
-631.470000
-631.470000
-631.470000
-631.470000
-631.470000
-631.470000
-631.470000
-631.470000
-631.470000
-631.470000
-631.470000
-631.470000
-631.470000
-631.470000
-631.470000
-631.470000
-631.470000
-631.470000
-631.470000
-631.470000
-631.470000
-631.470000
-631.470000
-631.470000
-631.470000
-631.470000
-631.470000
-631.470000
-631.470000
-631.470000
-631.470000
-631.470000
-631.470000
-631.470000
-631.470000
-631.470000
-631.470000
-631.470000
-631.470000
-631.470000
-631.470000
-631.470000
-631.470000
-631.470000
-631.470000
-631.470000
-631.470000
-631.470000
-631.470000
-631.470000
-631.470000
-631.470000
-631.470000
-631.470000
-631.470000
-631.470000
-631.470000
-631.470000
-631.470000
-631.470000
-631.470000
-631.470000
-631.470000
-631.470000
-631.470000
-631.470000
-631.470000
-631.470000
-631.470000
-631.470000
-631.470000
-631.470000
-631.470000
-631.470000
-631.470000
-631.470000
-631.470000
-631.470000
-631.470000
-631.470000
-631.470000
-631.470000
-631.470000
-631.470000
-631.470000
-631.470000
-631.470000
-631.470000
-631.470000
-631.470000
-631.470000
-631.470000
-631.470000
-631.470000
-631.470000
-633.610000
-641.090000
-631.860000
-680.840000
-691.540000
-659.460000
-789.210000
-764.460000
-762.990000
-757.890000
-752.210000
-743.440000
-752.600000
-733.460000
-740.750000
-637.470000
-644.950000
-674.370000
-654.830000
-654.830000
-654.830000
-654.830000
-654.830000
-654.830000
-654.830000
-654.830000
-654.830000
-654.830000
-654.830000
-654.830000
-654.830000
-654.830000
-654.830000
-654.830000
-654.830000
-654.830000
-654.830000
-654.830000
-654.830000
-654.830000
-654.830000
-654.830000
-654.830000
-654.830000
-654.830000
-654.830000
-654.830000
-654.830000
-654.830000
-654.830000
-654.830000
-654.830000
-654.830000
-654.830000
-654.830000
-654.830000
-654.830000
-654.830000
-654.830000
-654.830000
-654.830000
-654.830000
-654.830000
-654.830000
-654.830000
-654.830000
-654.830000
-654.830000
-654.830000
-654.830000
-654.830000
-654.830000
-654.830000
-654.830000
-654.830000
-654.830000
-654.830000
-654.830000
-654.830000
-654.830000
-654.830000
-654.830000
-651.360000
-692.290000
-697.520000
-689.140000
-691.810000
-723.650000
-736.480000
-752.120000
-765.400000
-730.780000
-703.180000
-671.450000
-701.960000
-677.110000
-599.000000
-549.570000
-564.210000
-558.210000
-558.210000
-558.210000
-558.210000
-558.210000
-558.210000
-558.210000
-558.210000
-558.210000
-558.210000
-558.210000
-558.210000
-558.210000
-558.210000
-558.210000
-558.210000
-558.210000
-558.210000
-558.210000
-558.210000
-558.210000
-558.210000
-558.210000
-558.210000
-558.210000
-558.210000
-558.210000
-558.210000
-558.210000
-558.210000
-558.210000
-558.210000
-585.940000
-839.090000
-802.330000
-721.570000
-661.490000
-679.880000
-592.950000
-600.800000
-557.620000
-540.470000
-676.870000
-675.700000
-670.260000
-642.640000
-678.700000
-684.370000
-685.810000
-653.670000
-773.530000
-773.530000
-773.530000
-773.530000
-773.530000
-773.530000
-773.530000
-773.530000
-773.530000
-773.530000
-773.530000
-773.530000
-773.530000
-773.530000
-773.530000
-773.530000
-773.530000
-773.530000
-773.530000
-773.530000
-773.530000
-773.530000
-773.530000
-773.530000
-773.530000
-773.530000
-773.530000
-773.530000
-773.530000
-773.530000
-773.530000
-773.530000
-773.530000
-773.530000
-773.530000
-773.530000
-773.530000
-773.530000
-773.530000
-773.530000
-773.530000
-773.530000
-773.530000
-773.530000
-773.530000
-773.530000
-773.530000
-773.530000
-773.530000
-773.530000
-773.530000
-773.530000
-773.530000
-773.530000
-773.530000
-773.530000
-773.530000
-773.530000
-773.530000
-773.530000
-773.530000
-773.530000
-773.530000
-773.530000
-773.530000
-773.530000
-773.530000
-773.530000
-773.530000
-773.530000
-773.530000
-773.530000
-773.530000
-773.530000
-773.530000
-773.530000
-773.530000
-773.530000
-773.530000
-773.530000
-773.530000
-773.530000
-773.530000
-773.530000
-773.530000
-773.530000
-773.530000
-773.530000
-773.530000
-773.530000
-773.530000
-773.530000
-773.530000
-773.530000
-773.530000
-773.530000
-773.530000
-773.530000
-773.530000
-773.530000
-773.530000
-773.530000
-773.530000
-773.530000
-773.530000
-773.530000
-773.530000
-773.530000
-773.530000
-773.530000
-773.530000
-773.530000
-773.530000
-773.530000
-773.530000
-773.530000
-773.530000
-773.530000
-773.530000
-773.530000
-773.530000
-773.530000
-773.530000
-773.530000
-773.530000
-773.530000
-773.530000
-773.530000
-773.530000
-773.530000
-773.530000
-773.530000
-773.530000
-773.530000
-773.530000
-773.530000
-773.530000
-773.530000
-773.530000
-773.530000
-773.530000
-773.530000
-773.530000
-773.530000
-773.530000
-773.530000
-773.530000
-773.530000
-773.530000
-773.530000
-773.530000
-773.530000
-773.530000
-773.530000
-773.530000
-773.530000
-773.530000
-773.530000
-773.530000
-773.530000
-773.530000
-773.530000
-773.530000
-773.530000
-773.530000
-773.530000
-773.530000
-782.910000
-819.400000
-795.580000
-768.040000
-717.580000
-694.230000
-691.770000
-665.860000
-624.370000
-616.330000
-660.660000
-660.660000
-660.660000
-660.660000
-660.660000
-660.660000
-660.660000
-660.660000
-660.660000
-660.660000
-660.660000
-660.660000
-660.660000
-660.660000
-660.660000
-660.660000
-660.660000
-660.660000
-660.660000
-660.660000
-660.660000
-660.660000
-660.660000
-660.660000
-660.660000
-660.660000
-660.660000
-660.660000
-660.660000
-660.660000
-660.660000
-660.660000
-660.660000
-660.660000
-660.660000
-660.660000
-660.660000
-660.660000
-660.660000
-660.660000
-660.660000
-660.660000
-660.660000
-660.660000
-660.660000
-660.660000
-660.660000
-660.660000
-660.660000
-660.660000
-660.660000
-660.660000
-660.660000
-660.660000
-660.660000
-660.660000
-660.660000
-660.660000
-660.660000
-660.660000
-660.660000
-660.660000
-660.660000
-660.660000
-660.660000
-660.660000
-660.660000
-660.660000
-660.660000
-660.660000
-656.650000
-675.050000
-711.980000
-722.980000
-716.670000
-718.800000
-709.960000
-703.260000
-718.840000
-703.910000
-751.630000
-742.500000
-747.780000
-744.650000
-747.940000
-662.280000
-661.780000
-667.270000
-641.980000
-641.980000
-641.980000
-641.980000
-641.980000
-648.100000
-688.390000
-683.710000
-670.160000
-659.200000
-651.790000
-672.700000
-647.990000
-591.290000
-607.130000
-667.110000
-685.920000
-695.480000
-697.330000
-695.160000
-725.960000
-717.230000
-718.980000
-703.290000
-703.290000
-703.290000
-703.290000
-703.290000
-703.290000
-703.290000
-703.290000
-703.290000
-703.290000
-703.290000
-703.290000
-703.290000
-703.290000
-703.290000
-703.290000
-703.290000
-703.290000
-703.290000
-703.290000
-703.290000
-703.290000
-703.290000
-703.290000
-703.290000
-703.290000
-703.290000
-703.290000
-703.290000
-703.290000
-703.290000
-703.290000
-703.290000
-703.290000
-703.290000
-703.290000
-703.290000
-703.290000
-703.290000
-703.290000
-703.290000
-703.290000
-703.290000
-703.290000
-703.290000
-703.290000
-703.290000
-703.290000
-703.290000
-703.290000
-703.290000
-703.290000
-703.290000
-703.290000
-703.290000
-703.290000
-703.290000
-703.290000
-703.290000
-703.290000
-703.290000
-703.290000
-703.290000
-703.290000
-703.290000
-703.290000
-703.290000
-703.290000
-703.290000
-703.290000
-703.290000
-703.290000
-703.290000
-703.290000
-703.290000
-703.290000
-703.290000
-703.290000
-703.290000
-703.290000
-703.290000
-703.290000
-703.290000
-703.290000
-704.660000
-710.800000
-705.780000
-715.410000
-757.980000
-803.140000
-804.680000
-800.600000
-796.250000
-795.710000
-810.960000
-799.020000
-783.800000
-781.540000
-804.450000
-804.410000
-889.040000
-885.850000
-855.430000
-828.090000
-853.940000
-873.760000
-864.530000
-880.820000
-888.030000
-1037.170000
-1036.150000
-1026.600000
-1054.530000
-1062.750000
-1027.390000
-1025.210000
-1024.880000
-993.540000
-1002.280000
-992.860000
-983.870000
-983.870000
-983.870000
-983.870000
-983.870000
-983.870000
-983.870000
-983.870000
-983.870000
-983.870000
-983.870000
-983.870000
-983.870000
-983.870000
-983.870000
-983.870000
-983.870000
-983.870000
-983.870000
-983.870000
-983.870000
-983.870000
-981.370000
-994.780000
-1004.400000
-989.330000
-1008.440000
-1019.750000
-1017.350000
-1022.810000
-1021.740000
-1022.580000
-1011.640000
-985.240000
-1027.060000
-1029.190000
-1047.950000
-1005.220000
-996.590000
-1030.330000
-1026.650000
-1026.650000
-1026.650000
-1026.650000
-1026.650000
-1026.650000
-1026.650000
-1026.650000
-1026.650000
-1026.650000
-1026.650000
-1026.650000
-1026.650000
-1026.650000
-1026.650000
-1026.650000
-1026.650000
-1026.650000
-1026.650000
-1026.650000
-1026.650000
-1105.510000
-1128.220000
-1169.460000
-1145.100000
-1190.240000
-1196.600000
-1192.460000
-1221.900000
-1231.070000
-1233.930000
-1229.340000
-1167.140000
-1164.120000
-1191.920000
-1190.200000
-1165.880000
-1081.220000
-1050.080000
-1003.880000
-974.270000
-903.390000
-919.750000
-883.570000
-881.570000
-881.570000
-881.570000
-881.570000
-881.570000
-881.570000
-881.570000
-881.570000
-881.570000
-881.570000
-881.570000
-881.570000
-881.570000
-881.570000
-881.570000
-881.570000
-881.570000
-881.570000
-881.570000
-881.570000
-881.570000
-881.570000
-881.570000
-881.570000
-881.570000
-881.570000
-881.570000
-881.570000
-881.570000
-881.570000
-881.570000
-881.570000
-881.570000
-881.570000
-881.570000
-881.570000
-881.570000
-881.570000
-881.570000
-881.570000
-881.570000
-881.570000
-881.570000
-881.570000
-881.570000
-881.570000
-881.570000
-881.570000
-881.570000
-881.570000
-881.570000
-881.570000
-881.570000
-881.570000
-881.570000
-881.570000
-881.570000
-881.570000
-881.570000
-881.570000
-881.570000
-881.570000
-881.570000
-881.570000
-881.570000
-881.570000
-881.570000
-881.570000
-881.570000
-881.570000
-881.570000
-881.570000
-881.570000
-881.570000
-881.570000
-881.570000
-881.570000
-881.570000
-881.570000
-881.570000
-881.570000
-881.570000
-881.570000
-881.570000
-881.570000
-881.570000
-881.570000
-881.570000
-881.570000
-881.570000
-881.570000
-881.570000
-881.570000
-881.570000
-881.570000
-881.570000
-881.570000
-881.570000
-881.570000
-881.570000
-881.570000
-881.570000
-881.570000
-881.570000
-881.570000
-881.570000
-881.570000
-881.570000
-881.570000
-881.570000
-881.570000
-881.570000
-881.570000
-881.570000
-881.570000
-881.570000
-881.570000
-881.570000
-881.570000
-881.570000
-881.570000
-881.570000
-881.570000
-881.570000
-881.570000
-881.570000
-881.570000
-881.570000
-881.570000
-881.570000
-881.570000
-881.570000
-881.570000
-881.570000
-881.570000
-881.570000
-881.570000
-881.570000
-881.570000
-881.570000
-881.570000
-881.570000
-881.570000
-881.570000
-881.570000
-881.570000
-881.570000
-881.570000
-881.570000
-881.570000
-881.570000
-881.570000
-881.570000
-881.570000
-881.570000
-881.570000
-881.570000
-881.570000
-881.570000
-881.570000
-881.570000
-881.570000
-881.570000
-881.570000
-881.570000
-881.570000
-881.570000
-881.570000
-881.570000
-881.570000
-881.570000
-881.570000
-881.570000
-881.570000
-881.570000
-881.570000
-881.570000
-881.570000
-881.570000
-881.570000
-881.570000
-881.570000
-881.570000
-881.570000
-881.570000
-881.570000
-881.570000
-881.570000
-881.570000
-881.570000
-881.570000
-881.570000
-881.570000
-881.570000
-881.570000
-881.570000
-881.570000
-881.570000
-881.570000
-881.570000
-881.570000
-881.570000
-881.570000
-881.570000
-881.570000
-881.570000
-881.570000
-881.570000
-881.570000
-881.570000
-881.570000
-881.570000
-881.570000
-881.570000
-881.570000
-881.570000
-881.570000
-881.570000
-881.570000
-881.570000
-881.570000
-881.570000
-881.570000
-881.570000
-881.570000
-881.570000
-881.570000
-881.570000
-881.570000
-881.570000
-881.570000
-881.570000
-881.570000
-881.570000
-881.570000
-881.570000
-881.570000
-881.570000
-881.570000
-881.570000
-881.570000
-881.570000
-881.570000
-881.570000
-881.570000
-881.570000
-881.570000
-881.570000
-881.570000
-881.570000
-881.570000
-881.570000
-881.570000
-881.570000
-881.570000
-881.570000
-881.570000
-881.570000
-881.570000
-881.570000
-881.570000
-881.570000
-881.570000
-881.570000
-881.570000
-881.570000
-881.570000
-881.570000
-881.570000
-881.570000
-881.570000
-881.570000
-881.570000
-881.570000
-881.570000
-881.570000
-881.570000
-881.570000
-881.570000
-881.570000
-881.570000
-881.570000
-881.570000
-881.570000
-881.570000
-881.570000
-881.570000
-881.570000
-881.570000
-881.570000
-881.570000
-881.570000
-881.570000
-881.570000
-881.570000
-881.570000
-881.570000
-881.570000
-881.570000
-881.570000
-881.570000
-881.570000
-881.570000
-881.570000
-881.570000
-881.570000
-881.570000
-881.570000
-881.570000
-881.570000
-881.570000
-881.570000
-881.570000
-881.570000
-881.570000
-881.570000
-881.570000
-881.570000
-881.570000
-881.570000
-881.570000
-881.570000
-881.570000
-881.570000
-881.570000
-881.570000
-881.570000
-881.570000
-881.570000
-881.570000
-881.570000
-881.570000
-881.570000
-881.570000
-881.570000
-881.570000
-881.570000
-881.570000
-881.570000
-881.570000
-881.570000
-881.570000
-881.570000
-881.570000
-881.570000
-881.570000
-881.570000
-881.570000
-881.570000
-881.570000
-881.570000
-881.570000
-881.570000
-881.570000
-881.570000
-881.570000
-881.570000
-881.570000
-881.570000
-881.570000
-881.570000
-881.570000
-881.570000
-881.570000
-881.570000
-881.570000
-881.570000
-881.570000
-881.570000
-881.570000
-881.570000
-881.570000
-881.570000
-881.570000
-881.570000
-881.570000
-881.570000
-881.570000
-881.570000
-881.570000
-881.570000
-881.570000
-881.570000
-881.570000
-881.570000
-881.570000
-881.570000
-881.570000
-881.570000
-881.570000
-881.570000
-881.570000
-881.570000
-881.570000
-881.570000
-881.570000
-881.570000
-881.570000
-881.570000
-881.570000
-881.570000
-881.570000
-881.570000
-881.570000
-881.570000
-881.570000
-881.570000
-881.570000
-881.570000
-881.570000
-814.500000
-819.630000
-829.260000
-823.130000
-818.620000
-808.060000
-802.070000
-798.420000
-819.910000
-830.450000
-813.720000
-822.090000
-817.120000
-813.680000
-827.890000
-794.880000
-779.680000
-783.170000
-799.870000
-799.870000
-799.870000
-799.870000
-799.870000
-799.870000
-799.870000
-799.870000
-799.870000
-799.870000
-799.870000
-799.870000
-799.870000
-849.140000
-850.570000
-815.620000
-799.330000
-761.750000
-618.800000
-606.430000
-606.430000
-606.430000
-606.430000
-606.430000
-606.430000
-606.430000
-606.430000
-606.430000
-606.430000
-606.430000
-606.430000
-606.430000
-606.430000
-606.430000
-606.430000
-606.430000
-606.430000
-606.430000
-606.430000
-606.430000
-606.430000
-606.430000
-606.430000
-606.430000
-606.430000
-606.430000
-606.430000
-606.430000
-606.430000
-606.430000
-606.430000
-606.430000
-606.430000
-606.430000
-606.430000
-606.430000
-606.430000
-606.430000
-606.430000
-606.430000
-606.430000
-606.430000
-606.430000
-606.430000
-606.430000
-606.430000
-606.430000
-606.430000
-606.430000
-606.430000
-606.430000
-606.430000
-606.430000
-606.430000
-606.430000
-606.430000
-606.430000
-606.430000
-606.430000
-606.430000
-606.430000
-606.430000
-606.430000
-606.430000
-606.430000
-606.430000
-606.430000
-606.430000
-606.430000
-606.430000
-606.430000
-606.430000
-606.430000
-606.430000
-606.430000
-606.430000
-606.430000
-606.430000
-606.430000
-606.430000
-606.430000
-606.430000
-606.430000
-606.430000
-606.430000
-606.430000
-606.430000
-606.430000
-606.430000
-606.430000
-606.430000
-606.430000
-606.430000
-606.430000
-606.430000
-606.430000
-606.430000
-606.430000
-606.430000
-606.430000
-606.430000
-606.430000
-606.430000
-606.430000
-606.430000
-606.430000
-606.430000
-606.430000
-606.430000
-606.430000
-606.430000
-606.430000
-606.430000
-606.430000
-811.990000
-892.170000
-883.230000
-919.950000
-989.680000
-989.680000
-989.680000
-989.680000
-989.680000
-989.680000
-989.680000
-989.680000
-989.680000
-989.680000
-989.680000
-989.680000
-989.680000
-989.680000
-989.680000
-989.680000
-989.680000
-989.680000
-989.680000
-989.680000
-989.680000
-989.680000
-989.680000
-989.680000
-989.680000
-989.680000
-989.680000
-989.680000
-989.680000
-989.680000
-989.680000
-989.680000
-989.680000
-989.680000
-989.680000
-989.680000
-989.680000
-989.680000
-989.680000
-989.680000
-989.680000
-989.680000
-989.680000
-989.680000
-989.680000
-989.680000
-989.680000
-989.680000
-989.680000
-989.680000
-989.680000
-989.680000
-989.680000
-989.680000
-989.680000
-989.680000
-989.680000
-989.680000
-989.680000
-989.680000
-989.680000
-989.680000
-989.680000
-989.680000
-989.680000
-989.680000
-989.680000
-989.680000
-989.680000
-989.680000
-989.680000
-989.680000
-989.680000
-989.680000
-989.680000
-989.680000
-989.680000
-989.680000
-989.680000
-989.680000
-989.680000
-989.680000
-989.680000
-989.680000
-989.680000
-989.680000
-989.680000
-989.680000
-989.680000
-989.680000
-989.680000
-989.680000
-989.680000
-989.680000
-989.680000
-989.680000
-989.680000
-989.680000
-989.680000
-989.680000
-989.680000
-989.680000
-989.680000
-989.680000
-989.680000
-989.680000
-989.680000
-989.680000
-989.680000
-989.680000
-989.680000
-989.680000
-989.680000
-989.680000
-989.680000
-989.680000
-969.340000
-974.060000
-989.560000
-1009.650000
-1010.250000
-1017.700000
-1029.610000
-1039.640000
-1049.810000
-1040.390000
-1036.550000
-1060.230000
-1051.390000
-1046.070000
-1034.480000
-1031.300000
-1024.850000
-1008.760000
-1006.840000
-1006.840000
-1006.840000
-1006.840000
-1006.840000
-1006.840000
-1006.840000
-1006.840000
-1006.840000
-1006.840000
-1006.840000
-1006.840000
-1006.840000
-1006.840000
-1006.840000
-1006.840000
-1006.840000
-1006.840000
-1006.840000
-1006.840000
-1006.840000
-1006.840000
-1006.840000
-1006.840000
-1006.840000
-1006.840000
-1006.840000
-1006.840000
-1006.840000
-1006.840000
-1006.840000
-1006.840000
-1006.840000
-1006.840000
-1006.840000
-1006.840000
-1006.840000
-1006.840000
-1006.840000
-1006.840000
-1006.840000
-1006.840000
-1006.840000
-1006.840000
-1006.840000
-1006.840000
-1006.840000
-1006.840000
-1006.840000
-1006.840000
-1006.840000
-1006.840000
-1006.840000
-1006.840000
-1006.840000
-1006.840000
-1006.840000
-1006.840000
-1006.840000
-1006.840000
-1006.840000
-1006.840000
-1006.840000
-1006.840000
-1006.840000
-1006.840000
-1006.840000
-1006.840000
-1006.840000
-1006.840000
-1006.840000
-1006.840000
-1021.950000
-1042.660000
-1067.760000
-968.260000
-929.030000
-936.580000
-1021.010000
-989.840000
-1009.010000
-1011.550000
-1009.190000
-981.240000
-926.150000
-907.830000
-894.350000
-865.840000
-875.240000
-862.760000
-853.430000
-853.430000
-853.430000
-853.430000
-853.430000
-853.430000
-853.430000
-853.430000
-853.430000
-853.430000
-853.430000
-853.430000
-853.430000
-853.430000
-853.430000
-853.430000
-853.430000
-853.430000
-853.430000
-853.430000
-853.430000
-853.430000
-853.430000
-853.430000
-853.430000
-853.430000
-853.430000
-853.430000
-853.430000
-853.430000
-853.430000
-853.430000
-853.430000
-853.430000
-853.430000
-853.430000
-853.430000
-853.430000
-853.430000
-853.430000
-853.430000
-853.430000
-853.430000
-853.430000
-853.430000
-853.430000
-853.430000
-853.430000
-853.430000
-853.430000
-853.430000
-853.430000
-853.430000
-853.430000
-853.430000
-853.430000
-853.430000
-853.430000
-853.430000
-853.430000
-853.430000
-853.430000
-853.430000
-853.430000
-853.430000
-853.430000
-853.430000
-853.430000
-853.430000
-853.430000
-853.430000
-853.430000
-853.430000
-853.430000
-853.430000
-853.430000
-853.430000
-853.430000
-853.430000
-853.430000
-853.430000
-853.430000
-853.430000
-853.430000
-853.430000
-853.430000
-853.430000
-853.430000
-853.430000
-853.430000
-853.430000
-853.430000
-853.430000
-853.430000
-853.430000
-853.430000
-853.430000
-853.430000
-853.430000
-853.430000
-853.430000
-853.430000
-853.430000
-853.430000
-853.430000
-853.430000
-853.430000
-853.430000
-853.430000
-853.430000
-853.430000
-853.430000
-853.430000
-853.430000
-853.430000
-853.430000
-853.430000
-853.430000
-853.430000
-853.430000
-853.430000
-853.430000
-853.430000
-853.430000
-853.430000
-853.430000
-853.430000
-853.430000
-853.430000
-853.430000
-853.430000
-853.430000
-853.430000
-853.430000
-853.430000
-853.430000
-853.430000
-853.430000
-853.430000
-853.430000
-853.430000
-853.430000
-853.430000
-853.430000
-853.430000
-853.430000
-853.430000
-853.430000
-853.430000
-853.430000
-853.430000
-853.430000
-853.430000
-853.430000
-853.430000
-853.430000
-853.430000
-853.430000
-853.430000
-853.430000
-853.430000
-853.430000
-853.430000
-853.430000
-853.430000
-853.430000
-853.430000
-853.430000
-853.430000
-853.430000
-853.430000
-853.430000
-853.430000
-853.430000
-853.430000
-853.430000
-853.430000
-853.430000
-853.430000
-853.430000
-853.430000
-853.430000
-853.430000
-853.430000
-853.430000
-853.430000
-853.430000
-853.430000
-853.430000
-853.430000
-853.430000
-853.430000
-853.430000
-853.430000
-853.430000
-853.430000
-853.430000
-853.430000
-853.430000
-853.430000
-853.430000
-853.430000
-853.430000
-853.430000
-853.430000
-853.430000
-853.430000
-853.430000
-853.430000
-853.430000
-853.430000
-853.430000
-853.430000
-853.430000
-853.430000
-853.430000
-853.430000
-853.430000
-853.430000
-853.430000
-853.430000
-853.430000
-853.430000
-853.430000
-853.430000
-853.430000
-853.430000
-853.430000
-853.430000
-853.430000
-853.430000
-853.430000
-853.430000
-853.430000
-853.430000
-853.430000
-853.430000
-853.430000
-853.430000
-853.430000
-853.430000
-853.430000
-853.430000
-853.430000
-853.430000
-853.430000
-853.430000
-853.430000
-853.430000
-853.430000
-853.430000
-853.430000
-853.430000
-853.430000
-853.430000
-853.430000
-853.430000
-853.430000
-853.430000
-853.430000
-853.430000
-853.430000
-853.430000
-853.430000
-853.430000
-853.430000
-853.430000
-853.430000
-853.430000
-853.430000
-853.430000
-853.430000
-853.430000
-853.430000
-853.430000
-853.430000
-853.430000
-853.430000
-853.430000
-853.430000
-853.430000
-853.430000
-853.430000
-853.430000
-853.430000
-853.430000
-853.430000
-853.430000
-853.430000
-853.430000
-853.430000
-853.430000
-853.430000
-853.430000
-853.430000
-853.430000
-853.430000
-853.430000
-853.430000
-853.430000
-853.430000
-853.430000
-853.430000
-853.430000
-853.430000
-853.430000
-853.430000
-853.430000
-853.430000
-853.430000
-853.430000
-853.430000
-853.430000
-853.430000
-853.430000
-853.430000
-853.430000
-853.430000
-853.430000
-853.430000
-853.430000
-853.430000
-853.430000
-853.430000
-853.430000
-853.430000
-853.430000
-853.430000
-853.430000
-853.430000
-853.430000
-853.430000
-853.430000
-853.430000
-853.430000
-853.430000
-853.430000
-853.430000
-853.430000
-853.430000
-853.430000
-853.430000
-853.430000
-863.650000
-901.870000
-907.050000
-922.890000
-934.670000
-946.290000
-964.740000
-987.240000
-969.480000
-991.630000
-1035.590000
-1058.300000
-1045.480000
-1059.310000
-990.720000
-983.380000
-976.330000
-962.800000
-960.310000
-960.310000
-960.310000
-960.310000
-960.310000
-960.310000
-960.310000
-960.310000
-960.310000
-960.310000
-960.310000
-960.310000
-960.310000
-960.310000
-960.310000
-960.310000
-960.310000
-960.310000
-960.310000
-960.310000
-960.310000
-960.310000
-960.310000
-960.310000
-960.310000
-960.310000
-960.310000
-960.310000
-960.310000
-960.310000
-960.310000
-960.310000
-960.310000
-960.310000
-960.310000
-960.310000
-960.310000
-960.310000
-960.310000
-960.310000
-960.310000
-960.310000
-960.310000
-960.310000
-960.310000
-960.310000
-960.310000
-960.310000
-960.310000
-960.310000
-960.310000
-960.310000
-960.310000
-960.310000
-960.310000
-960.310000
-960.310000
-960.310000
-960.310000
-960.310000
-960.310000
-960.310000
-960.310000
-960.310000
-960.310000
-960.310000
-960.310000
-960.310000
-960.310000
-960.310000
-960.310000
-960.310000
-960.310000
-960.310000
-960.310000
-960.310000
-960.310000
-960.310000
-960.310000
-960.310000
-960.310000
-960.310000
-960.310000
-960.310000
-960.310000
-960.310000
-960.310000
-960.310000
-960.310000
-960.310000
-960.310000
-960.310000
-960.310000
-960.310000
-960.310000
-960.310000
-960.310000
-960.310000
-960.310000
-960.310000
-960.310000
-960.310000
-960.310000
-960.310000
-960.310000
-960.310000
-960.310000
-960.310000
-960.310000
-960.310000
-960.310000
-960.310000
-960.310000
-960.310000
-960.310000
-960.310000
-960.310000
-962.130000
-974.720000
-969.970000
-963.220000
-953.480000
-942.340000
-978.330000
-979.580000
-969.380000
-997.830000
-998.410000
-997.410000
-963.260000
-978.190000
-976.630000
-959.920000
-957.570000
-942.980000
-949.740000
-949.740000
-949.740000
-949.740000
-949.740000
-949.740000
-949.740000
-949.740000
-959.390000
-951.560000
-953.520000
-904.750000
-924.850000
-911.160000
-890.300000
-910.710000
-890.830000
-881.380000
-895.650000
-899.290000
-930.340000
-934.620000
-938.520000
-921.400000
-963.350000
-955.740000
-955.430000
-955.430000
-955.430000
-955.430000
-955.430000
-955.430000
-955.430000
-955.430000
-955.430000
-955.430000
-955.430000
-955.770000
-940.350000
-943.730000
-947.960000
-952.790000
-973.370000
-976.870000
-967.630000
-984.580000
-983.520000
-972.780000
-975.850000
-1002.530000
-1013.550000
-1048.520000
-1047.380000
-1084.490000
-1075.530000
-1080.800000
-1080.800000
-1080.800000
-1080.800000
-1080.800000
-1080.800000
-1080.800000
-1080.800000
-1080.800000
-1080.800000
-1080.800000
-1080.800000
-1080.800000
-1080.800000
-1080.800000
-1080.800000
-1080.800000
-1080.800000
-1080.800000
-1080.800000
-1080.800000
-1080.800000
-1080.800000
-1080.800000
-1080.800000
-1080.800000
-1080.800000
-1080.800000
-1080.800000
-1080.800000
-1080.800000
-1080.800000
-1080.800000
-1080.800000
-1080.800000
-1080.800000
-1080.800000
-1080.800000
-1080.800000
-1080.800000
-1080.800000
-1080.800000
-1080.800000
-1080.800000
-1080.800000
-1080.800000
-1080.800000
-1080.800000
-1080.800000
-1080.800000
-1080.800000
-1080.800000
-1080.800000
-1080.800000
-1080.800000
-1080.800000
-1080.800000
-1080.800000
-1080.800000
-1080.800000
-1080.800000
-1080.800000
-1080.800000
-1080.800000
-1080.800000
-1080.800000
-1080.800000
-1080.800000
-1080.800000
-1080.800000
-1080.800000
-1080.800000
-1080.800000
-1080.800000
-1080.800000
-1080.800000
-1080.800000
-1080.800000
-1080.800000
-1080.800000
-1080.800000
-1080.800000
-1080.800000
-1080.800000
-1080.800000
-1080.800000
-1080.800000
-1080.800000
-1080.800000
-1080.800000
-1080.800000
-1080.800000
-1080.800000
-1080.800000
-1080.800000
-1080.800000
-1080.800000
-1080.800000
-1080.800000
-1080.800000
-1080.800000
-1080.800000
-1080.800000
-1080.800000
-1080.800000
-1080.800000
-1080.800000
-1080.800000
-1080.800000
-1080.800000
-1080.800000
-1080.800000
-1080.800000
-1080.800000
-1080.800000
-1080.800000
-1080.800000
-1080.800000
-1080.800000
-1080.800000
-1080.800000
-1080.800000
-1080.800000
-1080.800000
-1080.800000
-1080.800000
-1080.800000
-1080.800000
-1080.800000
-1080.800000
-1080.800000
-1080.800000
-1080.800000
-1080.800000
-1080.800000
-1080.800000
-1080.800000
-1080.800000
-1080.800000
-1080.800000
-1080.800000
-1080.800000
-1080.800000
-1080.800000
-1080.800000
-1080.800000
-1080.800000
-1080.800000
-1080.800000
-1080.800000
-1080.800000
-1080.800000
-1080.800000
-1080.800000
-1080.800000
-1080.800000
-1080.800000
-1080.800000
-1080.800000
-1080.800000
-1080.800000
-1080.800000
-1080.800000
-1080.800000
-1080.800000
-1080.800000
-1080.800000
-1080.800000
-1080.800000
-1105.310000
-1090.290000
-1064.200000
-988.310000
-956.070000
-942.140000
-978.620000
-928.420000
-930.200000
-935.570000
-938.510000
-855.660000
-857.060000
-778.950000
-773.980000
-773.980000
-773.980000
-773.980000
-773.980000
-773.980000
-773.980000
-773.980000
-773.980000
-773.980000
-773.980000
-773.980000
-773.980000
-773.980000
-773.980000
-773.980000
-773.980000
-773.980000
-773.980000
-773.980000
-773.980000
-773.980000
-773.980000
-773.980000
-773.980000
-773.980000
-773.980000
-773.980000
-773.980000
-773.980000
-773.980000
-773.980000
-773.980000
-773.980000
-773.980000
-773.980000
-773.980000
-773.980000
-773.980000
-773.980000
-773.980000
-773.980000
-773.980000
-773.980000
-773.980000
-773.980000
-773.980000
-773.980000
-773.980000
-773.980000
-773.980000
-773.980000
-773.980000
-773.980000
-773.980000
-773.980000
-773.980000
-773.980000
-773.980000
-773.980000
-773.980000
-773.980000
-773.980000
-773.980000
-773.980000
-773.980000
-773.980000
-773.980000
-773.980000
-773.980000
-773.980000
-773.980000
-773.980000
-773.980000
-773.980000
-773.980000
-765.300000
-793.220000
-770.210000
-789.070000
-786.020000
-795.040000
-774.270000
-764.500000
-746.190000
-736.990000
-709.410000
-695.380000
-672.290000
-679.550000
-683.590000
-690.560000
-700.340000
-674.000000
-698.270000
-698.270000
-698.270000
-698.270000
-698.270000
-698.270000
-698.270000
-698.270000
-698.270000
-698.270000
-698.270000
-698.270000
-662.780000
-686.080000
-673.710000
-708.860000
-731.210000
-775.830000
-796.010000
-819.500000
-840.000000
-844.530000
-784.180000
-805.590000
-837.690000
-889.340000
-902.520000
-917.750000
-922.800000
-925.530000
-885.970000
-885.970000
-885.970000
-885.970000
-885.970000
-885.970000
-885.970000
-885.970000
-885.970000
-885.970000
-885.970000
-885.970000
-885.970000
-885.970000
-885.970000
-885.970000
-885.970000
-885.970000
-885.970000
-885.970000
-885.970000
-885.970000
-885.970000
-885.970000
-885.970000
-885.970000
-885.970000
-885.970000
-885.970000
-885.970000
-728.730000
-692.910000
-706.000000
-710.110000
-711.490000
-730.790000
-731.660000
-736.320000
-712.430000
-673.490000
-616.340000
-647.710000
-683.210000
-659.050000
-645.570000
-611.650000
-645.330000
-645.330000
-645.330000
-645.330000
-645.330000
-645.330000
-645.330000
-645.330000
-645.330000
-589.210000
-639.650000
-515.430000
-547.550000
-547.550000
-547.550000
-547.550000
-547.550000
-547.550000
-547.550000
-547.550000
-547.550000
-547.550000
-547.550000
-547.550000
-547.550000
-547.550000
-547.550000
-547.550000
-547.550000
-547.550000
-547.550000
-547.550000
-547.550000
-547.550000
-547.550000
-547.550000
-547.550000
-547.550000
-547.550000
-547.550000
-547.550000
-547.550000
-547.550000
-547.550000
-547.550000
-547.550000
-547.550000
-547.550000
-547.550000
-547.550000
-547.550000
-547.550000
-547.550000
-547.550000
-547.550000
-547.550000
-547.550000
-547.550000
-547.550000
-547.550000
-547.550000
-547.550000
-547.550000
-547.550000
-547.550000
-547.550000
-547.550000
-547.550000
-547.550000
-547.550000
-547.550000
-547.550000
-547.550000
-547.550000
-547.550000
-547.550000
-547.550000
-547.550000
-547.550000
-547.550000
-547.550000
-547.550000
-547.550000
-547.550000
-547.550000
-547.550000
-547.550000
-547.550000
-547.550000
-547.550000
-547.550000
-547.550000
-547.550000
-547.550000
-547.550000
-547.550000
-547.550000
-547.550000
-547.550000
-547.550000
-547.550000
-547.550000
-547.550000
-547.550000
-547.550000
-547.550000
-547.550000
-547.550000
-547.550000
-547.550000
-547.550000
-547.550000
-547.550000
-547.550000
-547.550000
-547.550000
-547.550000
-547.550000
-547.550000
-547.550000
-547.550000
-547.550000
-547.550000
-547.550000
-547.550000
-547.550000
-547.550000
-547.550000
-547.550000
-547.550000
-547.550000
-547.550000
-547.550000
-547.550000
-547.550000
-547.550000
-547.550000
-547.550000
-547.550000
-547.550000
-547.550000
-547.550000
-547.550000
-547.550000
-547.550000
-547.550000
-547.550000
-547.550000
-547.550000
-547.550000
-547.550000
-547.550000
-547.550000
-547.550000
-547.550000
-547.550000
-547.550000
-547.550000
-547.550000
-547.550000
-547.550000
-547.550000
-547.550000
-547.550000
-547.550000
-547.550000
-547.550000
-547.550000
-547.550000
-547.550000
-547.550000
-547.550000
-547.550000
-547.550000
-547.550000
-547.550000
-547.550000
-547.550000
-547.550000
-547.550000
-547.550000
-547.550000
-547.550000
-547.550000
-547.550000
-547.550000
-547.550000
-547.550000
-591.820000
-604.350000
-566.790000
-417.740000
-432.140000
-500.220000
-500.220000
-500.220000
-500.220000
-500.220000
-500.220000
-500.220000
-500.220000
-500.220000
-500.220000
-500.220000
-500.220000
-500.220000
-500.220000
-500.220000
-500.220000
-500.220000
-500.220000
-500.220000
-500.220000
-500.220000
-500.220000
-500.220000
-500.220000
-500.220000
-500.220000
-500.220000
-500.220000
-500.220000
-500.220000
-500.220000
-500.220000
-500.220000
-500.220000
-500.220000
-500.220000
-500.220000
-500.220000
-500.220000
-500.220000
-500.220000
-500.220000
-500.220000
-500.220000
-500.220000
-500.220000
-500.220000
-500.220000
-500.220000
-500.220000
-500.220000
-500.220000
-500.220000
-500.220000
-500.220000
-500.220000
-500.220000
-500.220000
-500.220000
-500.220000
-500.220000
-500.220000
-500.220000
-500.220000
-500.220000
-500.220000
-500.220000
-500.220000
-500.220000
-500.220000
-500.220000
-500.220000
-500.220000
-500.220000
-500.220000
-500.220000
-500.220000
-500.220000
-500.220000
-500.220000
-500.220000
-500.220000
-500.220000
-572.730000
-580.040000
-460.850000
-432.590000
-411.150000
-389.460000
-313.420000
-192.410000
-208.410000
-50.860000
-50.860000
-50.860000
-50.860000
-50.860000
-50.860000
-50.860000
-50.860000
-50.860000
-50.860000
-50.860000
-50.860000
-50.860000
-50.860000
-50.860000
-50.860000
-50.860000
-50.860000
-50.860000
-50.860000
-50.860000
-50.860000
-50.860000
-50.860000
-50.860000
-50.860000
-50.860000
-50.860000
-50.860000
-50.860000
-50.860000
-50.860000
-50.860000
-50.860000
-50.860000
-50.860000
-50.860000
-50.860000
-50.860000
-50.860000
-50.860000
-50.860000
-50.860000
-50.860000
-50.860000
-50.860000
-50.860000
-50.860000
-50.860000
-50.860000
-50.860000
-50.860000
-50.860000
-50.860000
-50.860000
-50.860000
-50.860000
-50.860000
-50.860000
-50.860000
-50.860000
-50.860000
-50.860000
-50.860000
-50.860000
-50.860000
-50.860000
-50.860000
-50.860000
-50.860000
-50.860000
-50.860000
-50.860000
-50.860000
-50.860000
-50.860000
-50.860000
-50.860000
-50.860000
-50.860000
-50.860000
-50.860000
-50.860000
-50.860000
-50.860000
-50.860000
-50.860000
-50.860000
-50.860000
-50.860000
-50.860000
-50.860000
-50.860000
-50.860000
-50.860000
-50.860000
-50.860000
-50.860000
86.530000
29.850000
26.810000
-66.110000
8.730000
29.440000
346.110000
346.110000
346.110000
346.110000
346.110000
346.110000
346.110000
346.110000
346.110000
346.110000
346.110000
346.110000
346.110000
346.110000
346.110000
346.110000
346.110000
346.110000
346.110000
346.110000
346.110000
346.110000
346.110000
346.110000
346.110000
346.110000
346.110000
346.110000
346.110000
346.110000
346.110000
346.110000
346.110000
346.110000
346.110000
346.110000
346.110000
346.110000
346.110000
346.110000
346.110000
346.110000
346.110000
346.110000
346.110000
346.110000
346.110000
346.110000
372.780000
360.500000
331.200000
314.400000
327.410000
321.830000
284.100000
362.260000
371.450000
440.720000
507.800000
536.110000
514.690000
514.690000
514.690000
514.690000
514.690000
514.690000
514.690000
514.690000
514.690000
514.690000
514.690000
514.690000
514.690000
514.690000
514.690000
514.690000
514.690000
514.690000
514.690000
514.690000
514.690000
514.690000
514.690000
514.690000
514.690000
514.690000
514.690000
514.690000
514.690000
514.690000
514.690000
514.690000
514.690000
514.690000
514.690000
514.690000
514.690000
514.690000
514.690000
514.690000
514.690000
514.690000
514.690000
514.690000
514.690000
514.690000
514.690000
514.690000
514.690000
514.690000
514.690000
514.690000
514.690000
514.690000
514.690000
514.690000
514.690000
514.690000
514.690000
514.690000
514.690000
514.690000
514.690000
514.690000
514.690000
514.690000
514.690000
514.690000
514.690000
514.690000
514.690000
514.690000
514.690000
514.690000
514.690000
514.690000
514.690000
514.690000
514.690000
514.690000
514.690000
514.690000
514.690000
514.690000
514.690000
514.690000
514.690000
514.690000
514.690000
514.690000
514.690000
514.690000
569.480000
575.450000
631.250000
647.540000
644.060000
649.470000
609.160000
616.630000
535.130000
495.940000
719.320000
670.240000
694.290000
684.440000
685.150000
643.950000
610.140000
700.080000
701.460000
701.460000
701.460000
701.460000
701.460000
701.460000
701.460000
701.460000
701.460000
701.460000
701.460000
701.460000
703.300000
725.760000
746.400000
830.750000
831.940000
759.590000
793.840000
719.590000
753.840000
649.650000
690.710000
668.120000
641.520000
690.750000
705.360000
745.330000
777.030000
771.700000
744.440000
744.440000
744.440000
744.440000
744.440000
744.440000
744.440000
744.440000
744.440000
744.440000
744.440000
744.440000
744.440000
744.440000
744.440000
744.440000
744.440000
744.440000
744.440000
744.440000
744.440000
744.440000
744.440000
744.440000
744.440000
744.440000
744.440000
744.440000
744.440000
744.440000
744.440000
744.440000
744.440000
744.440000
744.440000
744.440000
744.440000
744.440000
744.440000
744.440000
744.440000
744.440000
744.440000
744.440000
744.440000
744.440000
744.440000
744.440000
744.440000
744.440000
744.440000
744.440000
744.440000
744.440000
744.440000
744.440000
744.440000
744.440000
744.440000
744.440000
744.440000
744.440000
744.440000
744.440000
744.440000
744.440000
744.440000
744.440000
744.440000
744.440000
744.440000
744.440000
744.440000
744.440000
744.440000
744.440000
744.440000
744.440000
744.440000
744.440000
744.440000
744.440000
744.440000
744.440000
744.440000
744.440000
744.440000
744.440000
744.440000
744.440000
744.440000
744.440000
744.440000
744.440000
744.440000
744.440000
744.440000
744.440000
744.440000
744.440000
744.440000
744.440000
744.440000
744.440000
744.440000
744.440000
744.440000
744.440000
744.440000
744.440000
744.440000
744.440000
744.440000
744.440000
744.440000
744.440000
744.440000
744.440000
744.440000
744.440000
744.440000
744.440000
744.440000
744.440000
744.440000
744.440000
744.440000
744.440000
744.440000
744.440000
744.440000
744.440000
744.440000
744.440000
744.440000
744.440000
744.440000
744.440000
744.440000
744.440000
744.440000
744.440000
744.440000
744.440000
744.440000
744.440000
744.440000
744.440000
744.440000
744.440000
744.440000
744.440000
744.440000
744.440000
744.440000
744.440000
744.440000
744.440000
744.440000
744.440000
744.440000
744.440000
744.440000
744.440000
744.440000
744.440000
744.440000
744.440000
744.440000
744.440000
744.440000
744.440000
744.440000
744.440000
744.440000
744.440000
744.440000
744.440000
744.440000
744.440000
744.440000
744.440000
744.440000
744.440000
744.440000
744.440000
744.440000
744.440000
744.440000
744.440000
744.440000
755.280000
763.730000
784.650000
797.280000
745.280000
766.320000
749.930000
713.230000
742.040000
779.980000
831.310000
877.750000
853.170000
923.460000
1161.210000
1161.210000
1161.210000
1161.210000
1161.210000
1161.210000
1161.210000
1161.210000
1161.210000
1161.210000
1161.210000
1161.210000
1161.210000
1161.210000
1161.210000
1161.210000
1161.210000
1161.210000
1161.210000
1161.210000
1161.210000
1161.210000
1161.210000
1161.210000
1161.210000
1161.210000
1161.210000
1161.210000
1161.210000
1161.210000
1161.210000
1161.210000
1161.210000
1161.210000
1161.210000
1161.210000
1161.210000
1161.210000
1161.210000
1161.210000
1161.210000
1161.210000
1161.210000
1161.210000
1161.210000
1161.210000
1161.210000
1161.210000
1161.210000
1161.210000
1161.210000
1161.210000
1161.210000
1161.210000
1161.210000
1161.210000
1161.210000
1161.210000
1161.210000
1161.210000
1161.210000
1161.210000
1161.210000
1161.210000
1161.210000
1161.210000
1161.210000
1161.210000
1161.210000
1161.210000
1161.210000
1161.210000
1161.210000
1161.210000
1161.210000
1161.210000
1161.210000
1161.210000
1161.210000
1161.210000
1161.210000
1161.210000
1161.210000
1161.210000
1161.210000
1161.210000
1161.210000
1161.210000
1161.210000
1161.210000
1161.210000
1161.210000
1161.210000
1161.210000
1161.210000
1161.210000
1161.210000
1161.210000
1161.210000
1161.210000
1161.210000
1161.210000
1161.210000
1161.210000
1161.210000
1161.210000
1161.210000
1161.210000
1161.210000
1161.210000
1161.210000
1161.210000
1161.210000
1161.210000
1161.210000
1161.210000
1161.210000
1161.210000
1161.210000
1161.210000
1161.210000
1161.210000
1161.210000
1161.210000
1161.210000
1161.210000
1161.210000
1161.210000
1161.210000
1161.210000
1161.210000
1161.210000
1161.210000
1161.210000
1161.210000
1161.210000
1161.210000
1161.210000
1161.210000
1161.210000
1161.210000
1161.210000
1161.210000
1161.210000
1161.210000
1161.210000
1161.210000
1161.210000
1161.210000
1161.210000
1161.210000
1161.210000
1161.210000
1161.210000
1161.210000
1161.210000
1161.210000
1161.210000
1161.210000
1161.210000
1161.210000
1161.210000
1161.210000
1161.210000
1161.210000
1161.210000
1161.210000
1161.210000
1161.210000
1161.210000
1161.210000
1161.210000
1161.210000
1161.210000
1161.210000
1161.210000
1161.210000
1161.210000
1161.210000
1161.210000
1161.210000
1161.210000
1161.210000
1161.210000
1161.210000
1161.210000
1161.210000
1161.210000
1161.210000
1161.210000
1161.210000
1161.210000
1161.210000
1161.210000
1161.210000
1161.210000
1161.210000
1161.210000
1161.210000
1161.210000
1161.210000
1161.210000
1161.210000
1161.210000
1161.210000
1161.210000
1161.210000
1161.210000
1161.210000
1161.210000
1161.210000
1161.210000
1161.210000
1161.210000
1161.210000
1161.210000
1161.210000
1161.210000
1161.210000
1161.210000
1161.210000
1161.210000
1161.210000
1161.210000
1161.210000
1161.210000
1161.210000
1161.210000
1161.210000
1161.210000
1161.210000
1161.210000
1161.210000
1161.210000
1161.210000
1161.210000
1161.210000
1161.210000
1161.210000
1161.210000
1161.210000
1161.210000
1161.210000
1161.210000
1161.210000
1161.210000
1161.210000
1161.210000
1161.210000
1161.210000
1161.210000
1161.210000
1161.210000
1161.210000
1161.210000
1161.210000
1161.210000
1161.210000
1161.210000
1161.210000
1212.570000
1413.780000
1374.900000
1459.910000
1459.640000
1410.090000
1410.090000
1410.090000
1410.090000
1410.090000
1410.090000
1410.090000
1410.090000
1410.090000
1410.090000
1410.090000
1410.090000
1410.090000
1410.090000
1410.090000
1410.090000
1410.090000
1410.090000
1410.090000
1410.090000
1410.090000
1410.090000
1410.090000
1410.090000
1410.090000
1410.090000
1410.090000
1410.090000
1410.090000
1410.090000
1410.090000
1410.090000
1410.090000
1410.090000
1410.090000
1418.740000
1340.570000
1213.210000
1243.970000
1226.230000
1166.610000
1396.050000
1310.260000
1330.840000
1354.220000
1324.780000
1329.960000
1387.640000
1385.540000
1359.930000
1543.840000
1557.800000
1550.430000
1566.760000
1566.760000
1566.760000
1566.760000
1566.760000
1566.760000
1566.760000
1566.760000
1566.760000
1566.760000
1566.760000
1566.760000
1566.760000
1566.760000
1566.760000
1566.760000
1566.760000
1566.760000
1566.760000
1566.760000
1566.760000
1566.760000
1566.760000
1566.760000
1566.760000
1566.760000
1566.760000
1566.760000
1566.760000
1566.760000
1566.760000
1566.760000
1566.760000
1566.760000
1566.760000
1566.760000
1566.760000
1566.760000
1566.760000
1566.760000
1566.760000
1566.760000
1566.760000
1566.760000
1566.760000
1566.760000
1566.760000
1566.760000
1566.760000
1566.760000
1566.760000
1709.970000
1786.010000
1750.150000
1770.550000
1742.270000
1782.070000
1794.780000
1878.280000
1911.820000
1911.820000
1911.820000
1911.820000
1911.820000
1911.820000
1911.820000
1911.820000
1911.820000
1911.820000
1911.820000
1911.820000
1911.820000
1911.820000
1911.820000
1911.820000
1911.820000
1911.820000
1911.820000
1911.820000
1911.820000
1911.820000
1911.820000
1911.820000
1911.820000
1911.820000
1911.820000
1911.820000
1911.820000
1911.820000
1911.820000
1911.820000
1911.820000
1911.820000
1911.820000
1911.820000
1911.820000
1911.820000
1879.790000
1875.260000
1845.280000
1835.100000
1822.700000
1854.880000
1843.820000
1883.880000
1949.320000
1894.940000
1831.950000
1826.080000
1835.770000
1832.230000
1861.160000
1956.940000
1927.240000
1927.240000
1927.240000
1927.240000
1927.240000
1927.240000
1927.240000
1927.240000
1927.240000
1927.240000
1927.240000
1927.240000
1927.240000
1927.240000
1927.240000
1927.240000
1927.240000
1927.240000
1927.240000
1927.240000
1927.240000
1927.240000
1927.240000
1927.240000
1927.240000
1927.240000
1927.240000
1927.240000
1927.240000
1927.240000
1927.240000
1927.240000
1927.240000
1927.240000
1927.240000
1927.240000
1927.240000
1927.240000
1927.240000
1927.240000
1927.240000
1927.240000
1927.240000
1927.240000
1927.240000
1927.240000
1927.240000
1927.240000
1927.240000
1927.240000
1927.240000
1927.240000
1927.240000
1927.240000
1927.240000
1927.240000
1927.240000
1927.240000
1927.240000
1927.240000
1927.240000
1927.240000
1927.240000
1927.240000
1927.240000
1927.240000
1927.240000
1927.240000
1927.240000
1927.240000
1927.240000
1927.240000
1927.240000
1927.240000
1927.240000
1927.240000
1927.240000
1927.240000
1927.240000
1927.240000
1927.240000
1927.240000
1927.240000
1927.240000
1927.240000
1927.240000
1927.240000
1927.240000
1927.240000
1927.240000
1927.240000
1927.240000
1927.240000
1927.240000
1927.240000
1927.240000
1927.240000
1927.240000
1927.240000
1927.240000
1927.240000
1927.240000
1927.240000
1927.240000
1927.240000
1927.240000
1927.240000
1927.240000
1927.240000
1927.240000
1927.240000
1927.240000
1927.240000
1927.240000
1927.240000
1927.240000
1927.240000
1927.240000
1927.240000
1927.240000
1927.240000
1927.240000
1927.240000
1927.240000
1927.240000
1927.240000
1927.240000
1927.240000
1927.240000
1927.240000
1927.240000
1927.240000
1927.240000
1927.240000
1927.240000
1927.240000
1927.240000
1927.240000
1927.240000
1928.710000
1947.100000
1990.720000
1987.060000
1937.690000
1922.130000
1941.100000
1983.040000
2007.080000
2045.390000
2082.720000
2138.290000
2136.020000
2136.020000
2136.020000
2136.020000
2136.020000
2136.020000
2136.020000
2136.020000
2136.020000
2136.020000
2136.020000
2136.020000
2136.020000
2136.020000
2136.020000
2136.020000
2136.020000
2136.020000
2136.020000
2136.020000
2136.020000
2136.020000
2136.020000
2136.020000
2136.020000
2136.020000
2136.020000
2136.020000
2136.020000
2136.020000
2136.020000
2136.020000
2136.020000
2136.020000
2136.020000
2136.020000
2136.020000
2098.820000
2093.400000
2008.140000
2086.740000
2045.810000
2070.400000
2113.530000
2090.340000
2099.840000
2108.860000
2119.230000
2218.570000
2206.200000
2206.200000
2206.200000
2206.200000
2206.200000
2206.200000
2206.200000
2206.200000
2206.200000
2206.200000
2206.200000
2206.200000
2206.200000
2206.200000
2206.200000
2206.200000
2206.200000
2206.200000
2206.200000
2206.200000
2206.200000
2206.200000
2206.200000
2206.200000
2206.200000
2206.200000
2206.200000
2206.200000
2206.200000
2206.200000
2206.200000
2206.200000
2206.200000
2206.200000
2206.200000
2206.200000
2206.200000
2206.200000
2206.200000
2206.200000
2206.200000
2206.200000
2206.200000
2206.200000
2206.200000
2206.200000
2206.200000
2206.200000
2206.200000
2206.200000
2206.200000
2206.200000
2206.200000
2206.200000
2206.200000
2206.200000
2206.200000
2206.200000
2206.200000
2206.200000
2206.200000
2206.200000
2206.200000
2206.200000
2206.200000
2206.200000
2206.200000
2206.200000
2206.200000
2206.200000
2206.200000
2206.200000
2206.200000
2206.200000
2206.200000
2206.200000
2206.200000
2206.200000
2206.200000
2206.200000
2206.200000
2206.200000
2206.200000
2206.200000
2206.200000
2206.200000
2206.200000
2206.200000
2206.200000
2206.200000
2206.200000
2206.200000
2227.450000
2298.830000
2378.750000
2319.600000
2319.600000
2319.600000
2319.600000
2319.600000
2319.600000
2319.600000
2319.600000
2319.600000
2319.600000
2319.600000
2319.600000
2319.600000
2319.600000
2319.600000
2319.600000
2319.600000
2319.600000
2319.600000
2319.600000
2319.600000
2319.600000
2319.600000
2319.600000
2319.600000
2319.600000
2319.600000
2319.600000
2319.600000
2319.600000
2319.600000
2319.600000
2319.600000
2319.600000
2319.600000
2319.600000
2319.600000
2319.600000
2319.600000
2319.600000
2319.600000
2319.600000
2319.600000
2319.600000
2319.600000
2319.600000
2319.600000
2319.600000
2319.600000
2319.600000
2319.600000
2319.600000
2319.600000
2319.600000
2319.600000
2319.600000
2319.600000
2319.600000
2319.600000
2319.600000
2319.600000
2319.600000
2319.600000
2319.600000
2319.600000
2319.600000
2319.600000
2319.600000
2319.600000
2319.600000
2319.600000
2319.600000
2319.600000
2319.600000
2319.600000
2319.600000
2319.600000
2319.600000
2319.600000
2319.600000
2319.600000
2319.600000
2319.600000
2319.600000
2319.600000
2319.600000
2319.600000
2319.600000
2319.600000
2319.600000
2319.600000
2319.600000
2319.600000
2319.600000
2319.600000
2319.600000
2319.600000
2319.600000
2319.600000
2319.600000
2319.600000
2319.600000
2319.600000
2319.600000
2319.600000
2319.600000
2319.600000
2319.600000
2319.600000
2319.600000
2319.600000
2319.600000
2319.600000
2319.600000
2319.600000
2319.600000
2319.600000
2319.600000
2319.600000
2319.600000
2319.600000
2319.600000
2319.600000
2319.600000
2241.810000
2350.960000
2389.710000
2428.780000
2455.470000
2261.970000
2251.760000
2335.280000
2318.330000
2288.520000
2260.130000
2205.610000
2221.870000
2247.740000
2390.230000
2383.050000
2349.280000
2285.780000
2272.940000
2272.940000
2272.940000
2272.940000
2272.940000
2272.940000
2272.940000
2272.940000
2272.940000
2272.940000
2272.940000
2272.940000
2272.940000
2272.940000
2272.940000
2272.940000
2272.940000
2272.940000
2272.940000
2272.940000
2272.940000
2272.940000
2272.940000
2272.940000
2272.940000
2272.940000
2272.940000
2272.940000
2272.940000
2272.940000
2272.940000
2272.940000
2272.940000
2272.940000
2272.940000
2272.940000
2272.940000
2272.940000
2272.940000
2272.940000
2272.940000
2272.940000
2272.940000
2272.940000
2272.940000
2272.940000
2272.940000
2272.940000
2272.940000
2272.940000
2272.940000
2272.940000
2272.940000
2272.940000
2272.940000
2272.940000
2272.940000
2272.940000
2272.940000
2272.940000
2272.940000
2272.940000
2272.940000
2272.940000
2272.940000
2272.940000
2272.940000
2272.940000
2272.940000
2272.940000
2272.940000
2272.940000
2272.940000
2272.940000
2272.940000
2272.940000
2272.940000
2272.940000
2272.940000
2272.940000
2272.940000
2272.940000
2272.940000
2272.940000
2364.050000
2493.720000
2618.160000
2618.160000
2618.160000
2618.160000
2618.160000
2618.160000
2618.160000
2618.160000
2618.160000
2618.160000
2618.160000
2618.160000
2618.160000
2618.160000
2618.160000
2618.160000
2618.160000
2618.160000
2618.160000
2618.160000
2618.160000
2618.160000
2618.160000
2618.160000
2618.160000
2618.160000
2618.160000
2618.160000
2618.160000
2618.160000
2618.160000
2618.160000
2618.160000
2618.160000
2618.160000
2618.160000
2618.160000
2618.160000
2618.160000
2618.160000
2618.160000
2618.160000
2618.160000
2618.160000
2618.160000
2618.160000
2618.160000
2618.160000
2618.160000
2618.160000
2618.160000
2618.160000
2618.160000
2618.160000
2618.160000
2618.160000
2618.160000
2618.160000
2618.160000
2618.160000
2618.160000
2618.160000
2618.160000
2618.160000
2618.160000
2618.160000
2618.160000
2618.160000
2618.160000
2618.160000
2618.160000
2618.160000
2618.160000
2618.160000
2618.160000
2618.160000
2618.160000
2618.160000
2618.160000
2618.160000
2618.160000
2618.160000
2618.160000
2618.160000
2618.160000
2618.160000
2618.160000
2618.160000
2618.160000
2618.160000
2755.710000
2719.150000
2690.100000
2691.930000
2684.450000
2671.080000
2621.750000
2589.350000
2586.060000
2591.230000
2573.810000
2562.950000
2558.350000
2560.850000
2572.500000
2547.170000
2565.860000
2575.650000
2437.480000
2437.480000
2437.480000
2437.480000
2438.160000
2441.980000
2558.320000
2538.020000
2523.130000
2509.230000
2526.910000
2547.590000
2529.260000
2540.680000
2569.500000
2572.420000
2576.220000
2605.130000
2699.780000
2697.480000
2741.900000
2780.900000
2780.900000
2780.900000
2780.900000
2780.900000
2780.900000
2780.900000
2780.900000
2780.900000
2780.900000
2780.900000
2780.900000
2780.900000
2780.900000
2780.900000
2780.900000
2780.900000
2780.900000
2780.900000
2780.900000
2780.900000
2780.900000
2780.900000
2780.900000
2780.900000
2780.900000
2780.900000
2780.900000
2780.900000
2780.900000
2780.900000
2780.900000
2780.900000
2780.900000
2816.020000
2792.180000
2780.960000
2770.560000
2777.780000
2783.040000
2752.180000
2730.990000
2758.440000
2748.500000
2726.130000
2731.810000
2716.500000
2383.080000
2383.080000
2383.080000
2383.080000
2383.080000
2383.080000
2382.860000
2371.800000
2397.290000
2390.570000
2361.570000
2356.810000
2371.250000
2307.160000
2336.040000
2332.330000
2318.550000
2292.480000
2283.660000
2241.510000
2255.740000
2282.810000
2284.120000
2304.770000
2313.920000
2313.920000
2313.920000
2313.920000
2313.920000
2313.920000
2313.920000
2313.920000
2313.920000
2313.920000
2313.920000
2313.920000
2313.920000
2313.920000
2313.920000
2313.920000
2313.920000
2313.920000
2313.920000
2313.920000
2313.920000
2313.920000
2313.920000
2313.920000
2313.920000
2313.920000
2313.920000
2313.920000
2313.920000
2313.920000
2313.920000
2313.920000
2313.920000
2313.920000
2313.920000
2313.920000
2313.920000
2313.920000
2313.920000
2313.920000
2313.920000
2313.920000
2313.920000
2313.920000
2313.920000
2313.920000
2313.920000
2313.920000
2313.920000
2313.920000
2313.920000
2313.920000
2313.920000
2313.920000
2313.920000
2313.920000
2313.920000
2313.920000
2313.920000
2313.920000
2313.920000
2313.920000
2313.920000
2313.920000
2313.920000
2313.920000
2313.920000
2313.920000
2313.920000
2313.920000
2313.920000
2313.920000
2313.920000
2313.920000
2313.920000
2313.920000
2313.920000
2313.920000
2313.920000
2313.920000
2313.920000
2313.920000
2313.920000
2313.920000
2313.920000
2313.920000
2313.920000
2313.920000
2313.920000
2313.920000
2313.920000
2337.340000
2345.810000
2305.960000
2300.160000
2322.420000
2280.200000
2354.780000
2338.420000
2330.820000
2335.240000
2348.380000
2310.500000
2322.940000
2305.880000
2321.790000
2404.280000
2389.180000
2389.180000
2389.180000
2389.180000
2389.180000
2389.180000
2389.180000
2389.180000
2389.180000
2389.180000
2389.180000
2389.180000
2389.180000
2389.180000
2389.180000
2389.180000
2389.180000
2389.180000
2389.180000
2389.180000
2389.180000
2389.180000
2389.180000
2389.180000
2389.180000
2389.180000
2389.180000
2389.180000
2389.180000
2389.180000
2389.180000
2389.180000
2389.180000
2389.180000
2389.180000
2389.180000
2389.180000
2389.180000
2389.180000
2389.180000
2389.180000
2389.180000
2389.180000
2389.180000
2389.180000
2389.180000
2389.180000
2389.180000
2389.180000
2389.180000
2389.180000
2389.180000
2389.180000
2389.180000
2389.180000
2389.180000
2389.180000
2389.180000
2389.180000
2389.180000
2389.180000
2389.180000
2389.180000
2389.180000
2389.180000
2389.180000
2389.180000
2389.180000
2389.180000
2389.180000
2389.180000
2389.180000
2389.180000
2389.180000
2389.180000
2389.180000
2389.180000
2389.180000
2389.180000
2389.180000
2389.180000
2389.180000
2389.180000
2389.180000
2389.180000
2389.180000
2389.180000
2389.180000
2389.180000
2389.180000
2389.180000
2389.180000
2389.180000
2389.180000
2389.180000
2389.180000
2389.180000
2389.180000
2389.180000
2389.180000
2389.180000
2389.180000
2389.180000
2389.180000
2389.180000
2389.180000
2389.180000
2389.180000
2389.180000
2389.180000
2389.180000
2389.180000
2389.180000
2389.180000
2389.180000
2389.180000
2389.180000
2389.180000
2389.180000
2389.180000
2389.180000
2389.180000
2389.180000
2389.180000
2389.180000
2389.180000
2389.180000
2389.180000
2389.180000
2389.180000
2389.180000
2389.180000
2389.180000
2389.180000
2389.180000
2389.180000
2389.180000
2389.180000
2389.180000
2389.180000
2389.180000
2389.180000
2389.180000
2389.180000
2389.180000
2389.180000
2389.180000
2389.180000
2389.180000
2389.180000
2389.180000
2389.180000
2389.180000
2389.180000
2389.180000
2389.180000
2389.180000
2389.180000
2389.180000
2389.180000
2389.180000
2389.180000
2389.180000
2389.180000
2389.180000
2389.180000
2389.180000
2389.180000
2389.180000
2389.180000
2389.180000
2389.180000
2389.180000
2389.180000
2389.180000
2389.180000
2389.180000
2389.180000
2389.180000
2389.180000
2389.180000
2389.180000
2389.180000
2389.180000
2389.180000
2389.180000
2389.180000
2389.180000
2389.180000
2389.180000
2389.180000
2389.180000
2389.180000
2389.180000
2389.180000
2389.180000
2389.180000
2389.180000
2389.180000
2389.180000
2389.180000
2389.180000
2389.180000
2389.180000
2389.180000
2389.180000
2389.180000
2389.180000
2387.760000
2335.370000
2343.240000
2280.050000
2280.970000
2275.020000
2254.880000
2289.330000
2282.740000
2264.880000
2262.980000
2270.990000
2311.060000
2312.340000
2295.450000
2309.350000
2329.250000
2329.560000
2309.170000
2309.170000
2309.170000
2309.170000
2309.170000
2309.170000
2309.170000
2309.170000
2309.170000
2309.170000
2309.170000
2309.170000
2309.170000
2309.170000
2309.170000
2309.170000
2309.170000
2309.170000
2309.170000
2309.170000
2309.170000
2309.170000
2309.170000
2309.170000
2309.170000
2309.170000
2309.170000
2309.170000
2309.170000
2309.170000
2309.170000
2309.170000
2309.170000
2309.170000
2309.170000
2309.170000
2309.170000
2309.170000
2309.170000
2309.170000
2309.170000
2309.170000
2309.170000
2309.170000
2309.170000
2309.170000
2309.170000
2309.170000
2309.170000
2309.170000
2309.170000
2309.170000
2309.170000
2309.170000
2309.170000
2309.170000
2309.170000
2309.170000
2309.170000
2309.170000
2309.170000
2309.170000
2309.170000
2309.170000
2309.170000
2309.170000
2309.170000
2309.170000
2309.170000
2309.170000
2309.170000
2309.170000
2288.110000
2276.640000
2262.900000
2258.090000
2250.430000
2273.950000
2299.750000
2433.370000
2433.610000
2481.420000
2535.110000
2546.530000
2517.650000
2517.650000
2517.650000
2517.650000
2517.650000
2517.650000
2517.650000
2517.650000
2517.650000
2517.650000
2517.650000
2517.650000
2517.650000
2517.650000
2517.650000
2517.650000
2517.650000
2517.650000
2517.650000
2517.650000
2517.650000
2517.650000
2517.650000
2517.650000
2517.650000
2517.650000
2517.650000
2517.650000
2517.650000
2517.650000
2517.650000
2517.650000
2517.650000
2517.650000
2517.650000
2517.650000
2517.650000
2517.650000
2517.650000
2517.650000
2517.650000
2517.650000
2517.650000
2517.650000
2517.650000
2517.650000
2517.650000
2517.650000
2517.650000
2517.650000
2517.650000
2517.650000
2517.650000
2517.650000
2517.650000
2517.650000
2517.650000
2517.650000
2517.650000
2517.650000
2517.650000
2517.650000
2517.650000
2517.650000
2517.650000
2517.650000
2517.650000
2517.650000
2517.650000
2517.650000
2517.650000
2517.650000
2517.650000
2517.650000
2517.650000
2517.650000
2517.650000
2517.650000
2517.650000
2517.650000
2517.650000
2517.650000
2517.650000
2517.650000
2517.650000
2517.650000
2517.650000
2517.650000
2517.650000
2517.650000
2517.650000
2517.650000
2517.650000
2517.650000
2517.650000
2517.650000
2517.650000
2517.650000
2517.650000
2517.650000
2517.650000
2517.650000
2517.650000
2517.650000
2517.650000
2517.650000
2517.650000
2517.650000
2517.650000
2517.650000
2517.650000
2517.650000
2517.650000
2517.650000
2517.650000
2517.650000
2517.650000
2517.650000
2517.650000
2517.650000
2517.650000
2517.650000
2517.650000
2517.650000
2517.650000
2517.650000
2517.650000
2517.650000
2517.650000
2517.650000
2517.650000
2517.650000
2517.650000
2517.650000
2530.950000
2547.750000
2586.160000
2585.940000
2609.530000
2703.050000
2773.550000
2792.460000
2858.640000
2876.940000
2876.940000
2873.010000
2841.180000
2857.280000
2907.690000
2896.270000
2901.080000
2902.840000
2932.710000
2925.150000
2951.420000
2951.870000
2946.640000
2984.280000
2985.700000
3004.110000
3001.190000
3010.900000
2968.600000
3027.250000
3027.250000
3027.250000
3027.250000
3027.250000
3027.250000
3027.250000
3027.250000
3027.250000
3027.250000
3027.250000
3027.250000
3027.250000
3027.250000
3027.250000
3027.250000
3027.250000
3027.250000
3027.250000
3027.250000
3027.250000
3027.250000
3027.250000
3027.250000
3027.250000
3027.250000
3027.250000
3027.250000
3027.250000
3027.250000
3027.250000
3027.250000
3027.250000
3027.250000
3027.250000
3027.250000
3027.250000
3027.250000
3027.250000
3027.250000
3027.250000
3027.250000
3027.250000
3027.250000
3027.250000
3027.250000
3027.250000
3027.250000
3027.250000
3027.250000
3027.250000
3027.250000
3027.250000
3027.250000
3027.250000
3027.250000
3027.250000
3027.250000
3027.250000
3027.250000
3027.250000
3027.250000
3027.250000
3027.250000
3027.250000
3027.250000
3027.250000
3027.250000
3027.250000
3027.250000
3027.250000
3027.250000
3027.250000
3027.250000
3027.250000
3027.250000
3057.800000
3053.920000
3068.610000
3064.760000
3093.080000
3075.090000
3027.250000
3006.070000
2972.010000
2987.070000
3013.500000
3023.310000
3055.410000
3050.630000
2993.500000
3013.030000
2989.780000
3050.780000
3049.670000
3049.670000
3049.670000
3049.670000
3049.670000
3049.670000
3049.670000
3049.670000
3049.670000
3049.670000
3049.670000
3049.670000
3049.670000
3049.670000
3049.670000
3049.670000
3049.670000
3049.670000
3049.670000
3049.670000
3049.670000
3049.670000
3049.670000
3049.670000
3049.670000
3049.670000
3049.670000
3049.670000
3049.670000
3049.670000
3049.670000
3049.670000
3049.670000
3049.670000
3049.670000
3049.670000
3049.670000
3049.670000
3049.670000
3059.690000
3063.920000
3099.070000
3158.190000
3160.600000
3156.910000
3152.220000
3125.600000
3122.180000
3131.940000
3104.160000
3101.320000
3079.350000
3088.260000
3097.990000
3172.890000
3149.910000
3137.500000
3152.170000
3152.170000
3152.170000
3152.170000
3152.170000
3152.170000
3152.170000
3152.170000
3152.170000
3152.170000
3152.170000
3152.170000
3152.170000
3152.170000
3152.170000
3152.170000
3152.170000
3152.170000
3152.170000
3152.170000
3152.170000
3152.170000
3152.170000
3152.170000
3152.170000
3152.170000
3152.170000
3152.170000
3152.170000
3152.170000
3152.170000
3152.170000
3152.170000
3152.170000
3152.170000
3152.170000
3152.170000
3152.170000
3152.170000
3152.170000
3152.170000
3152.170000
3152.170000
3152.170000
3152.170000
3152.170000
3152.170000
3152.170000
3152.170000
3152.170000
3152.170000
3152.170000
3152.170000
3152.170000
3152.170000
3152.170000
3152.170000
3152.170000
3152.170000
3152.170000
3152.170000
3152.170000
3152.170000
3152.170000
3152.170000
3152.170000
3152.170000
3152.170000
3152.170000
3152.170000
3152.170000
3152.170000
3152.170000
3152.170000
3152.170000
3152.170000
3152.170000
3152.170000
3152.170000
3152.170000
3152.170000
3152.170000
3152.170000
3152.170000
3152.170000
3152.170000
3152.170000
3152.170000
3152.170000
3152.170000
3152.170000
3152.170000
3152.170000
3152.170000
3152.170000
3152.170000
3152.170000
3152.170000
3152.170000
3152.170000
3152.170000
3152.170000
3152.170000
3152.170000
3152.170000
3152.170000
3152.170000
3152.170000
3152.170000
3152.170000
3152.170000
3152.170000
3152.170000
3152.170000
3152.170000
3152.170000
3152.170000
3152.170000
3152.170000
3152.170000
3152.170000
3152.170000
3152.170000
3152.170000
3152.170000
3152.170000
3152.170000
3152.170000
3152.170000
3152.170000
3152.170000
3152.170000
3152.170000
3152.170000
3152.170000
3152.170000
3152.170000
3152.170000
3152.170000
3152.170000
3152.170000
3152.170000
3152.170000
3152.170000
3152.170000
3152.170000
3152.170000
3152.170000
3152.170000
3128.540000
3137.970000
3147.160000
3144.260000
3165.800000
3176.920000
3177.480000
3216.970000
3200.090000
3162.180000
3116.160000
3065.250000
3050.110000
3059.870000
3065.250000
3097.500000
3145.970000
3177.540000
3205.240000
3205.240000
3205.240000
3205.240000
3205.240000
3205.240000
3205.240000
3205.240000
3205.240000
3205.240000
3205.240000
3205.240000
3205.240000
3205.240000
3205.240000
3205.240000
3205.240000
3205.240000
3205.240000
3205.240000
3205.240000
3205.240000
3205.240000
3205.240000
3205.240000
3205.240000
3205.240000
3205.240000
3205.240000
3205.240000
3205.240000
3205.240000
3205.240000
3205.240000
3216.610000
3205.220000
3187.920000
3210.220000
3210.310000
3209.710000
3212.210000
3194.060000
3228.850000
3200.600000
3179.360000
3106.130000
3138.190000
3113.430000
3138.480000
3110.810000
3109.170000
3082.140000
3103.810000
3103.810000
3103.810000
3103.810000
3103.810000
3103.810000
3103.810000
3103.810000
3103.810000
3103.810000
3103.810000
3103.810000
3103.810000
3103.810000
3103.810000
3103.810000
3103.810000
3103.810000
3103.810000
3103.810000
3103.810000
3103.810000
3103.810000
3103.810000
3103.810000
3103.810000
3103.810000
3103.810000
3103.810000
3103.810000
3103.810000
3103.810000
3103.810000
3103.810000
3103.810000
3103.810000
3103.810000
3103.810000
3103.810000
3103.810000
3103.810000
3103.810000
3103.810000
3103.810000
3103.810000
3103.810000
3103.810000
3103.810000
3103.810000
3103.810000
3103.810000
3103.810000
3103.810000
3103.810000
3103.810000
3103.810000
3103.810000
3103.810000
3103.810000
3103.810000
3103.810000
3103.810000
3103.810000
3103.810000
3103.810000
3103.810000
3103.810000
3103.810000
3103.810000
3103.810000
3103.810000
3103.810000
3103.810000
3103.810000
3103.810000
3103.810000
3103.810000
3103.810000
3103.810000
3103.810000
3103.810000
3103.810000
3103.810000
3103.810000
3103.810000
3103.810000
3103.810000
3103.810000
3103.810000
3103.810000
3103.810000
3103.810000
3103.810000
3103.810000
3103.810000
3103.810000
3103.810000
3103.810000
3103.810000
3103.810000
3103.810000
3103.810000
3103.810000
3103.810000
3103.810000
3103.810000
3103.810000
3103.810000
3103.810000
3103.810000
3103.810000
3103.810000
3103.810000
3103.810000
3103.810000
3103.810000
3103.810000
3103.810000
3103.810000
3103.810000
3103.810000
3103.810000
3103.810000
3103.810000
3103.810000
3103.810000
3103.810000
3103.810000
3103.810000
3103.810000
3103.810000
3103.810000
3103.810000
3103.810000
3103.810000
3103.810000
3103.810000
3103.810000
3103.810000
3103.810000
3103.810000
3103.810000
3103.810000
3103.810000
3103.810000
3103.810000
3103.810000
3103.810000
3103.810000
3103.810000
3103.810000
3103.810000
3103.810000
3103.810000
3103.810000
3103.810000
3103.810000
3103.810000
3103.810000
3103.810000
3103.810000
3103.810000
3103.810000
3103.810000
3103.810000
3103.810000
3103.810000
3103.810000
3103.810000
3103.810000
3103.810000
3103.810000
3103.810000
3103.810000
3103.810000
3103.810000
3103.810000
3103.810000
3103.810000
3103.810000
3103.810000
3103.810000
3103.810000
3103.810000
3103.810000
3103.810000
3103.810000
3103.810000
3103.810000
3103.810000
3103.810000
3103.810000
3103.810000
3103.810000
3103.810000
3103.810000
3103.810000
3103.810000
3103.810000
3103.810000
3103.810000
3103.810000
3103.810000
3103.810000
3103.810000
3103.810000
3103.810000
3103.810000
3103.810000
3103.810000
3103.810000
3103.810000
3103.810000
3103.810000
3103.810000
3103.810000
3103.810000
3103.810000
3103.810000
3103.810000
3103.810000
3103.810000
3103.810000
3103.810000
3103.810000
3103.810000
3103.810000
3103.810000
3103.810000
3103.810000
3103.810000
3103.810000
3103.810000
3103.810000
3103.810000
3103.810000
3103.810000
3103.810000
3103.810000
3103.810000
3103.810000
3103.810000
3103.810000
3103.810000
3103.810000
3103.810000
3103.810000
3103.810000
3103.810000
3103.810000
3103.810000
3103.810000
3103.810000
3103.810000
3103.810000
3103.810000
3103.810000
3103.810000
3103.810000
3103.810000
3103.810000
3103.810000
3103.810000
3103.810000
3103.810000
3103.810000
3103.810000
3103.810000
3103.810000
3103.810000
3103.810000
3103.810000
3103.810000
3103.810000
3103.810000
3103.810000
3103.810000
3103.810000
3103.810000
3103.810000
3103.810000
3103.810000
3103.810000
3103.810000
3103.810000
3103.810000
3103.810000
3103.810000
3103.810000
3103.810000
3103.810000
3103.810000
3103.810000
3103.810000
3103.810000
3103.810000
3103.810000
3103.810000
3103.810000
3103.810000
3103.810000
3103.810000
3103.810000
3103.810000
3103.810000
3103.810000
3103.810000
3103.810000
3103.810000
3103.810000
3103.810000
3103.810000
3103.810000
3103.810000
3103.810000
3103.810000
3103.810000
3103.810000
3103.810000
3103.810000
3103.810000
3103.810000
3103.810000
3103.810000
3103.810000
3103.810000
3103.810000
3103.810000
3103.810000
3103.810000
3103.810000
3103.810000
3103.810000
3103.810000
3103.810000
3103.810000
3103.810000
3103.810000
3103.810000
3103.810000
3103.810000
3103.810000
3103.810000
3103.810000
3103.810000
3103.810000
3103.810000
3103.810000
3103.810000
3103.810000
3103.810000
3103.810000
3103.810000
3103.810000
3103.810000
3103.810000
3103.810000
3103.810000
3103.810000
3103.810000
3103.810000
3103.810000
3103.810000
3103.810000
3103.810000
3103.810000
3103.810000
3103.810000
3103.810000
3103.810000
3103.810000
3103.810000
3103.810000
3103.810000
3103.810000
3103.810000
3125.350000
3118.850000
3104.170000
3104.880000
3126.410000
3155.710000
3170.260000
3210.050000
3219.680000
3216.130000
3167.410000
3140.340000
3125.550000
3086.440000
3063.810000
3091.150000
3076.660000
3061.590000
2992.750000
2992.750000
2971.320000
2996.220000
3093.270000
3083.370000
3081.790000
3111.570000
3115.670000
3111.920000
3142.010000
3158.830000
3152.650000
3198.240000
3276.340000
3247.430000
3247.430000
3247.430000
3247.430000
3247.430000
3247.430000
3247.430000
3247.430000
3247.430000
3247.430000
3247.430000
3247.430000
3247.430000
3247.430000
3247.430000
3247.430000
3247.430000
3247.430000
3247.430000
3247.430000
3247.430000
3247.430000
3247.430000
3247.430000
3247.430000
3247.430000
3247.430000
3247.430000
3247.430000
3247.430000
3247.430000
3247.430000
3247.430000
3247.430000
3247.430000
3247.430000
3247.430000
3247.430000
3247.430000
3247.430000
3247.430000
3247.430000
3247.430000
3247.430000
3247.430000
3247.430000
3247.430000
3247.430000
3247.430000
3247.430000
3247.430000
3247.430000
3247.430000
3247.430000
3247.430000
3247.430000
3247.430000
3247.430000
3247.430000
3247.430000
3247.430000
3247.430000
3247.430000
3247.430000
3247.430000
3247.430000
3247.430000
3247.430000
3247.430000
3247.430000
3247.430000
3247.430000
3247.430000
3247.430000
3247.430000
3239.020000
3227.140000
3222.380000
3231.260000
3179.590000
3181.680000
3220.260000
3224.670000
3257.700000
3262.430000
3284.240000
3295.060000
3298.120000
3284.010000
3308.480000
3313.190000
3330.380000
3322.440000
3329.490000
3329.490000
3329.490000
3329.490000
3329.490000
3329.490000
3329.490000
3329.490000
3329.490000
3329.490000
3329.490000
3329.490000
3329.490000
3329.490000
3329.490000
3329.490000
3329.490000
3329.490000
3329.490000
3329.490000
3329.490000
3329.490000
3329.490000
3329.490000
3329.490000
3329.490000
3329.490000
3329.490000
3329.490000
3329.490000
3329.490000
3329.490000
3329.490000
3329.490000
3329.490000
3329.490000
3329.490000
3329.490000
3329.490000
3329.490000
3329.490000
3329.490000
3329.490000
3329.490000
3329.490000
3329.490000
3329.490000
3329.490000
3329.490000
3329.490000
3329.490000
3329.490000
3329.490000
3329.490000
3329.490000
3329.490000
3329.490000
3329.490000
3329.490000
3329.490000
3329.490000
3329.490000
3329.490000
3329.490000
3329.490000
3329.490000
3329.490000
3329.490000
3329.490000
3329.490000
3329.490000
3329.490000
3329.490000
3329.490000
3329.490000
3329.490000
3329.490000
3329.490000
3329.490000
3329.490000
3329.490000
3329.490000
3329.490000
3329.490000
3329.490000
3329.490000
3329.490000
3329.490000
3329.490000
3329.490000
3329.490000
3329.490000
3329.490000
3329.490000
3329.490000
3329.490000
3329.490000
3329.490000
3329.490000
3329.490000
3329.490000
3329.490000
3329.490000
3329.490000
3329.490000
3329.490000
3329.490000
3329.490000
3329.490000
3329.490000
3329.490000
3329.490000
3329.490000
3329.490000
3329.490000
3329.490000
3329.490000
3329.490000
3329.490000
3329.490000
3329.490000
3329.490000
3329.490000
3329.490000
3329.490000
3329.490000
3329.490000
3329.490000
3329.490000
3329.490000
3329.490000
3329.490000
3329.490000
3329.490000
3329.490000
3329.490000
3329.490000
3329.490000
3329.490000
3329.490000
3329.490000
3329.490000
3329.490000
3329.490000
3329.490000
3329.490000
3329.490000
3329.490000
3329.490000
3329.490000
3329.490000
3329.490000
3329.490000
3329.490000
3329.490000
3329.490000
3329.490000
3329.490000
3329.490000
3329.490000
3329.490000
3329.490000
3329.490000
3329.490000
3329.490000
3329.490000
3329.490000
3294.640000
3302.010000
3308.620000
3294.100000
3281.550000
3314.840000
3325.010000
3347.160000
3421.630000
3455.510000
3501.820000
3462.760000
3462.760000
3462.760000
3462.760000
3462.760000
3462.760000
3462.760000
3462.760000
3462.760000
3462.760000
3462.760000
3462.760000
3462.760000
3462.760000
3462.760000
3462.760000
3462.760000
3462.760000
3462.760000
3462.760000
3462.760000
3462.760000
3462.760000
3462.760000
3462.760000
3462.760000
3462.760000
3462.760000
3462.760000
3462.760000
3462.760000
3462.760000
3462.760000
3462.760000
3462.760000
3462.760000
3462.760000
3462.760000
3462.760000
3462.760000
3462.760000
3462.760000
3462.760000
3462.760000
3462.760000
3462.760000
3462.760000
3462.760000
3462.760000
3462.760000
3462.760000
3462.760000
3462.760000
3462.760000
3462.760000
3462.760000
3462.760000
3462.760000
3462.760000
3462.760000
3462.760000
3462.760000
3462.760000
3462.760000
3462.760000
3462.760000
3462.760000
3462.760000
3462.760000
3462.760000
3462.760000
3462.760000
3462.760000
3462.760000
3462.760000
3462.760000
3462.760000
3462.760000
