0.000000
0.000000
0.000000
0.000000
0.000000
0.000000
0.000000
0.000000
0.000000
0.000000
0.000000
0.000000
0.000000
0.000000
0.000000
0.000000
0.000000
0.000000
0.000000
0.000000
0.000000
0.000000
0.000000
0.000000
0.000000
0.000000
0.000000
0.000000
0.000000
0.000000
0.000000
0.000000
0.000000
0.000000
0.000000
0.000000
0.000000
0.000000
0.000000
0.000000
0.000000
0.000000
0.000000
0.000000
0.000000
0.000000
0.000000
0.000000
0.000000
0.000000
0.000000
0.000000
0.000000
0.000000
0.000000
0.000000
0.000000
0.000000
0.000000
0.000000
0.000000
0.000000
0.000000
0.000000
0.000000
0.000000
0.000000
0.000000
0.000000
0.000000
0.000000
0.000000
0.000000
0.000000
0.000000
0.000000
0.000000
0.000000
0.000000
0.000000
0.000000
0.000000
0.000000
0.000000
0.000000
0.000000
0.000000
0.000000
0.000000
0.000000
0.000000
0.000000
0.000000
0.000000
0.000000
0.000000
0.000000
0.000000
0.000000
0.000000
0.000000
0.000000
0.000000
0.000000
0.000000
0.000000
0.000000
0.000000
0.000000
0.000000
0.000000
0.000000
0.000000
0.000000
0.000000
0.000000
0.000000
0.000000
0.000000
0.000000
0.000000
0.000000
0.000000
0.000000
0.000000
0.000000
0.000000
0.000000
0.000000
0.000000
0.000000
0.000000
0.000000
0.000000
0.000000
0.000000
0.000000
0.000000
0.000000
0.000000
0.000000
0.000000
0.000000
0.000000
0.000000
0.000000
0.000000
0.000000
0.000000
0.000000
0.000000
0.000000
0.000000
0.000000
0.000000
0.000000
0.000000
0.000000
0.000000
0.000000
0.000000
0.000000
0.000000
0.000000
0.000000
0.000000
0.000000
0.000000
0.000000
0.000000
0.000000
0.000000
0.000000
0.000000
0.000000
0.000000
0.000000
0.000000
0.000000
0.000000
0.000000
0.000000
0.000000
0.000000
0.000000
0.000000
0.000000
0.000000
0.000000
0.000000
0.000000
0.000000
0.000000
0.000000
0.000000
0.000000
0.000000
0.000000
0.000000
0.000000
0.000000
0.000000
0.000000
0.000000
0.000000
0.000000
0.000000
0.000000
0.000000
0.000000
0.000000
0.000000
0.000000
0.000000
0.000000
0.000000
0.000000
0.000000
0.000000
0.000000
0.000000
0.000000
0.000000
0.000000
0.000000
0.000000
0.000000
0.000000
0.000000
0.000000
0.000000
0.000000
0.000000
0.000000
0.000000
0.000000
0.000000
0.000000
0.000000
0.000000
0.000000
0.000000
0.000000
0.000000
0.000000
0.000000
0.000000
0.000000
0.000000
0.000000
0.000000
0.000000
0.000000
0.000000
0.000000
0.000000
0.000000
0.000000
0.000000
0.000000
0.000000
0.000000
0.000000
0.000000
0.000000
0.000000
0.000000
0.000000
0.000000
0.000000
0.000000
0.000000
0.000000
0.000000
0.000000
0.000000
0.000000
0.000000
0.000000
0.000000
0.000000
0.000000
0.000000
0.000000
0.000000
0.000000
0.000000
0.000000
0.000000
0.000000
0.000000
0.000000
0.000000
0.000000
0.000000
0.000000
0.000000
0.000000
0.000000
0.000000
0.000000
0.000000
0.000000
0.000000
0.000000
0.000000
0.000000
0.000000
0.000000
0.000000
0.000000
0.000000
0.000000
0.000000
0.000000
0.000000
0.000000
0.000000
0.000000
0.000000
0.000000
0.000000
0.000000
0.000000
0.000000
0.000000
0.000000
0.000000
0.000000
0.000000
0.000000
0.000000
0.000000
0.000000
0.000000
0.000000
0.000000
0.000000
0.000000
0.000000
0.000000
0.000000
0.000000
0.000000
0.000000
0.000000
0.000000
0.000000
0.000000
0.000000
0.000000
0.000000
0.000000
0.000000
0.000000
0.000000
0.000000
0.000000
0.000000
0.000000
0.000000
0.000000
0.000000
0.000000
0.000000
0.000000
0.000000
0.000000
0.000000
0.000000
0.000000
0.000000
0.000000
0.000000
0.000000
0.000000
0.000000
0.000000
0.000000
0.000000
0.000000
0.000000
0.000000
0.000000
0.000000
0.000000
0.000000
0.000000
0.000000
0.000000
0.000000
0.000000
0.000000
0.000000
0.000000
0.000000
0.000000
0.000000
0.000000
0.000000
0.000000
0.000000
0.000000
0.000000
0.000000
0.000000
0.000000
0.000000
0.000000
-5.840000
-31.230000
-94.600000
-116.280000
-191.180000
-202.850000
-186.780000
-187.170000
-225.110000
-194.680000
-188.070000
-166.150000
-211.430000
-286.300000
-286.300000
-286.300000
-286.300000
-286.300000
-286.300000
-286.300000
-286.300000
-286.300000
-286.300000
-354.630000
-354.630000
-354.630000
-354.630000
-354.630000
-354.630000
-354.630000
-354.630000
-354.630000
-354.630000
-354.630000
-354.630000
-354.630000
-354.630000
-354.630000
-354.630000
-354.630000
-354.630000
-354.630000
-354.630000
-354.630000
-354.630000
-354.630000
-354.630000
-354.630000
-354.630000
-354.630000
-354.630000
-354.630000
-354.630000
-354.630000
-354.630000
-354.630000
-354.630000
-354.630000
-354.630000
-354.630000
-354.630000
-354.630000
-354.630000
-354.630000
-354.630000
-354.630000
-354.630000
-354.630000
-354.630000
-354.630000
-354.630000
-354.630000
-354.630000
-354.630000
-354.630000
-354.630000
-354.630000
-354.630000
-354.630000
-354.630000
-354.630000
-354.630000
-354.630000
-354.630000
-354.630000
-354.630000
-354.630000
-354.630000
-354.630000
-354.630000
-354.630000
-354.630000
-354.630000
-354.630000
-354.630000
-354.630000
-354.630000
-354.630000
-354.630000
-354.630000
-354.630000
-354.630000
-354.630000
-354.630000
-354.630000
-354.630000
-354.630000
-354.630000
-354.630000
-354.630000
-354.630000
-354.630000
-354.630000
-354.630000
-354.630000
-376.400000
-548.240000
-550.250000
-545.150000
-439.390000
-195.170000
-356.670000
-80.410000
-220.750000
106.450000
152.370000
415.130000
415.130000
415.130000
415.130000
415.130000
415.130000
415.130000
415.130000
415.130000
415.130000
415.130000
415.130000
415.130000
415.130000
415.130000
415.130000
415.130000
415.130000
415.130000
415.130000
415.130000
415.130000
415.130000
415.130000
415.130000
415.130000
415.130000
415.130000
415.130000
415.130000
415.130000
415.130000
415.130000
415.130000
415.130000
415.130000
415.130000
415.130000
415.130000
415.130000
415.130000
415.130000
415.130000
415.130000
415.130000
415.130000
415.130000
415.130000
415.130000
415.130000
415.130000
415.130000
415.130000
415.130000
415.130000
415.130000
415.130000
415.130000
415.130000
415.130000
415.130000
415.130000
415.130000
415.130000
415.130000
415.130000
415.130000
415.130000
415.130000
415.130000
415.130000
415.130000
415.130000
415.130000
415.130000
415.130000
415.130000
415.130000
415.130000
415.130000
415.130000
415.130000
415.130000
415.130000
415.130000
415.130000
415.130000
415.130000
415.130000
415.130000
415.130000
415.130000
415.130000
415.130000
415.130000
415.130000
415.130000
415.130000
415.130000
415.130000
415.130000
415.130000
415.130000
415.130000
415.130000
415.130000
415.130000
415.130000
415.130000
415.130000
415.130000
415.130000
415.130000
415.130000
415.130000
415.130000
415.130000
415.130000
415.130000
415.130000
415.130000
415.130000
415.130000
415.130000
415.130000
415.130000
415.130000
415.130000
415.130000
415.130000
415.130000
415.130000
415.130000
415.130000
415.130000
415.130000
415.130000
415.130000
415.130000
415.130000
415.130000
415.130000
415.130000
415.130000
415.130000
415.130000
415.130000
415.130000
415.130000
415.130000
415.130000
415.130000
415.130000
415.130000
415.130000
415.130000
415.130000
415.130000
415.130000
415.130000
415.130000
415.130000
415.130000
415.130000
415.130000
415.130000
415.130000
415.130000
415.130000
415.130000
415.130000
415.130000
415.130000
415.130000
415.130000
415.130000
415.130000
415.130000
415.130000
415.130000
415.130000
415.130000
415.130000
415.130000
415.130000
415.130000
415.130000
415.130000
415.130000
415.130000
415.130000
415.130000
415.130000
415.130000
415.130000
415.130000
415.130000
415.130000
415.130000
415.130000
415.130000
415.130000
415.130000
415.130000
415.130000
415.130000
415.130000
415.130000
415.130000
415.130000
415.130000
415.130000
415.130000
415.130000
415.130000
415.130000
415.130000
415.130000
415.130000
415.130000
415.130000
415.130000
415.130000
415.130000
415.130000
415.130000
415.130000
415.130000
415.130000
415.130000
415.130000
415.130000
415.130000
415.130000
415.130000
415.130000
415.130000
415.130000
415.130000
415.130000
415.130000
415.130000
415.130000
415.130000
415.130000
415.130000
415.130000
415.130000
415.130000
415.130000
415.130000
415.130000
415.130000
415.130000
415.130000
415.130000
415.130000
415.130000
415.130000
415.130000
415.130000
415.130000
415.130000
415.130000
415.130000
415.130000
415.130000
415.130000
415.130000
415.130000
415.130000
415.130000
415.130000
415.130000
415.130000
415.130000
415.130000
415.130000
415.130000
415.130000
415.130000
415.130000
415.130000
415.130000
415.130000
415.130000
415.130000
415.130000
415.130000
415.130000
196.150000
196.150000
196.150000
196.150000
196.150000
196.150000
196.150000
196.150000
196.150000
196.150000
196.150000
196.150000
196.150000
196.150000
196.150000
196.150000
196.150000
196.150000
196.150000
196.150000
196.150000
196.150000
196.150000
196.150000
196.150000
196.150000
196.150000
196.150000
196.150000
196.150000
196.150000
196.150000
196.150000
196.150000
196.150000
196.150000
196.150000
196.150000
196.150000
196.150000
196.150000
196.150000
196.150000
196.150000
196.150000
196.150000
196.150000
196.150000
196.150000
196.150000
196.150000
196.150000
196.150000
196.150000
196.150000
196.150000
196.150000
196.150000
196.150000
196.150000
196.150000
196.150000
196.150000
196.150000
196.150000
196.150000
196.150000
196.150000
196.150000
196.150000
196.150000
196.150000
196.150000
196.150000
196.150000
196.150000
196.150000
196.150000
196.150000
196.150000
196.150000
196.150000
196.150000
196.150000
196.150000
196.150000
196.150000
196.150000
196.150000
196.150000
196.150000
196.150000
196.150000
196.150000
196.150000
196.150000
196.150000
196.150000
196.150000
196.150000
196.150000
196.150000
196.150000
196.150000
196.150000
196.150000
196.150000
196.150000
196.150000
196.150000
196.150000
196.150000
196.150000
196.150000
196.150000
196.150000
196.150000
196.150000
196.150000
196.150000
196.150000
196.150000
196.150000
196.150000
196.150000
196.150000
196.150000
196.150000
196.150000
196.150000
196.150000
196.150000
196.150000
196.150000
196.150000
196.150000
196.150000
196.150000
196.150000
196.150000
196.150000
196.150000
196.150000
196.150000
196.150000
196.150000
196.150000
196.150000
196.150000
196.150000
196.150000
196.150000
196.150000
196.150000
196.150000
196.150000
196.150000
196.150000
196.150000
196.150000
196.150000
196.150000
196.150000
189.030000
359.190000
298.570000
337.620000
184.280000
109.310000
62.110000
154.130000
147.240000
123.750000
49.580000
94.400000
92.540000
89.950000
-82.200000
-82.200000
-82.200000
-82.200000
-82.200000
-82.200000
-82.200000
-82.200000
-82.200000
-82.200000
-82.200000
-82.200000
-82.200000
-82.200000
-82.200000
-82.200000
-82.200000
-82.200000
-82.200000
-82.200000
-82.200000
-82.200000
-82.200000
-82.200000
-82.200000
-82.200000
-82.200000
-82.200000
-82.200000
-82.200000
-82.200000
-82.200000
-82.200000
-82.200000
-82.200000
-82.200000
-82.200000
-82.200000
-82.200000
-82.200000
-82.200000
-82.200000
-82.200000
-82.200000
-82.200000
-82.200000
-82.200000
-82.200000
-82.200000
-82.200000
-82.200000
-82.200000
-82.200000
-82.200000
-82.200000
-82.200000
-82.200000
-82.200000
-82.200000
-82.200000
-82.200000
-82.200000
-82.200000
-82.200000
-82.200000
-82.200000
-82.200000
-82.200000
-82.200000
-82.200000
-82.200000
-82.200000
-82.200000
-82.200000
-82.200000
-82.200000
-82.200000
-82.200000
-82.200000
-82.200000
-82.200000
-82.200000
-82.200000
-82.200000
-82.200000
-82.200000
-82.200000
-82.200000
-82.200000
-82.200000
-82.200000
-82.200000
-82.200000
-82.200000
-82.200000
-82.200000
-82.200000
-82.200000
-82.200000
-82.200000
-82.200000
-82.200000
-82.200000
-82.200000
-82.200000
-82.200000
-82.200000
-82.200000
-82.200000
-82.200000
-82.200000
-82.200000
-82.200000
-82.200000
-82.200000
-82.200000
-82.200000
-82.200000
-82.200000
-82.200000
-82.200000
-82.200000
-82.200000
-82.200000
-82.200000
-82.200000
-82.200000
-82.200000
-82.200000
-153.640000
-93.980000
-244.640000
-249.750000
-238.380000
-285.680000
-252.780000
-156.570000
-115.870000
-177.050000
-224.320000
-270.290000
-279.400000
-371.460000
-371.460000
-371.460000
-371.460000
-371.460000
-371.460000
-371.460000
-371.460000
-371.460000
-371.460000
-371.460000
-371.460000
-371.460000
-371.460000
-371.460000
-371.460000
-371.460000
-371.460000
-371.460000
-371.460000
-371.460000
-371.460000
-371.460000
-371.460000
-371.460000
-371.460000
-371.460000
-371.460000
-371.460000
-371.460000
-371.460000
-371.460000
-371.460000
-371.460000
-371.460000
-371.460000
-371.460000
-371.460000
-371.460000
-371.460000
-371.460000
-371.460000
-371.460000
-371.460000
-371.460000
-371.460000
-371.460000
-371.460000
-371.460000
-371.460000
-371.460000
-371.460000
-371.460000
-371.460000
-371.460000
-371.460000
-371.460000
-371.460000
-371.460000
-371.460000
-371.460000
-371.460000
-371.460000
-371.460000
-371.460000
-371.460000
-371.460000
-371.460000
-371.460000
-371.460000
-371.460000
-371.460000
-371.460000
-371.460000
-371.460000
-371.460000
-371.460000
-371.460000
-371.460000
-371.460000
-371.460000
-371.460000
-371.460000
-371.460000
-371.460000
-371.460000
-371.460000
-371.460000
-371.460000
-371.460000
-371.460000
-371.460000
-371.460000
-371.460000
-371.460000
-371.460000
-371.460000
-371.460000
-371.460000
-371.460000
-371.460000
-371.460000
-371.460000
-371.460000
-371.460000
-371.460000
-371.460000
-371.460000
-371.460000
-371.460000
-371.460000
-371.460000
-371.460000
-371.460000
-371.460000
-371.460000
-371.460000
-371.460000
-371.460000
-371.460000
-371.460000
-371.460000
-371.460000
-371.460000
-371.460000
-371.460000
-371.460000
-371.460000
-371.460000
-371.460000
-371.460000
-371.460000
-371.460000
-371.460000
-371.460000
-371.460000
-371.460000
-371.460000
-371.460000
-371.460000
-371.460000
-371.460000
-371.460000
-371.460000
-371.460000
-371.460000
-371.460000
-371.460000
-371.460000
-371.460000
-371.460000
-371.460000
-371.460000
-371.460000
-371.460000
-371.460000
-371.460000
-371.460000
-371.460000
-371.460000
-371.460000
-371.460000
-371.460000
-371.460000
-371.460000
-371.460000
-371.460000
-371.460000
-371.460000
-371.460000
-371.460000
-371.460000
-371.460000
-371.460000
-371.460000
-371.460000
-371.460000
-371.460000
-371.460000
-371.460000
-371.460000
-371.460000
-371.460000
-371.460000
-371.460000
-371.460000
-371.460000
-371.460000
-371.460000
-371.460000
-371.460000
-371.460000
-371.460000
-371.460000
-371.460000
-371.460000
-371.460000
-371.460000
-368.660000
-339.490000
-321.590000
-303.910000
-226.820000
-308.420000
-363.240000
-368.820000
-384.280000
-402.060000
-397.200000
-656.980000
-698.480000
-772.540000
-821.320000
-795.310000
-829.180000
-915.640000
-915.640000
-915.640000
-915.640000
-915.640000
-915.640000
-915.640000
-915.640000
-915.640000
-915.640000
-915.640000
-915.640000
-915.640000
-915.640000
-915.640000
-915.640000
-915.640000
-915.640000
-915.640000
-915.640000
-915.640000
-915.640000
-915.640000
-798.570000
-917.280000
-973.220000
-942.480000
-640.520000
-621.560000
-977.840000
-1159.800000
-1140.020000
-1160.000000
-1302.590000
-1224.410000
-1189.310000
-1315.310000
-1384.970000
-1378.880000
-1345.910000
-1370.060000
-1244.210000
-1352.810000
-1530.620000
-1510.580000
-1490.100000
-1316.180000
-1318.900000
-1365.720000
-1203.160000
-1354.260000
-1325.480000
-1254.420000
-1337.620000
-1270.500000
-1089.000000
-1257.920000
-1257.920000
-1257.920000
-1257.920000
-1257.920000
-1257.920000
-1257.920000
-1257.920000
-1257.920000
-1257.920000
-1257.920000
-1257.920000
-1257.920000
-1257.920000
-1257.920000
-1257.920000
-1257.920000
-1257.920000
-1257.920000
-1257.920000
-1257.920000
-1257.920000
-1257.920000
-1257.920000
-1257.920000
-1257.920000
-1257.920000
-1257.920000
-1257.920000
-1257.920000
-1257.920000
-1257.920000
-1257.920000
-1257.920000
-1257.920000
-1257.920000
-1257.920000
-1257.920000
-1257.920000
-1257.920000
-1257.920000
-1257.920000
-1257.920000
-1257.920000
-1257.920000
-1257.920000
-1257.920000
-1257.920000
-1257.920000
-1257.920000
-1257.920000
-1257.920000
-1257.920000
-1257.920000
-1257.920000
-1257.920000
-1257.920000
-1257.920000
-1257.920000
-1257.920000
-1257.920000
-1257.920000
-1257.920000
-1257.920000
-1257.920000
-1257.920000
-1257.920000
-1257.920000
-1257.920000
-1257.920000
-1257.920000
-1257.920000
-1257.920000
-1257.920000
-1257.920000
-1257.920000
-1257.920000
-1257.920000
-1257.920000
-1257.920000
-1257.920000
-1257.920000
-1257.920000
-1257.920000
-1257.920000
-1257.920000
-1257.920000
-1257.920000
-1257.920000
-1257.920000
-1257.920000
-1257.920000
-1257.920000
-1257.920000
-1257.920000
-1257.920000
-1257.920000
-1257.920000
-1257.920000
-1257.920000
-1257.920000
-1257.920000
-1257.920000
-1257.920000
-1257.920000
-1257.920000
-1257.920000
-1257.920000
-1257.920000
-1257.920000
-1257.920000
-1257.920000
-1257.920000
-1257.920000
-1257.920000
-1257.920000
-1257.920000
-1257.920000
-1257.920000
-1257.920000
-1257.920000
-1257.920000
-1257.920000
-1257.920000
-1257.920000
-1257.920000
-1257.920000
-1257.920000
-1257.920000
-1257.920000
-1257.920000
-1257.920000
-1257.920000
-1257.920000
-1257.920000
-1257.920000
-1257.920000
-1257.920000
-1257.920000
-1257.920000
-1257.920000
-1257.920000
-1257.920000
-1257.920000
-1257.920000
-1257.920000
-1257.920000
-1257.920000
-1257.920000
-1257.920000
-1257.920000
-1257.920000
-1257.920000
-1257.920000
-1257.920000
-1257.920000
-1257.920000
-1257.920000
-1257.920000
-1257.920000
-1257.920000
-1257.920000
-1257.920000
-1257.920000
-1257.920000
-1257.920000
-1257.920000
-1257.920000
-1257.920000
-1257.920000
-1257.920000
-1257.920000
-1257.920000
-1257.920000
-1257.920000
-1257.920000
-1257.920000
-1257.920000
-1257.920000
-1257.920000
-1257.920000
-1257.920000
-1257.920000
-1257.920000
-1257.920000
-1257.920000
-1257.920000
-1257.920000
-1257.920000
-1257.920000
-1257.920000
-1257.920000
-1257.920000
-1257.920000
-1257.920000
-1257.920000
-1257.920000
-1257.920000
-1257.920000
-1257.920000
-1257.920000
-1257.920000
-1257.920000
-1257.920000
-1257.920000
-1257.920000
-1257.920000
-1257.920000
-1257.920000
-1257.920000
-1257.920000
-1257.920000
-1257.920000
-1257.920000
-1257.920000
-1257.920000
-1257.920000
-1257.920000
-1257.920000
-1257.920000
-1257.920000
-1257.920000
-1257.920000
-1257.920000
-1257.920000
-1257.920000
-1257.920000
-1257.920000
-1257.920000
-1257.920000
-1257.920000
-1257.920000
-1257.920000
-1257.920000
-1257.920000
-1257.920000
-1257.920000
-1257.920000
-1257.920000
-1257.920000
-1257.920000
-1257.920000
-1257.920000
-1257.920000
-1257.920000
-1257.920000
-1257.920000
-1257.920000
-1257.920000
-1257.920000
-1257.920000
-1257.920000
-1257.920000
-1257.920000
-1257.920000
-1257.920000
-1257.920000
-1257.920000
-1257.920000
-1257.920000
-1257.920000
-1257.920000
-1257.920000
-1257.920000
-1257.920000
-1257.920000
-1257.920000
-1257.920000
-1257.920000
-1257.920000
-1257.920000
-1257.920000
-1257.920000
-1257.920000
-1257.920000
-1257.920000
-1257.920000
-1257.920000
-1257.920000
-1257.920000
-1257.920000
-1257.920000
-1257.920000
-1257.920000
-1257.920000
-1257.920000
-1257.920000
-1257.920000
-1257.920000
-1257.920000
-1257.920000
-1257.920000
-1257.920000
-1257.920000
-1257.920000
-1257.920000
-1257.920000
-1257.920000
-1257.920000
-1257.920000
-1257.920000
-1257.920000
-1257.920000
-1257.920000
-1257.920000
-1257.920000
-1257.920000
-1257.920000
-1257.920000
-1257.920000
-1257.920000
-1257.920000
-1257.920000
-1257.920000
-1257.920000
-1257.920000
-1257.920000
-1257.920000
-1257.920000
-1257.920000
-1257.920000
-1257.920000
-1257.920000
-1257.920000
-1257.920000
-1257.920000
-1257.920000
-1257.920000
-1257.920000
-1257.920000
-1257.920000
-1257.920000
-1257.920000
-1257.920000
-1257.920000
-1257.920000
-1257.920000
-1257.920000
-1257.920000
-1257.920000
-1257.920000
-1257.920000
-1257.920000
-1257.920000
-1257.920000
-1257.920000
-1257.920000
-1257.920000
-1257.920000
-1257.920000
-1257.920000
-1257.920000
-1257.920000
-1257.920000
-1257.920000
-1257.920000
-1257.920000
-1257.920000
-1257.920000
-1257.920000
-1257.920000
-1257.920000
-1257.920000
-1257.920000
-1257.920000
-1257.920000
-1257.920000
-1257.920000
-1257.920000
-1257.920000
-1257.920000
-1257.920000
-1257.920000
-1257.920000
-1257.920000
-1257.920000
-1257.920000
-1257.920000
-1257.920000
-1257.920000
-1257.920000
-1257.920000
-1257.920000
-1257.920000
-1257.920000
-1257.920000
-1257.920000
-1257.920000
-1257.920000
-1257.920000
-1257.920000
-1257.920000
-1257.920000
-1257.920000
-1257.920000
-1257.920000
-1257.920000
-1257.920000
-1257.920000
-1257.920000
-1257.920000
-1257.920000
-1257.920000
-1257.920000
-1257.920000
-1257.920000
-1257.920000
-1257.920000
-1257.920000
-1257.920000
-1257.920000
-1257.920000
-1257.920000
-1257.920000
-1257.920000
-1257.920000
-1257.920000
-1257.920000
-1257.920000
-1257.920000
-1257.920000
-1257.920000
-1257.920000
-1257.920000
-1257.920000
-1257.920000
-1257.920000
-1257.920000
-1257.920000
-1257.920000
-1257.920000
-1257.920000
-1257.920000
-1257.920000
-1257.920000
-1257.920000
-1257.920000
-1257.920000
-1257.920000
-1257.920000
-1257.920000
-1257.920000
-1257.920000
-1257.920000
-1257.920000
-1257.920000
-1257.920000
-1257.920000
-1257.920000
-1257.920000
-1257.920000
-1257.920000
-1257.920000
-1257.920000
-1257.920000
-1257.920000
-1257.920000
-1257.920000
-1257.920000
-1257.920000
-1257.920000
-1257.920000
-1257.920000
-1257.920000
-1257.920000
-1257.920000
-1257.920000
-1257.920000
-1257.920000
-1257.920000
-1257.920000
-1257.920000
-1257.920000
-1257.920000
-1257.920000
-1257.920000
-1257.920000
-1257.920000
-1257.920000
-1257.920000
-1257.920000
-1257.920000
-1257.920000
-1257.920000
-1257.920000
-1257.920000
-1257.920000
-1257.920000
-1257.920000
-1257.920000
-1257.920000
-1257.920000
-1257.920000
-1257.920000
-1257.920000
-1257.920000
-1257.920000
-1257.920000
-1257.920000
-1257.920000
-1257.920000
-1257.920000
-1257.920000
-1257.920000
-1257.920000
-1257.920000
-1257.920000
-1257.920000
-1257.920000
-1257.920000
-1257.920000
-1257.920000
-1257.920000
-1257.920000
-1257.920000
-1257.920000
-1257.920000
-1257.920000
-1257.920000
-1257.920000
-1257.920000
-1257.920000
-1257.920000
-1257.920000
-1257.920000
-1257.920000
-1257.920000
-1257.920000
-1257.920000
-1257.920000
-1257.920000
-1257.920000
-1257.920000
-1257.920000
-1257.920000
-1257.920000
-1257.920000
-1257.920000
-1257.920000
-1257.920000
-1257.920000
-1257.920000
-1257.920000
-1257.920000
-1257.920000
-1257.920000
-1257.920000
-1257.920000
-1257.920000
-1257.920000
-1257.920000
-1257.920000
-1257.920000
-1257.920000
-1257.920000
-1257.920000
-1257.920000
-1257.920000
-1257.920000
-1257.920000
-1257.920000
-1257.920000
-1257.920000
-1257.920000
-1257.920000
-1257.920000
-1257.920000
-1257.920000
-1257.920000
-1257.920000
-1257.920000
-1257.920000
-1257.920000
-1257.920000
-1257.920000
-1257.920000
-1257.920000
-1257.920000
-1257.920000
-1257.920000
-1257.920000
-1257.920000
-1257.920000
-1257.920000
-1257.920000
-1257.920000
-1257.920000
-1257.920000
-1257.920000
-1257.920000
-1257.920000
-1257.920000
-1257.920000
-1257.920000
-1257.920000
-1257.920000
-1257.920000
-1257.920000
-1257.920000
-1257.920000
-1257.920000
-1257.920000
-1257.920000
-1257.920000
-1257.920000
-1257.920000
-1257.920000
-1257.920000
-1257.920000
-1257.920000
-1257.920000
-1257.920000
-1257.920000
-1257.920000
-1257.920000
-1257.920000
-1257.920000
-1257.920000
-1257.920000
-1257.920000
-1257.920000
-1257.920000
-1257.920000
-1257.920000
-1257.920000
-1257.920000
-1257.920000
-1257.920000
-1257.920000
-1257.920000
-1257.920000
-1257.920000
-1257.920000
-1257.920000
-1257.920000
-1257.920000
-1257.920000
-1257.920000
-1257.920000
-1257.920000
-1257.920000
-1257.920000
-1257.920000
-1257.920000
-1257.920000
-1257.920000
-1257.920000
-1257.920000
-1257.920000
-1257.920000
-1257.920000
-1257.920000
-1257.920000
-1257.920000
-1257.920000
-1257.920000
-1257.920000
-1257.920000
-1257.920000
-1257.920000
-1257.920000
-1257.920000
-1257.920000
-1257.920000
-1273.570000
-1247.920000
-1181.660000
-1167.040000
-1279.520000
-1298.620000
-1316.780000
-1124.190000
-1039.530000
-1076.180000
-1076.180000
-1076.180000
-1076.180000
-1076.180000
-1076.180000
-1076.180000
-1076.180000
-1076.180000
-1076.180000
-1076.180000
-1076.180000
-1076.180000
-1076.180000
-1076.180000
-1076.180000
-1076.180000
-1076.180000
-1076.180000
-1076.180000
-1076.180000
-1076.180000
-1076.180000
-1076.180000
-1076.180000
-1076.180000
-1076.180000
-1076.180000
-1076.180000
-1076.180000
-1076.180000
-1076.180000
-1076.180000
-1076.180000
-1076.180000
-1076.180000
-1076.180000
-1076.180000
-1076.180000
-1076.180000
-1076.180000
-1076.180000
-1076.180000
-1076.180000
-1076.180000
-1076.180000
-1076.180000
-1076.180000
-1076.180000
-1107.940000
-1148.100000
-1145.350000
-1174.930000
-1143.550000
-1121.900000
-1216.730000
-1235.760000
-1292.500000
-1260.360000
-1269.140000
-1263.150000
-1286.110000
-1367.020000
-1357.140000
-1418.200000
-1418.200000
-1418.200000
-1418.200000
-1418.200000
-1418.200000
-1418.200000
-1418.200000
-1418.200000
-1418.200000
-1418.200000
-1418.200000
-1418.200000
-1418.200000
-1418.200000
-1418.200000
-1418.200000
-1418.200000
-1418.200000
-1418.200000
-1418.200000
-1418.200000
-1418.200000
-1418.200000
-1418.200000
-1418.200000
-1418.200000
-1418.200000
-1418.200000
-1418.200000
-1418.200000
-1418.200000
-1418.200000
-1418.200000
-1418.200000
-1418.200000
-1418.200000
-1418.200000
-1418.200000
-1418.200000
-1418.200000
-1418.200000
-1418.200000
-1418.200000
-1418.200000
-1418.200000
-1418.200000
-1418.200000
-1418.200000
-1418.200000
-1418.200000
-1418.200000
-1418.200000
-1418.200000
-1418.200000
-1418.200000
-1418.200000
-1418.200000
-1418.200000
-1418.200000
-1418.200000
-1418.200000
-1418.200000
-1418.200000
-1418.200000
-1418.200000
-1418.200000
-1418.200000
-1418.200000
-1418.200000
-1418.200000
-1418.200000
-1418.200000
-1418.200000
-1418.200000
-1418.200000
-1418.200000
-1418.200000
-1418.200000
-1418.200000
-1418.200000
-1418.200000
-1418.200000
-1418.200000
-1418.200000
-1418.200000
-1418.200000
-1418.200000
-1418.200000
-1418.200000
-1418.200000
-1418.200000
-1418.200000
-1418.200000
-1418.200000
-1418.200000
-1418.200000
-1418.200000
-1418.200000
-1418.200000
-1418.200000
-1418.200000
-1418.200000
-1418.200000
-1418.200000
-1418.200000
-1418.200000
-1418.200000
-1418.200000
-1418.200000
-1418.200000
-1418.200000
-1418.200000
-1418.200000
-1418.200000
-1418.200000
-1418.200000
-1418.200000
-1418.200000
-1418.200000
-1418.200000
-1418.200000
-1418.200000
-1418.200000
-1418.200000
-1418.200000
-1418.200000
-1418.200000
-1418.200000
-1418.200000
-1418.200000
-1418.200000
-1418.200000
-1418.200000
-1418.200000
-1418.200000
-1418.200000
-1418.200000
-1418.200000
-1418.200000
-1418.200000
-1418.200000
-1418.200000
-1418.200000
-1418.200000
-1418.200000
-1418.200000
-1418.200000
-1418.200000
-1418.200000
-1418.200000
-1418.200000
-1418.200000
-1418.200000
-1418.200000
-1418.200000
-1418.200000
-1418.200000
-1418.200000
-1418.200000
-1418.200000
-1418.200000
-1418.200000
-1418.200000
-1418.200000
-1418.200000
-1418.200000
-1418.200000
-1418.200000
-1418.200000
-1418.200000
-1418.200000
-1418.200000
-1418.200000
-1418.200000
-1418.200000
-1418.200000
-1418.200000
-1418.200000
-1418.200000
-1418.200000
-1418.200000
-1418.200000
-1418.200000
-1418.200000
-1418.200000
-1418.200000
-1418.200000
-1418.200000
-1418.200000
-1418.200000
-1418.200000
-1418.200000
-1418.200000
-1418.200000
-1418.200000
-1418.200000
-1418.200000
-1418.200000
-1418.200000
-1418.200000
-1418.200000
-1418.200000
-1418.200000
-1418.200000
-1418.200000
-1418.200000
-1418.200000
-1418.200000
-1418.200000
-1418.200000
-1418.200000
-1418.200000
-1418.200000
-1418.200000
-1418.200000
-1418.200000
-1418.200000
-1418.200000
-1418.200000
-1418.200000
-1418.200000
-1418.200000
-1418.200000
-1418.200000
-1418.200000
-1418.200000
-1418.200000
-1418.200000
-1418.200000
-1418.200000
-1418.200000
-1418.200000
-1418.200000
-1418.200000
-1418.200000
-1418.200000
-1418.200000
-1418.200000
-1418.200000
-1418.200000
-1418.200000
-1418.200000
-1418.200000
-1418.200000
-1418.200000
-1418.200000
-1418.200000
-1418.200000
-1418.200000
-1418.200000
-1418.200000
-1418.200000
-1418.200000
-1418.200000
-1418.200000
-1418.200000
-1418.200000
-1418.200000
-1418.200000
-1418.200000
-1418.200000
-1418.200000
-1418.200000
-1418.200000
-1418.200000
-1418.200000
-1418.200000
-1418.200000
-1418.200000
-1418.200000
-1418.200000
-1418.200000
-1418.200000
-1418.200000
-1418.200000
-1418.200000
-1418.200000
-1418.200000
-1418.200000
-1418.200000
-1418.200000
-1418.200000
-1418.200000
-1418.200000
-1418.200000
-1418.200000
-1418.200000
-1418.200000
-1418.200000
-1418.200000
-1418.200000
-1418.200000
-1418.200000
-1418.200000
-1418.200000
-1418.200000
-1418.200000
-1418.200000
-1418.200000
-1418.200000
-1418.200000
-1418.200000
-1418.200000
-1418.200000
-1418.200000
-1418.200000
-1418.200000
-1418.200000
-1418.200000
-1418.200000
-1418.200000
-1418.200000
-1418.200000
-1418.200000
-1418.200000
-1418.200000
-1418.200000
-1418.200000
-1418.200000
-1418.200000
-1418.200000
-1418.200000
-1418.200000
-1418.200000
-1418.200000
-1418.200000
-1418.200000
-1418.200000
-1418.200000
-1418.200000
-1418.200000
-1418.200000
-1418.200000
-1418.200000
-1418.200000
-1418.200000
-1418.200000
-1418.200000
-1418.200000
-1418.200000
-1418.200000
-1418.200000
-1418.200000
-1418.200000
-1418.200000
-1418.200000
-1418.200000
-1418.200000
-1418.200000
-1418.200000
-1418.200000
-1418.200000
-1418.200000
-1418.200000
-1418.200000
-1418.200000
-1418.200000
-1418.200000
-1418.200000
-1418.200000
-1418.200000
-1418.200000
-1418.200000
-1418.200000
-1418.200000
-1418.200000
-1418.200000
-1418.200000
-1418.200000
-1418.200000
-1418.200000
-1418.200000
-1418.200000
-1418.200000
-1418.200000
-1418.200000
-1418.200000
-1418.200000
-1418.200000
-1418.200000
-1418.200000
-1418.200000
-1418.200000
-1418.200000
-1418.200000
-1418.200000
-1418.200000
-1418.200000
-1418.200000
-1478.400000
-1058.000000
-975.960000
-975.960000
-975.960000
-975.960000
-975.960000
-975.960000
-975.960000
-975.960000
-975.960000
-975.960000
-975.960000
-975.960000
-975.960000
-975.960000
-975.960000
-975.960000
-975.960000
-975.960000
-975.960000
-975.960000
-975.960000
-975.960000
-975.960000
-975.960000
-975.960000
-975.960000
-975.960000
-975.960000
-975.960000
-975.960000
-975.960000
-975.960000
-975.960000
-975.960000
-975.960000
-975.960000
-975.960000
-975.960000
-975.960000
-975.960000
-975.960000
-975.960000
-975.960000
-975.960000
-975.960000
-975.960000
-975.960000
-975.960000
-975.960000
-975.960000
-975.960000
-975.960000
-975.960000
-975.960000
-975.960000
-975.960000
-975.960000
-975.960000
-975.960000
-975.960000
-975.960000
-975.960000
-975.960000
-975.960000
-975.960000
-975.960000
-975.960000
-975.960000
-975.960000
-975.960000
-975.960000
-975.960000
-975.960000
-975.960000
-975.960000
-975.960000
-975.960000
-975.960000
-975.960000
-975.960000
-975.960000
-975.960000
-975.960000
-975.960000
-975.960000
-975.960000
-975.960000
-975.960000
-975.960000
-975.960000
-975.960000
-975.960000
-975.960000
-975.960000
-975.960000
-975.960000
-975.960000
-975.960000
-975.960000
-975.960000
-975.960000
-975.960000
-975.960000
-975.960000
-975.960000
-975.960000
-975.960000
-975.960000
-975.960000
-975.960000
-975.960000
-975.960000
-975.960000
-975.960000
-975.960000
-975.960000
-975.960000
-975.960000
-975.960000
-975.960000
-975.960000
-975.960000
-975.960000
-975.960000
-975.960000
-975.960000
-975.960000
-975.960000
-975.960000
-975.960000
-975.960000
-975.960000
-975.960000
-975.960000
-975.960000
-975.960000
-975.960000
-975.960000
-975.960000
-975.960000
-975.960000
-975.960000
-975.960000
-975.960000
-975.960000
-975.960000
-975.960000
-975.960000
-975.960000
-975.960000
-975.960000
-975.960000
-975.960000
-975.960000
-975.960000
-975.960000
-975.960000
-975.960000
-975.960000
-975.960000
-975.960000
-975.960000
-975.960000
-975.960000
-975.960000
-975.960000
-975.960000
-975.960000
-975.960000
-975.960000
-975.960000
-975.960000
-975.960000
-975.960000
-975.960000
-975.960000
-975.960000
-975.960000
-975.960000
-975.960000
-975.960000
-975.960000
-975.960000
-975.960000
-975.960000
-975.960000
-975.960000
-975.960000
-975.960000
-975.960000
-975.960000
-975.960000
-975.960000
-975.960000
-975.960000
-975.960000
-975.960000
-975.960000
-975.960000
-975.960000
-975.960000
-975.960000
-975.960000
-975.960000
-975.960000
-975.960000
-975.960000
-975.960000
-975.960000
-975.960000
-975.960000
-975.960000
-975.960000
-975.960000
-975.960000
-975.960000
-975.960000
-975.960000
-975.960000
-975.960000
-975.960000
-975.960000
-975.960000
-975.960000
-975.960000
-975.960000
-975.960000
-975.960000
-975.960000
-975.960000
-975.960000
-975.960000
-975.960000
-975.960000
-975.960000
-975.960000
-975.960000
-975.960000
-975.960000
-975.960000
-975.960000
-975.960000
-975.960000
-975.960000
-975.960000
-975.960000
-975.960000
-975.960000
-975.960000
-975.960000
-975.960000
-975.960000
-975.960000
-975.960000
-975.960000
-975.960000
-975.960000
-975.960000
-975.960000
-975.960000
-975.960000
-975.960000
-975.960000
-975.960000
-975.960000
-975.960000
-975.960000
-975.960000
-975.960000
-975.960000
-975.960000
-975.960000
-975.960000
-975.960000
-975.960000
-975.960000
-975.960000
-975.960000
-975.960000
-975.960000
-975.960000
-975.960000
-975.960000
-975.960000
-975.960000
-975.960000
-975.960000
-975.960000
-975.960000
-975.960000
-975.960000
-975.960000
-975.960000
-975.960000
-975.960000
-975.960000
-975.960000
-975.960000
-975.960000
-975.960000
-975.960000
-975.960000
-975.960000
-975.960000
-975.960000
-975.960000
-975.960000
-975.960000
-975.960000
-975.960000
-975.960000
-975.960000
-975.960000
-975.960000
-975.960000
-975.960000
-975.960000
-975.960000
-975.960000
-975.960000
-975.960000
-975.960000
-975.960000
-975.960000
-975.960000
-975.960000
-975.960000
-975.960000
-975.960000
-975.960000
-975.960000
-975.960000
-975.960000
-975.960000
-975.960000
-975.960000
-975.960000
-975.960000
-975.960000
-975.960000
-975.960000
-975.960000
-975.960000
-975.960000
-975.960000
-975.960000
-975.960000
-975.960000
-975.960000
-975.960000
-975.960000
-975.960000
-975.960000
-975.960000
-975.960000
-975.960000
-975.960000
-975.960000
-975.960000
-975.960000
-975.960000
-975.960000
-975.960000
-975.960000
-975.960000
-975.960000
-975.960000
-975.960000
-975.960000
-975.960000
-975.960000
-975.960000
-975.960000
-975.960000
-975.960000
-975.960000
-975.960000
-975.960000
-975.960000
-975.960000
-975.960000
-975.960000
-975.960000
-975.960000
-975.960000
-975.960000
-975.960000
-975.960000
-975.960000
-975.960000
-975.960000
-975.960000
-975.960000
-975.960000
-975.960000
-975.960000
-975.960000
-975.960000
-975.960000
-1084.100000
-1009.630000
-994.920000
-1054.310000
-1051.810000
-1085.050000
-1000.670000
-1049.860000
-1260.970000
-1303.550000
-1269.190000
-1136.810000
-990.230000
-1114.420000
-1082.870000
-1106.410000
-964.760000
-1004.360000
-998.300000
-1097.780000
-1121.890000
-1229.350000
-1226.730000
-1248.850000
-1212.160000
-1211.940000
-1282.540000
-1422.410000
-1422.410000
-1422.410000
-1422.410000
-1422.410000
-1422.410000
-1422.410000
-1422.410000
-1422.410000
-1422.410000
-1422.410000
-1422.410000
-1422.410000
-1422.410000
-1422.410000
-1422.410000
-1422.410000
-1422.410000
-1422.410000
-1422.410000
-1422.410000
-1422.410000
-1422.410000
-1422.410000
-1422.410000
-1422.410000
-1422.410000
-1422.410000
-1422.410000
-1422.410000
-1422.410000
-1422.410000
-1422.410000
-1422.410000
-1422.410000
-1422.410000
-1422.410000
-1422.410000
-1422.410000
-1422.410000
-1422.410000
-1422.410000
-1422.410000
-1422.410000
-1422.410000
-1422.410000
-1422.410000
-1422.410000
-1422.410000
-1422.410000
-1422.410000
-1422.410000
-1422.410000
-1422.410000
-1422.410000
-1422.410000
-1422.410000
-1422.410000
-1249.490000
-1207.940000
-1256.570000
-1237.340000
-1277.030000
-1260.750000
-1239.600000
-1220.060000
-1246.830000
-1216.560000
-1232.940000
-1282.800000
-1440.820000
-1308.000000
-1290.370000
-1331.460000
-1433.600000
-1308.320000
-1382.860000
-1423.830000
-1309.690000
-1370.610000
-1506.830000
-1432.670000
-1392.140000
-1411.880000
-1351.290000
-1388.710000
-1288.900000
-1265.150000
-1034.070000
-943.000000
-943.000000
-943.000000
-943.000000
-943.000000
-943.000000
-943.000000
-943.000000
-943.000000
-943.000000
-943.000000
-943.000000
-943.000000
-943.000000
-943.000000
-943.000000
-943.000000
-943.000000
-943.000000
-943.000000
-943.000000
-943.000000
-943.000000
-943.000000
-943.000000
-943.000000
-943.000000
-943.000000
-943.000000
-943.000000
-943.000000
-943.000000
-943.000000
-943.000000
-943.000000
-943.000000
-943.000000
-943.000000
-943.000000
-943.000000
-943.000000
-943.000000
-943.000000
-943.000000
-943.000000
-943.000000
-943.000000
-943.000000
-943.000000
-943.000000
-943.000000
-943.000000
-943.000000
-943.000000
-943.000000
-943.000000
-943.000000
-943.000000
-943.000000
-943.000000
-943.000000
-943.000000
-943.000000
-943.000000
-943.000000
-943.000000
-943.000000
-943.000000
-943.000000
-943.000000
-943.000000
-943.000000
-943.000000
-943.000000
-943.000000
-943.000000
-943.000000
-990.970000
-938.040000
-939.220000
-951.080000
-961.130000
-901.350000
-1081.220000
-1165.480000
-1177.510000
-1413.450000
-1388.870000
-1426.800000
-1426.800000
-1426.800000
-1426.800000
-1426.800000
-1426.800000
-1426.800000
-1426.800000
-1426.800000
-1426.800000
-1426.800000
-1426.800000
-1426.800000
-1426.800000
-1426.800000
-1426.800000
-1426.800000
-1426.800000
-1426.800000
-1426.800000
-1426.800000
-1426.800000
-1426.800000
-1426.800000
-1426.800000
-1426.800000
-1426.800000
-1426.800000
-1426.800000
-1426.800000
-1426.800000
-1426.800000
-1426.800000
-1426.800000
-1426.800000
-1426.800000
-1426.800000
-1426.800000
-1426.800000
-1426.800000
-1426.800000
-1426.800000
-1426.800000
-1426.800000
-1426.800000
-1426.800000
-1426.800000
-1426.800000
-1426.800000
-1426.800000
-1426.800000
-1426.800000
-1426.800000
-1426.800000
-1426.800000
-1426.800000
-1426.800000
-1426.800000
-1426.800000
-1426.800000
-1426.800000
-1426.800000
-1426.800000
-1426.800000
-1426.800000
-1426.800000
-1426.800000
-1426.800000
-1426.800000
-1426.800000
-1426.800000
-1426.800000
-1426.800000
-1426.800000
-1426.800000
-1426.800000
-1426.800000
-1426.800000
-1426.800000
-1426.800000
-1426.800000
-1426.800000
-1426.800000
-1426.800000
-1426.800000
-1426.800000
-1426.800000
-1426.800000
-1426.800000
-1426.800000
-1426.800000
-1426.800000
-1426.800000
-1426.800000
-1426.800000
-1426.800000
-1426.800000
-1426.800000
-1426.800000
-1426.800000
-1426.800000
-1426.800000
-1426.800000
-1426.800000
-1426.800000
-1426.800000
-1426.800000
-1426.800000
-1426.800000
-1426.800000
-1426.800000
-1426.800000
-1426.800000
-1426.800000
-1426.800000
-1426.800000
-1426.800000
-1426.800000
-1426.800000
-1426.800000
-1426.800000
-1426.800000
-1426.800000
-1426.800000
-1426.800000
-1426.800000
-1426.800000
-1426.800000
-1426.800000
-1426.800000
-1426.800000
-1426.800000
-1426.800000
-1426.800000
-1426.800000
-1426.800000
-1426.800000
-1426.800000
-1426.800000
-1426.800000
-1426.800000
-1426.800000
-1426.800000
-1426.800000
-1426.800000
-1426.800000
-1426.800000
-1426.800000
-1426.800000
-1426.800000
-1426.800000
-1426.800000
-1426.800000
-1426.800000
-1426.800000
-1426.800000
-1426.800000
-1426.800000
-1426.800000
-1426.800000
-1426.800000
-1426.800000
-1426.800000
-1426.800000
-1426.800000
-1426.800000
-1426.800000
-1426.800000
-1426.800000
-1426.800000
-1426.800000
-1426.800000
-1426.800000
-1426.800000
-1426.800000
-1426.800000
-1426.800000
-1426.800000
-1426.800000
-1426.800000
-1426.800000
-1426.800000
-1426.800000
-1426.800000
-1426.800000
-1426.800000
-1426.800000
-1426.800000
-1426.800000
-1426.800000
-1426.800000
-1426.800000
-1426.800000
-1426.800000
-1426.800000
-1426.800000
-1426.800000
-1426.800000
-1426.800000
-1426.800000
-1426.800000
-1426.800000
-1426.800000
-1426.800000
-1426.800000
-1426.800000
-1426.800000
-1426.800000
-1426.800000
-1426.800000
-1426.800000
-1426.800000
-1426.800000
-1426.800000
-1426.800000
-1426.800000
-1426.800000
-1426.800000
-1426.800000
-1426.800000
-1426.800000
-1426.800000
-1426.800000
-1426.800000
-1426.800000
-1426.800000
-1426.800000
-1426.800000
-1426.800000
-1426.800000
-1426.800000
-1426.800000
-1426.800000
-1426.800000
-1426.800000
-1426.800000
-1426.800000
-1426.800000
-1426.800000
-1426.800000
-1426.800000
-1426.800000
-1426.800000
-1426.800000
-1426.800000
-1426.800000
-1426.800000
-1426.800000
-1426.800000
-1426.800000
-1426.800000
-1426.800000
-1426.800000
-1426.800000
-1426.800000
-1426.800000
-1426.800000
-1426.800000
-1426.800000
-1426.800000
-1426.800000
-1426.800000
-1426.800000
-1426.800000
-1426.800000
-1426.800000
-1426.800000
-1426.800000
-1426.800000
-1426.800000
-1426.800000
-1426.800000
-1426.800000
-1426.800000
-1426.800000
-1426.800000
-1426.800000
-1426.800000
-1426.800000
-1426.800000
-1426.800000
-1426.800000
-1426.800000
-1426.800000
-1426.800000
-1426.800000
-1426.800000
-1426.800000
-1426.800000
-1426.800000
-1426.800000
-1426.800000
-1426.800000
-1426.800000
-1426.800000
-1426.800000
-1426.800000
-1426.800000
-1426.800000
-1426.800000
-1426.800000
-1426.800000
-1426.800000
-1426.800000
-1426.800000
-1426.800000
-1426.800000
-1426.800000
-1426.800000
-1426.800000
-1426.800000
-1426.800000
-1426.800000
-1426.800000
-1426.800000
-1426.800000
-1426.800000
-1426.800000
-1426.800000
-1426.800000
-1426.800000
-1426.800000
-1426.800000
-1426.800000
-1426.800000
-1426.800000
-1426.800000
-1426.800000
-1426.800000
-1426.800000
-1426.800000
-1426.800000
-1426.800000
-1426.800000
-1426.800000
-1426.800000
-1426.800000
-1426.800000
-1426.800000
-1426.800000
-1426.800000
-1426.800000
-1426.800000
-1426.800000
-1426.800000
-1426.800000
-1426.800000
-1426.800000
-1426.800000
-1426.800000
-1426.800000
-1426.800000
-1426.800000
-1426.800000
-1426.800000
-1426.800000
-1426.800000
-1426.800000
-1426.800000
-1426.800000
-1426.800000
-1426.800000
-1426.800000
-1426.800000
-1426.800000
-1426.800000
-1426.800000
-1426.800000
-1426.800000
-1426.800000
-1426.800000
-1426.800000
-1426.800000
-1426.800000
-1426.800000
-1426.800000
-1426.800000
-1426.800000
-1426.800000
-1426.800000
-1426.800000
-1426.800000
-1426.800000
-1426.800000
-1426.800000
-1426.800000
-1426.800000
-1426.800000
-1426.800000
-1426.800000
-1426.800000
-1426.800000
-1426.800000
-1426.800000
-1426.800000
-1426.800000
-1426.800000
-1426.800000
-1426.800000
-1426.800000
-1426.800000
-1426.800000
-1426.800000
-1426.800000
-1426.800000
-1426.800000
-1426.800000
-1426.800000
-1426.800000
-1426.800000
-1426.800000
-1426.800000
-1426.800000
-1426.800000
-1426.800000
-1426.800000
-1426.800000
-1426.800000
-1426.800000
-1426.800000
-1426.800000
-1426.800000
-1426.800000
-1426.800000
-1426.800000
-1426.800000
-1426.800000
-1426.800000
-1426.800000
-1426.800000
-1426.800000
-1426.800000
-1426.800000
-1426.800000
-1426.800000
-1426.800000
-1426.800000
-1426.800000
-1426.800000
-1426.800000
-1426.800000
-1426.800000
-1426.800000
-1426.800000
-1426.800000
-1426.800000
-1426.800000
-1426.800000
-1426.800000
-1426.800000
-1426.800000
-1426.800000
-1426.800000
-1426.800000
-1426.800000
-1426.800000
-1426.800000
-1426.800000
-1426.800000
-1426.800000
-1426.800000
-1426.800000
-1426.800000
-1426.800000
-1426.800000
-1426.800000
-1426.800000
-1426.800000
-1426.800000
-1426.800000
-1426.800000
-1426.800000
-1426.800000
-1426.800000
-1426.800000
-1426.800000
-1426.800000
-1426.800000
-1426.800000
-1426.800000
-1426.800000
-1426.800000
-1426.800000
-1426.800000
-1426.800000
-1426.800000
-1426.800000
-1426.800000
-1426.800000
-1426.800000
-1426.800000
-1426.800000
-1426.800000
-1426.800000
-1426.800000
-1426.800000
-1426.800000
-1426.800000
-1426.800000
-1426.800000
-1426.800000
-1426.800000
-1426.800000
-1426.800000
-1426.800000
-1426.800000
-1426.800000
-1426.800000
-1426.800000
-1426.800000
-1426.800000
-1426.800000
-1426.800000
-1426.800000
-1426.800000
-1426.800000
-1426.800000
-1426.800000
-1426.800000
-1426.800000
-1426.800000
-1426.800000
-1426.800000
-1426.800000
-1426.800000
-1426.800000
-1426.800000
-1426.800000
-1426.800000
-1426.800000
-1426.800000
-1426.800000
-1426.800000
-1426.800000
-1426.800000
-1426.800000
-1426.800000
-1426.800000
-1426.800000
-1426.800000
-1426.800000
-1426.800000
-1426.800000
-1426.800000
-1426.800000
-1426.800000
-1426.800000
-1426.800000
-1426.800000
-1426.800000
-1426.800000
-1426.800000
-1426.800000
-1426.800000
-1426.800000
-1426.800000
-1426.800000
-1426.800000
-1426.800000
-1426.800000
-1426.800000
-1426.800000
-1426.800000
-1426.800000
-1426.800000
-1426.800000
-1426.800000
-1426.800000
-1426.800000
-1426.800000
-1426.800000
-1426.800000
-1426.800000
-1426.800000
-1426.800000
-1426.800000
-1426.800000
-1426.800000
-1426.800000
-1426.800000
-1426.800000
-1426.800000
-1426.800000
-1426.800000
-1426.800000
-1426.800000
-1426.800000
-1426.800000
-1426.800000
-1426.800000
-1426.800000
-1426.800000
-1426.800000
-1426.800000
-1426.800000
-1426.800000
-1426.800000
-1426.800000
-1426.800000
-1108.280000
-1108.280000
-1108.280000
-1108.280000
-1108.280000
-1108.280000
-1108.280000
-1108.280000
-1108.280000
-1108.280000
-1108.280000
-1108.280000
-1108.280000
-1108.280000
-1108.280000
-1108.280000
-1108.280000
-1108.280000
-1108.280000
-1108.280000
-1108.280000
-1108.280000
-1108.280000
-1108.280000
-1108.280000
-1108.280000
-1108.280000
-1108.280000
-1108.280000
-1108.280000
-1108.280000
-1108.280000
-1108.280000
-1108.280000
-1108.280000
-1108.280000
-1108.280000
-1108.280000
-1108.280000
-1108.280000
-1108.280000
-1108.280000
-1108.280000
-1108.280000
-1108.280000
-1108.280000
-1108.280000
-1108.280000
-1108.280000
-1108.280000
-1108.280000
-1108.280000
-1108.280000
-1108.280000
-1108.280000
-1108.280000
-1108.280000
-1108.280000
-1108.280000
-1108.280000
-1108.280000
-1108.280000
-1108.280000
-1108.280000
-1108.280000
-1108.280000
-1108.280000
-1108.280000
-1108.280000
-1108.280000
-1108.280000
-1108.280000
-1108.280000
-1108.280000
-1108.280000
-1108.280000
-1108.280000
-1108.280000
-1108.280000
-1108.280000
-1108.280000
-1108.280000
-1108.280000
-1108.280000
-1108.280000
-1108.280000
-1108.280000
-1108.280000
-1108.280000
-1108.280000
-1108.280000
-1108.280000
-1108.280000
-1108.280000
-1108.280000
-1108.280000
-1108.280000
-1108.280000
-1108.280000
-1108.280000
-1108.280000
-1108.280000
-1108.280000
-1108.280000
-1108.280000
-1108.280000
-1108.280000
-1108.280000
-1108.280000
-1108.280000
-1108.280000
-1108.280000
-1108.280000
-1108.280000
-1108.280000
-1108.280000
-1108.280000
-1108.280000
-1108.280000
-1108.280000
-1108.280000
-1108.280000
-1108.280000
-1108.280000
-1108.280000
-1108.280000
-1108.280000
-1108.280000
-1108.280000
-1108.280000
-1108.280000
-1108.280000
-1108.280000
-1108.280000
-1108.280000
-1108.280000
-1108.280000
-1108.280000
-1108.280000
-1108.280000
-1108.280000
-1108.280000
-1108.280000
-1108.280000
-1108.280000
-1108.280000
-1108.280000
-1108.280000
-1108.280000
-1108.280000
-1108.280000
-1108.280000
-1108.280000
-1108.280000
-1108.280000
-1108.280000
-1108.280000
-1108.280000
-1108.280000
-1108.280000
-1108.280000
-1108.280000
-1108.280000
-1108.280000
-1108.280000
-1108.280000
-1108.280000
-1108.280000
-1108.280000
-1108.280000
-1108.280000
-1108.280000
-1108.280000
-1108.280000
-1108.280000
-1108.280000
-1108.280000
-1108.280000
-1108.280000
-1108.280000
-1108.280000
-1108.280000
-1108.280000
-1108.280000
-1108.280000
-1108.280000
-1108.280000
-1108.280000
-1108.280000
-1108.280000
-1108.280000
-1108.280000
-1108.280000
-1108.280000
-1108.280000
-1108.280000
-1108.280000
-1108.280000
-1108.280000
-1108.280000
-1108.280000
-1108.280000
-1108.280000
-1108.280000
-1108.280000
-1108.280000
-1108.280000
-1108.280000
-1108.280000
-1108.280000
-1108.280000
-1108.280000
-1108.280000
-1108.280000
-1108.280000
-1108.280000
-1108.280000
-1108.280000
-1108.280000
-1108.280000
-1108.280000
-1108.280000
-1108.280000
-1108.280000
-1108.280000
-1108.280000
-1108.280000
-1108.280000
-1108.280000
-1108.280000
-1108.280000
-1108.280000
-1108.280000
-1108.280000
-1108.280000
-1108.280000
-1108.280000
-1108.280000
-1108.280000
-1108.280000
-1108.280000
-1108.280000
-1108.280000
-1108.280000
-1108.280000
-1108.280000
-1108.280000
-1108.280000
-1108.280000
-1108.280000
-1108.280000
-1108.280000
-1108.280000
-1108.280000
-1108.280000
-1108.280000
-1108.280000
-1108.280000
-1108.280000
-1108.280000
-1108.280000
-1108.280000
-1108.280000
-1108.280000
-1108.280000
-1108.280000
-1108.280000
-1108.280000
-1108.280000
-1154.460000
-1358.880000
-1267.520000
-1028.640000
-1095.100000
-1219.650000
-1178.750000
-1195.470000
-1148.400000
-1191.310000
-1053.330000
-1035.040000
-1135.600000
-755.610000
-1069.910000
-1069.910000
-1069.910000
-1069.910000
-1069.910000
-1069.910000
-1069.910000
-1069.910000
-1069.910000
-1069.910000
-1069.910000
-1069.910000
-1069.910000
-1069.910000
-1069.910000
-1025.920000
-1139.170000
-1040.320000
-1186.550000
-1221.900000
-1251.860000
-1312.090000
-1296.340000
-1259.790000
-1200.330000
-1190.410000
-1312.460000
-1292.830000
-1348.710000
-1329.760000
-1346.860000
-1067.230000
-1222.430000
-1255.520000
-1075.580000
-1208.420000
-1227.160000
-1173.370000
-1309.780000
-1150.230000
-1223.000000
-1269.280000
-1281.160000
-1130.570000
-1311.900000
-1039.830000
-1307.120000
-1409.700000
-1408.830000
-1408.170000
-1248.850000
-1159.500000
-752.390000
-835.460000
-835.460000
-835.460000
-835.460000
-835.460000
-835.460000
-835.460000
-835.460000
-835.460000
-835.460000
-835.460000
-835.460000
-835.460000
-835.460000
-835.460000
-835.460000
-835.460000
-835.460000
-835.460000
-835.460000
-835.460000
-835.460000
-835.460000
-835.460000
-835.460000
-835.460000
-835.460000
-835.460000
-835.460000
-835.460000
-835.460000
-835.460000
-835.460000
-835.460000
-835.460000
-835.460000
-835.460000
-835.460000
-835.460000
-835.460000
-835.460000
-835.460000
-835.460000
-835.460000
-835.460000
-835.460000
-835.460000
-835.460000
-835.460000
-835.460000
-835.460000
-835.460000
-835.460000
-835.460000
-835.460000
-835.460000
-835.460000
-835.460000
-835.460000
-835.460000
-835.460000
-835.460000
-835.460000
-835.460000
-835.460000
-835.460000
-835.460000
-835.460000
-835.460000
-835.460000
-835.460000
-835.460000
-835.460000
-835.460000
-835.460000
-835.460000
-835.460000
-835.460000
-835.460000
-835.460000
-835.460000
-835.460000
-835.460000
-835.460000
-835.460000
-835.460000
-835.460000
-835.460000
-835.460000
-835.460000
-835.460000
-835.460000
-835.460000
-835.460000
-835.460000
-835.460000
-835.460000
-835.460000
-835.460000
-835.460000
-835.460000
-835.460000
-835.460000
-835.460000
-835.460000
-835.460000
-835.460000
-835.460000
-835.460000
-835.460000
-835.460000
-835.460000
-835.460000
-835.460000
-835.460000
-835.460000
-835.460000
-835.460000
-835.460000
-835.460000
-835.460000
-835.460000
-835.460000
-835.460000
-835.460000
-835.460000
-835.460000
-835.460000
-835.460000
-835.460000
-835.460000
-835.460000
-835.460000
-835.460000
-835.460000
-835.460000
-835.460000
-835.460000
-835.460000
-835.460000
-835.460000
-835.460000
-835.460000
-835.460000
-835.460000
-835.460000
-835.460000
-835.460000
-835.460000
-835.460000
-835.460000
-835.460000
-835.460000
-835.460000
-835.460000
-835.460000
-835.460000
-835.460000
-835.460000
-835.460000
-835.460000
-835.460000
-835.460000
-835.460000
-835.460000
-835.460000
-835.460000
-835.460000
-835.460000
-835.460000
-835.460000
-835.460000
-835.460000
-835.460000
-835.460000
-835.460000
-835.460000
-835.460000
-835.460000
-835.460000
-835.460000
-835.460000
-835.460000
-835.460000
-835.460000
-835.460000
-835.460000
-835.460000
-835.460000
-835.460000
-835.460000
-835.460000
-835.460000
-835.460000
-835.460000
-835.460000
-835.460000
-835.460000
-835.460000
-835.460000
-835.460000
-835.460000
-835.460000
-835.460000
-835.460000
-835.460000
-835.460000
-835.460000
-835.460000
-835.460000
-835.460000
-835.460000
-835.460000
-835.460000
-835.460000
-835.460000
-835.460000
-835.460000
-835.460000
-835.460000
-835.460000
-835.460000
-835.460000
-835.460000
-835.460000
-835.460000
-835.460000
-835.460000
-835.460000
-835.460000
-835.460000
-835.460000
-835.460000
-835.460000
-835.460000
-835.460000
-835.460000
-835.460000
-835.460000
-835.460000
-835.460000
-835.460000
-835.460000
-835.460000
-835.460000
-875.110000
-1247.290000
-1053.970000
-805.270000
-633.260000
-816.050000
-743.010000
-892.170000
-1128.830000
-783.770000
-688.680000
-340.080000
-340.080000
-340.080000
-340.080000
-340.080000
-340.080000
-340.080000
-340.080000
-340.080000
-340.080000
-340.080000
-340.080000
-340.080000
-340.080000
-340.080000
-340.080000
-340.080000
-340.080000
-441.420000
-462.180000
-555.690000
-272.280000
-342.980000
-190.090000
123.860000
123.860000
123.860000
123.860000
123.860000
123.860000
123.860000
123.860000
123.860000
123.860000
123.860000
123.860000
123.860000
123.860000
123.860000
123.860000
123.860000
123.860000
123.860000
123.860000
123.860000
123.860000
123.860000
123.860000
123.860000
123.860000
123.860000
123.860000
123.860000
123.860000
123.860000
123.860000
123.860000
123.860000
123.860000
123.860000
123.860000
123.860000
123.860000
123.860000
123.860000
123.860000
123.860000
123.860000
123.860000
123.860000
123.860000
123.860000
123.860000
123.860000
123.860000
123.860000
123.860000
123.860000
123.860000
123.860000
123.860000
123.860000
123.860000
123.860000
123.860000
123.860000
123.860000
123.860000
123.860000
123.860000
123.860000
123.860000
123.860000
123.860000
123.860000
123.860000
123.860000
123.860000
123.860000
123.860000
123.860000
123.860000
123.860000
123.860000
123.860000
123.860000
123.860000
123.860000
123.860000
123.860000
123.860000
123.860000
123.860000
123.860000
123.860000
123.860000
123.860000
123.860000
123.860000
123.860000
123.860000
123.860000
123.860000
123.860000
123.860000
123.860000
123.860000
123.860000
123.860000
123.860000
123.860000
123.860000
123.860000
123.860000
123.860000
123.860000
123.860000
123.860000
123.860000
123.860000
123.860000
123.860000
123.860000
123.860000
123.860000
123.860000
123.860000
123.860000
123.860000
123.860000
123.860000
123.860000
123.860000
123.860000
123.860000
123.860000
123.860000
123.860000
123.860000
123.860000
123.860000
123.860000
123.860000
123.860000
123.860000
123.860000
123.860000
123.860000
123.860000
123.860000
123.860000
123.860000
123.860000
123.860000
123.860000
123.860000
123.860000
123.860000
123.860000
123.860000
123.860000
123.860000
123.860000
123.860000
123.860000
123.860000
123.860000
123.860000
123.860000
123.860000
123.860000
123.860000
123.860000
123.860000
123.860000
123.860000
123.860000
123.860000
123.860000
123.860000
123.860000
123.860000
123.860000
123.860000
123.860000
123.860000
123.860000
123.860000
123.860000
123.860000
123.860000
123.860000
123.860000
123.860000
123.860000
123.860000
123.860000
123.860000
123.860000
123.860000
123.860000
123.860000
123.860000
123.860000
123.860000
123.860000
123.860000
123.860000
123.860000
123.860000
123.860000
123.860000
123.860000
123.860000
123.860000
123.860000
123.860000
123.860000
123.860000
123.860000
123.860000
123.860000
123.860000
123.860000
123.860000
123.860000
123.860000
123.860000
123.860000
123.860000
123.860000
123.860000
123.860000
123.860000
123.860000
123.860000
123.860000
123.860000
123.860000
123.860000
123.860000
123.860000
123.860000
123.860000
123.860000
123.860000
123.860000
123.860000
123.860000
123.860000
123.860000
123.860000
123.860000
123.860000
123.860000
