4573.370000
4597.240000
4607.210000
4623.760000
4627.250000
4624.010000
4637.010000
4607.220000
4614.400000
4663.300000
4666.210000
4683.740000
4715.900000
4723.570000
4732.700000
4768.720000
4796.270000
4866.360000
4852.340000
4852.990000
4858.490000
4858.470000
4902.730000
4912.870000
4912.440000
4937.440000
4938.070000
4930.600000
4868.210000
4862.310000
4911.840000
4989.480000
4981.240000
4973.140000
4951.580000
4953.560000
4888.570000
4886.280000
4930.910000
4954.400000
4931.790000
4922.880000
4915.540000
4879.080000
4834.710000
4839.790000
4835.760000
4874.980000
4860.090000
4909.890000
4973.530000
5004.850000
4999.340000
5021.010000
5035.520000
4993.330000
4934.810000
4925.330000
5002.400000
4989.580000
4967.660000
4950.610000
4872.810000
4902.620000
5002.110000
4993.220000
5052.540000
5059.830000
5061.700000
5084.970000
5142.770000
5132.150000
5064.500000
5033.000000
5057.410000
5065.110000
5028.960000
4994.690000
4989.040000
4999.380000
4993.310000
4926.850000
4932.370000
4871.020000
4926.650000
4930.690000
4915.130000
4882.280000
4856.500000
4931.680000
4938.130000
4975.860000
5019.080000
5014.220000
5037.500000
5047.880000
5046.600000
5060.120000
5094.490000
5106.840000
5120.710000
5120.790000
5130.730000
5162.960000
5183.870000
5191.840000
5209.020000
5204.350000
5202.110000
5241.060000
5219.520000
5210.270000
5275.940000
5309.490000
5315.140000
5313.560000
5309.070000
5286.780000
5298.150000
5331.250000
5333.900000
5321.930000
5304.810000
5355.360000
5357.970000
5369.420000
5402.580000
5410.560000
5425.670000
5454.350000
5460.370000
5470.100000
5458.780000
5452.880000
5501.760000
5529.140000
5526.300000
5552.030000
5555.560000
5552.220000
5537.400000
5553.450000
5537.020000
5520.150000
5517.890000
5447.440000
5457.690000
5453.610000
5353.270000
5369.510000
5435.100000
5567.490000
5645.660000
5679.770000
5696.980000
5741.420000
5760.340000
5686.290000
5702.590000
5699.360000
5698.910000
5753.990000
5745.230000
5757.860000
5787.280000
5790.060000
5803.010000
5812.960000
5804.870000
5850.470000
5868.100000
5884.150000
5877.320000
5918.380000
5916.550000
5884.270000
5885.940000
5811.200000
5769.280000
5751.010000
5763.060000
5741.520000
5815.420000
5860.020000
5887.910000
5917.210000
5909.400000
5947.410000
5932.690000
5928.300000
5949.040000
5959.660000
5976.700000
5979.110000
5940.230000
5944.250000
5993.220000
5993.920000
6028.790000
6033.150000
6041.740000
6048.030000
6045.260000
6007.670000
6002.000000
5917.390000
5922.490000
5918.610000
5915.880000
5929.040000
6010.880000
6081.340000
6108.570000
6094.910000
6111.180000
6122.110000
6116.440000
6084.240000
6078.840000
6059.370000
6078.700000
6021.620000
6129.320000
6152.730000
6146.380000
6154.430000
6156.020000
6042.800000
5906.510000
5898.170000
5898.360000
5709.890000
5704.610000
5685.840000
5703.280000
5685.660000
5732.070000
5790.870000
5783.810000
5761.030000
5704.050000
5730.310000
5766.240000
5691.690000
5613.730000
5572.590000
5531.800000
5486.090000
5470.110000
5379.570000
5331.940000
5462.940000
5507.680000
5481.280000
5502.190000
5528.330000
5580.820000
5559.780000
5564.650000
5563.810000
5489.960000
5637.830000
5697.740000
5726.500000
5729.640000
5721.180000
5702.410000
5717.820000
5711.140000
5695.620000
5700.020000
5612.290000
5514.970000
5450.980000
5444.850000
5565.290000
5587.250000
5537.630000
5587.440000
5603.220000
5607.350000
5667.750000
5713.430000
5708.110000
5693.540000
5695.850000
5696.680000
5741.580000
5676.370000
5678.640000
5709.860000
5677.420000
5672.940000
5703.170000
5796.150000
5837.590000
5835.520000
5849.340000
5825.490000
5831.510000
5818.170000
5846.840000
5833.770000
5865.500000
5880.470000
5884.330000
5886.780000
5907.110000
5917.240000
5912.200000
5885.720000
5811.930000
5812.000000
5831.290000
5900.340000
5918.180000
5934.820000
5953.690000
5951.320000
5930.130000
5964.680000
5979.870000
5935.840000
5934.630000
5977.970000
6003.550000
6002.810000
6030.920000
6031.680000
6019.710000
6078.710000
6098.030000
6090.350000
6098.910000
6127.510000
6136.330000
6178.820000
6189.930000
6197.370000
6188.240000
6210.350000
6203.680000
6218.570000
6248.870000
6251.830000
6279.460000
6305.310000
6299.280000
6263.710000
6286.410000
6311.930000
6295.440000
6279.540000
6344.740000
6365.310000
6366.860000
6366.590000
6366.480000
6403.920000
6414.310000
6439.420000
6452.370000
6451.570000
6459.270000
6476.260000
6497.050000
6494.550000
6473.180000
6419.770000
6305.640000
6366.010000
6402.720000
6360.660000
6307.980000
6381.250000
6385.080000
6440.170000
6439.030000
6475.860000
6484.270000
6524.580000
6565.370000
6605.070000
6615.330000
6583.240000
6606.170000
6595.370000
6576.750000
6624.910000
6629.310000
6627.330000
6682.580000
6703.610000
6693.180000
6673.380000
6629.400000
6665.930000
6621.340000
6696.620000
6716.580000
6746.160000
6746.580000
6731.890000
6737.580000
6754.460000
6762.710000
6705.740000
6766.340000
6771.730000
6719.400000
6739.150000
6801.230000
6819.790000
6885.630000
6904.800000
6892.300000
6906.900000
6930.870000
6917.980000
6928.790000
6896.640000
6907.940000
6992.720000
6977.840000
6986.200000
6996.010000
7002.460000
7005.330000
7012.680000
7001.550000
7041.370000
7022.590000
6776.680000
6756.030000
6703.030000
6569.180000
6645.710000
6646.540000
6723.780000
6744.830000
6751.690000
6732.870000
6570.100000
6593.840000
6614.160000
6678.600000
6705.030000
6809.360000
6872.460000
6906.640000
6906.960000
6885.450000
6864.890000
6903.310000
6965.760000
6987.650000
7063.490000
7085.980000
7130.650000
7180.220000
7201.800000
7181.650000
7230.190000
7341.820000
7364.860000
7338.220000
7275.420000
7364.360000
7358.260000
7339.690000
7360.630000
7412.510000
7378.900000
7428.510000
7475.840000
7483.050000
7462.410000
7543.480000
7541.220000
7501.010000
7494.010000
7483.330000
7524.450000
7521.890000
7519.710000
7520.880000
7621.970000
7644.310000
7677.490000
7752.030000
7771.580000
7731.980000
7747.860000
7788.010000
7835.740000
7896.440000
8002.500000
8010.120000
7996.600000
7923.990000
7786.790000
7658.120000
7751.920000
7740.010000
7724.670000
8005.080000
8149.190000
8096.320000
8073.740000
8131.560000
8060.160000
8013.340000
7975.920000
7917.330000
7848.780000
7958.070000
8093.830000
7984.360000
8076.090000
8089.900000
8115.060000
8087.300000
8119.280000
8109.270000
7923.720000
8151.970000
8152.250000
8130.880000
8135.330000
7961.470000
8011.070000
8031.320000
7965.280000
7933.450000
7792.770000
7731.360000
7535.630000
7536.870000
7641.460000
7546.420000
7579.340000
7587.880000
7538.820000
7590.460000
7670.500000
7570.710000
7429.740000
7510.380000
7492.920000
7479.630000
7348.220000
7498.650000
7450.110000
7470.040000
7525.340000
7592.190000
7565.780000
7541.570000
7475.620000
7497.280000
7556.020000
7671.830000
7677.220000
7749.670000
7717.190000
7645.000000
7629.720000
7484.010000
7481.740000
7497.070000
7579.020000
7527.510000
7531.860000
7643.630000
7771.660000
7757.820000
7843.640000
7810.860000
7786.680000
7831.310000
7882.160000
7925.540000
7988.100000
8003.130000
8000.520000
7988.020000
8064.450000
8020.500000
8013.600000
8008.850000
8063.400000
8074.910000
8038.740000
7983.540000
8019.380000
8014.270000
8119.040000
7930.660000
7876.610000
7902.470000
7970.430000
7977.500000
8017.000000
7999.930000
8041.560000
8038.340000
7868.300000
7834.890000
7864.080000
7860.470000
7865.170000
7918.830000
7815.160000
7831.130000
7867.250000
7803.590000
7656.010000
7629.810000
7635.610000
7575.260000
7580.630000
7620.770000
7674.740000
7556.070000
7761.620000
7780.640000
7894.230000
7889.740000
7850.070000
7953.910000
7997.370000
8009.480000
8057.480000
8067.040000
8117.990000
8055.580000
7988.500000
7915.520000
7942.380000
7876.180000
7918.850000
8019.430000
8074.350000
8068.580000
8101.310000
7969.710000
7914.640000
7858.730000
7923.680000
7832.770000
7831.770000
7746.610000
7759.490000
7731.590000
7555.510000
7547.620000
7501.580000
7300.810000
6872.790000
6880.010000
6850.380000
7000.970000
6876.960000
6930.070000
6925.720000
6908.670000
7036.910000
7064.690000
6999.460000
6861.640000
6847.650000
6851.340000
6812.250000
6979.260000
7012.510000
7069.560000
7012.220000
6997.810000
7079.120000
6964.950000
7017.960000
6881.830000
6922.510000
7019.570000
7017.790000
6995.420000
6864.430000
6712.950000
6720.250000
6699.020000
6684.710000
6562.150000
6537.200000
6603.880000
6666.280000
6558.230000
6623.350000
6305.380000
6417.600000
6470.210000
6376.090000
6546.950000
6538.360000
6610.000000
6616.400000
6557.010000
6740.750000
6806.710000
6804.780000
6796.460000
6843.260000
6796.660000
6784.800000
6706.500000
6768.110000
6576.940000
6625.690000
6710.310000
6743.020000
6834.170000
6869.820000
6818.690000
6813.250000
6854.550000
6945.020000
6949.320000
6908.060000
6956.490000
6986.840000
7092.430000
7060.140000
7062.310000
7100.370000
7076.660000
7027.410000
7064.380000
7081.730000
7102.490000
7106.770000
7177.920000
7233.870000
7187.550000
7149.840000
7090.540000
7075.710000
6965.010000
7006.950000
7081.130000
7093.480000
7102.700000
7102.210000
7024.910000
6985.870000
7008.910000
7003.000000
6840.070000
6799.160000
6812.530000
6733.550000
6778.280000
6812.570000
6856.050000
6802.830000
6764.450000
6765.970000
6628.400000
6617.170000
6628.980000
6578.130000
6449.420000
6446.530000
6405.530000
6396.260000
6392.010000
6395.470000
6416.230000
6332.130000
6397.640000
6384.340000
6332.630000
6254.050000
6136.420000
6188.470000
6331.600000
6390.980000
6484.370000
6453.770000
6562.390000
6638.360000
6479.740000
6466.600000
6430.140000
6506.020000
6540.730000
6489.440000
6399.030000
6533.210000
6594.220000
6621.980000
6586.260000
6639.250000
6626.530000
6577.300000
6487.870000
6514.130000
6485.640000
6392.860000
6337.630000
6294.100000
6356.810000
6361.450000
6370.590000
6347.310000
6465.580000
6460.070000
6449.230000
6553.620000
6519.430000
6482.140000
6253.620000
6357.000000
6326.980000
6253.860000
6221.220000
6271.460000
6078.520000
6024.260000
6044.860000
5997.170000
6221.830000
6234.880000
6123.570000
6109.910000
6211.810000
6108.560000
6020.350000
5894.410000
5888.160000
5877.180000
5832.400000
5571.690000
5503.320000
5319.130000
5153.900000
4669.110000
5185.320000
5383.800000
5192.060000
4890.770000
4907.320000
4960.690000
4902.390000
4703.690000
4577.370000
4330.530000
4486.100000
4976.540000
4886.220000
5042.760000
5067.910000
5091.890000
5310.340000
5280.930000
5073.990000
5018.410000
5135.280000
4960.770000
4876.030000
4740.810000
4874.500000
4734.350000
4607.820000
4615.500000
4314.170000
4297.000000
4579.910000
4693.160000
4622.310000
4683.020000
4703.940000
4681.790000
4572.370000
4604.640000
4732.930000
4530.520000
4775.630000
4850.090000
4839.440000
4822.590000
4733.160000
4773.360000
4781.460000
4785.000000
4784.700000
4785.170000
4695.480000
4718.800000
4756.330000
4861.520000
5011.820000
5040.680000
5111.990000
5025.450000
4947.030000
4932.640000
4792.210000
4707.470000
4671.460000
4451.150000
4474.890000
4452.610000
4382.250000
4314.250000
4368.430000
4221.920000
4366.770000
4366.700000
4525.170000
4501.690000
4454.760000
4307.630000
4386.690000
4546.120000
4541.420000
4665.590000
4688.830000
4649.230000
4539.010000
4556.810000
4508.710000
4421.640000
4327.040000
4254.290000
4274.890000
4143.960000
4115.930000
3979.230000
3983.990000
3989.910000
3955.800000
3796.970000
3755.830000
3897.460000
3856.610000
3769.660000
3706.770000
3908.130000
3994.810000
3993.900000
4054.030000
4063.150000
4046.490000
4092.840000
4137.760000
4082.250000
4223.980000
4240.360000
4262.460000
4289.760000
4284.100000
4145.780000
4118.990000
4154.500000
4412.100000
4456.640000
4454.150000
4380.220000
4379.800000
4511.500000
4583.760000
4587.290000
4650.770000
4711.420000
4667.770000
4543.870000
4600.590000
4589.530000
4686.360000
4709.490000
4645.450000
4722.340000
4818.400000
4912.520000
4928.030000
4945.430000
4949.600000
4962.980000
4936.540000
4926.910000
4890.180000
4764.990000
4786.230000
4870.800000
5005.310000
5060.750000
4986.530000
4964.590000
4942.160000
5003.790000
5035.480000
4986.900000
5009.530000
5156.710000
5177.590000
5183.090000
5121.000000
5165.110000
5060.080000
5064.350000
5133.610000
5120.870000
5108.770000
5051.350000
4933.790000
4886.650000
4858.670000
4878.820000
4846.090000
4752.860000
4840.350000
4838.040000
4866.780000
4901.360000
4905.640000
4930.350000
4883.400000
4748.320000
4686.890000
4703.260000
4630.620000
4669.920000
4644.550000
4722.340000
4802.980000
4928.450000
4998.680000
5017.600000
5063.600000
5141.360000
5137.510000
5258.840000
5301.910000
5309.620000
5304.050000
5307.820000
5396.940000
5383.020000
5463.320000
5427.570000
5451.770000
5422.020000
5480.930000
5452.200000
5455.180000
5367.630000
5455.270000
5444.130000
5296.330000
5250.740000
5253.710000
5325.860000
5478.180000
5531.750000
5575.530000
5572.470000
5540.430000
5573.890000
5495.560000
5507.480000
5337.840000
5364.030000
5404.300000
5477.130000
5502.770000
5578.150000
5626.970000
5653.150000
5623.720000
5649.660000
5713.490000
5748.240000
5760.830000
5698.530000
5752.670000
5754.040000
5741.540000
5620.090000
5736.310000
5756.260000
5744.590000
5726.970000
5536.610000
5511.640000
5662.010000
5690.920000
5727.850000
5748.330000
5814.210000
5786.920000
5859.630000
5869.220000
5885.780000
5857.130000
5888.210000
5858.190000
5805.920000
5848.660000
5799.420000
5673.190000
5646.010000
5590.220000
5597.300000
5472.030000
5412.060000
5471.000000
5512.000000
5526.860000
5626.150000
5650.870000
5705.890000
5726.380000
5700.510000
5812.840000
5802.320000
5843.270000
5791.830000
5744.530000
5823.180000
5814.180000
5825.870000
5785.090000
5718.530000
5718.340000
5776.610000
5813.230000
5852.840000
5859.340000
5812.690000
5809.800000
5712.190000
5741.800000
5793.060000
5827.250000
5828.240000
5903.430000
5891.320000
5900.620000
5936.270000
5981.980000
5988.280000
6011.280000
6026.690000
6008.750000
6048.300000
6058.020000
6047.570000
6037.570000
6053.040000
6094.260000
6055.560000
5974.440000
6009.910000
6025.360000
5922.930000
5988.800000
5972.770000
5908.850000
5740.870000
5693.860000
5675.960000
5673.730000
5718.810000
5657.870000
5674.210000
5723.200000
5733.710000
5696.940000
5527.000000
5505.060000
5537.970000
5592.270000
5580.770000
5565.430000
5547.130000
5592.100000
5682.360000
5691.600000
5729.530000
5743.890000
5732.140000
5639.710000
5655.750000
5605.100000
5717.690000
5780.140000
5828.800000
5823.110000
5880.250000
5894.190000
5900.160000
5951.930000
5954.550000
5989.880000
5953.190000
5991.110000
6035.950000
6039.390000
6041.950000
5987.490000
6030.940000
6044.590000
6139.500000
6135.950000
6172.850000
6203.500000
6162.180000
6238.570000
6265.280000
6256.400000
6207.140000
6254.490000
6285.030000
6251.460000
6305.150000
6310.760000
6305.400000
6190.860000
6267.540000
6281.380000
6286.300000
6287.540000
6341.520000
6333.000000
6159.020000
6159.410000
6205.720000
6190.020000
6197.000000
6031.090000
6009.480000
5905.350000
6017.910000
6042.110000
6217.240000
6276.760000
6233.660000
6151.490000
6181.260000
6124.810000
6043.840000
5872.650000
5872.070000
5690.250000
5828.370000
5952.210000
5980.780000
5993.940000
6012.040000
5992.210000
6101.820000
6114.530000
5954.470000
5922.950000
5993.930000
6089.420000
6084.700000
6137.250000
6194.250000
6207.300000
6241.360000
6256.550000
6330.810000
6295.580000
6271.850000
6235.480000
6149.870000
6168.990000
6068.820000
6001.030000
5953.820000
5941.220000
5861.050000
5995.640000
5997.820000
6057.520000
6078.560000
6119.700000
6200.820000
6226.520000
6248.010000
6207.370000
6083.120000
6052.490000
6060.490000
6148.130000
6193.450000
6201.140000
6253.640000
6249.160000
6243.420000
6184.480000
6304.260000
6310.320000
6361.670000
6382.540000
6386.970000
6356.410000
6333.250000
6236.570000
6173.420000
6168.710000
6156.570000
6215.350000
6216.550000
6229.460000
6097.350000
6055.230000
5975.830000
5954.960000
5948.910000
5957.320000
5978.190000
5925.810000
6087.940000
6104.090000
6178.010000
6164.930000
6138.930000
6180.380000
6233.070000
6224.650000
6290.870000
6287.780000
6288.150000
6281.100000
6321.200000
6301.630000
6339.970000
6297.400000
6263.740000
6310.280000
6324.090000
6311.920000
6326.340000
6339.360000
6293.090000
6210.250000
6233.440000
6289.560000
6321.790000
6295.060000
6325.310000
6316.770000
6456.270000
6485.710000
6512.780000
6533.830000
6544.790000
6527.850000
6621.840000
6623.940000
6668.540000
6645.700000
6629.120000
6644.610000
6630.920000
6670.900000
6668.930000
6682.910000
6757.290000
6775.170000
6759.410000
6810.860000
6783.690000
6750.390000
6758.590000
6812.960000
6771.960000
6705.140000
6835.480000
6854.090000
6901.930000
6827.830000
6833.700000
6885.810000
6871.710000
6907.610000
6763.520000
6868.810000
6958.690000
6977.910000
6971.950000
7042.670000
7013.530000
7021.270000
7018.110000
7044.870000
7032.650000
7029.740000
7033.030000
7043.150000
7068.560000
7087.840000
7084.100000
7083.080000
7056.340000
6990.810000
7008.310000
7008.120000
7026.620000
7025.860000
6967.240000
7047.590000
7010.890000
6941.390000
6951.190000
7070.400000
7084.070000
7082.980000
7087.430000
7156.250000
7165.000000
7084.240000
7122.890000
7089.620000
7102.080000
7160.860000
7180.150000
7177.230000
7107.370000
7190.750000
7222.130000
7198.980000
7226.640000
7287.640000
7324.980000
7350.780000
7340.850000
7390.480000
7424.360000
7420.680000
7438.420000
7434.930000
7427.300000
7441.820000
7350.950000
7310.730000
7156.050000
7193.980000
7305.490000
7356.330000
7202.580000
7294.040000
7311.220000
7270.810000
7222.160000
7217.540000
7109.710000
7014.020000
6946.440000
6714.830000
6733.030000
6692.830000
6761.310000
6829.750000
6826.030000
6807.380000
6941.720000
6985.190000
6981.190000
6960.160000
7065.270000
7079.760000
7192.360000
7200.260000
7186.350000
7242.690000
7241.090000
7232.870000
7224.740000
7177.730000
7201.120000
7184.930000
7193.380000
7174.750000
7078.790000
7261.260000
7322.260000
7359.970000
7428.720000
7480.330000
7514.690000
7600.410000
7523.680000
7534.260000
7423.960000
7501.630000
7489.080000
7533.860000
7566.400000
7443.950000
7511.090000
7402.520000
7368.980000
7340.540000
7415.620000
7410.250000
7166.150000
7202.150000
7183.800000
7217.240000
7208.480000
7204.160000
7319.690000
7314.660000
7157.550000
7120.120000
7124.310000
7147.630000
7089.150000
7183.780000
7182.830000
7123.880000
7231.490000
7202.170000
7111.640000
7224.110000
7158.240000
7285.510000
7310.070000
7237.140000
7273.290000
7144.440000
7187.080000
7320.300000
7378.350000
7443.200000
7450.380000
7474.900000
7450.710000
7516.150000
7523.530000
7358.500000
7190.470000
7280.160000
7267.280000
7254.100000
7171.550000
7236.440000
7263.180000
7326.610000
7357.250000
7366.780000
7382.750000
7344.170000
7203.010000
7190.890000
7282.010000
6938.340000
6783.070000
6730.430000
6436.660000
6272.940000
6026.270000
6089.080000
5825.080000
6023.750000
6106.110000
5998.310000
6018.370000
5892.520000
5595.150000
5591.350000
5636.010000
5743.100000
5777.040000
5588.680000
5714.720000
5730.360000
5869.650000
5794.500000
5635.500000
5421.110000
5332.110000
5406.230000
5473.680000
5400.790000
5126.520000
5222.810000
5347.780000
5566.580000
5655.950000
5496.940000
5577.600000
5557.920000
5289.770000
5229.600000
5415.560000
5638.040000
5700.080000
5704.410000
5606.560000
5437.740000
5288.780000
5486.030000
5645.250000
5749.130000
5872.150000
5883.380000
6022.050000
6036.020000
6037.290000
6081.410000
5907.460000
5977.750000
5914.870000
5980.460000
6067.160000
6157.930000
6143.560000
6347.600000
6430.600000
6304.840000
5947.580000
5990.560000
6193.340000
6175.430000
6028.590000
6087.060000
6055.580000
5934.310000
6065.290000
6116.070000
6011.460000
6028.230000
5921.250000
5897.990000
5771.700000
5681.740000
5588.110000
5563.820000
5528.640000
5754.510000
5826.350000
6130.680000
6111.970000
6169.640000
6170.040000
6094.770000
6137.050000
6077.170000
6007.050000
5952.510000
5852.430000
5771.600000
5795.870000
5775.000000
5775.240000
5847.710000
5965.350000
5886.180000
5913.410000
5924.380000
5901.330000
5848.780000
5898.350000
6075.520000
6179.030000
6163.480000
6130.100000
6152.560000
6076.590000
6191.290000
6181.610000
6256.950000
6245.380000
6232.210000
6343.040000
6399.430000
6420.350000
6431.260000
6467.340000
6420.050000
6456.540000
6559.050000
6574.190000
6491.520000
6533.220000
6630.480000
6667.980000
6767.460000
6781.430000
6788.770000
6829.880000
6838.130000
6751.060000
6774.600000
6788.570000
6830.100000
6751.960000
6874.470000
6956.610000
6971.010000
6915.180000
6903.510000
6890.900000
6868.580000
6900.510000
6967.140000
6949.410000
6954.890000
6902.580000
6840.330000
6682.680000
6838.390000
6912.420000
6911.270000
7020.040000
7099.340000
7153.060000
7194.330000
7154.830000
7124.630000
7114.010000
7071.070000
7026.890000
7102.040000
7153.680000
7110.540000
6993.740000
6959.700000
7057.200000
7080.990000
6944.400000
6831.360000
6737.920000
6722.490000
6761.730000
6743.010000
6675.390000
6801.150000
6812.800000
6807.120000
6760.260000
6668.120000
6604.540000
6733.310000
6750.590000
6825.410000
6846.650000
6875.870000
6791.750000
6684.890000
6578.950000
6576.720000
6506.210000
6549.770000
6589.010000
6520.860000
6509.650000
6442.970000
6413.050000
6335.550000
6364.400000
6446.000000
6373.790000
6351.040000
6406.960000
6426.270000
6441.260000
6392.210000
6322.690000
6259.760000
6030.770000
6011.560000
6102.420000
6230.220000
6144.750000
6287.540000
6211.140000
6221.310000
6167.490000
6251.590000
6316.140000
6375.250000
6402.170000
6427.490000
6318.060000
6229.430000
6165.280000
6230.510000
6240.090000
6416.280000
6520.400000
6578.210000
6573.830000
6641.860000
6533.790000
6420.780000
6491.400000
6496.530000
6448.220000
6557.100000
6577.060000
6610.760000
6690.620000
6773.500000
6775.740000
6572.110000
6456.000000
6475.330000
6595.540000
6690.400000
6796.610000
6835.190000
6800.100000
6855.480000
6876.740000
6943.320000
6979.630000
6966.150000
6989.150000
6955.380000
6976.310000
6995.030000
6972.640000
7001.400000
7041.110000
7086.220000
7105.380000
7051.720000
7080.740000
6990.070000
7049.440000
7031.100000
7029.800000
6978.500000
7011.450000
7016.310000
7015.710000
7003.530000
7172.320000
7248.510000
7233.920000
7313.430000
7410.360000
7353.220000
7446.470000
7414.220000
7374.970000
7396.110000
7390.460000
7478.500000
7440.490000
7438.890000
7362.980000
7324.970000
7337.100000
7339.200000
7373.150000
7339.310000
7374.860000
7409.780000
7341.280000
7308.130000
7245.170000
7305.460000
7291.240000
7302.180000
7387.780000
7399.990000
7447.810000
7430.120000
7390.100000
7343.600000
7216.130000
7256.220000
7257.370000
7225.320000
7292.830000
7347.510000
7356.180000
7391.040000
7337.470000
7388.980000
7434.950000
7287.000000
7222.800000
7196.000000
7185.240000
7182.810000
7079.220000
7059.830000
7130.870000
7186.610000
7194.750000
7253.020000
7311.550000
7312.860000
7361.550000
7351.480000
7416.520000
7442.540000
7487.890000
7466.250000
7482.280000
7554.510000
7553.020000
7536.600000
7596.900000
7626.400000
7618.620000
7619.260000
7627.140000
7667.910000
7682.900000
7675.450000
7653.730000
7676.500000
7665.620000
7789.940000
7777.020000
7779.670000
7767.530000
7754.380000
7734.780000
7773.690000
7731.450000
7785.820000
7735.210000
7694.800000
7764.030000
7753.490000
7749.820000
7746.910000
7731.630000
7753.290000
7865.160000
7871.790000
7857.140000
7863.350000
7812.340000
7853.340000
7837.640000
7677.140000
7694.420000
7661.310000
7655.310000
7676.820000
7661.970000
7737.340000
7729.330000
7649.500000
7629.580000
7762.900000
7784.640000
7688.440000
7681.120000
7860.570000
7683.940000
7679.390000
7752.790000
7767.640000
7708.880000
7883.600000
7977.640000
7956.260000
8015.070000
7989.210000
7999.430000
7978.840000
8060.200000
8074.470000
8020.860000
8000.970000
8030.410000
7999.340000
7953.930000
8030.760000
7912.520000
7916.760000
7842.580000
7949.200000
7953.150000
7927.930000
7825.250000
7698.470000
7723.200000
7822.120000
7885.450000
7838.500000
7773.110000
7739.660000
7722.460000
7556.550000
7531.090000
7538.220000
7664.170000
7767.360000
7838.310000
7840.470000
7873.500000
7965.900000
8005.830000
8130.160000
8148.140000
8206.010000
8253.470000
8274.170000
8358.230000
8294.560000
8339.110000
8368.060000
8401.280000
8408.570000
8456.240000
8476.180000
8557.860000
8412.250000
8391.020000
8386.830000
8526.420000
8445.460000
8416.280000
8401.630000
8395.480000
8384.360000
8293.280000
8235.090000
8278.980000
8355.790000
8260.860000
8246.080000
8110.380000
8188.000000
8265.490000
8241.600000
8285.900000
8085.670000
7987.040000
7823.840000
7842.480000
7960.450000
8025.740000
8037.680000
8023.150000
7988.920000
7841.870000
8015.080000
8031.710000
8015.210000
8086.950000
8081.210000
8176.700000
8244.130000
8271.380000
8252.250000
8269.220000
8337.200000
8336.870000
8374.470000
8365.980000
8415.330000
8356.880000
8362.040000
8324.140000
8333.950000
8295.560000
8411.220000
8431.670000
8435.320000
8435.490000
8281.520000
8341.440000
8374.590000
8371.160000
8444.520000
8457.050000
8422.030000
8402.300000
8395.410000
8319.790000
8310.680000
8425.260000
8438.420000
8437.740000
8423.780000
8219.260000
8199.290000
8201.430000
8268.730000
8264.720000
8206.870000
8257.730000
8295.810000
8310.370000
8464.250000
8502.790000
8516.980000
8518.180000
8626.110000
8613.890000
8645.900000
8770.100000
8713.780000
8699.470000
8672.080000
8681.990000
8688.490000
8691.480000
8606.710000
8691.850000
8672.260000
8654.790000
8639.740000
8604.860000
8610.010000
8589.640000
8694.170000
8729.330000
8727.580000
8820.980000
8861.280000
8829.780000
8865.100000
8876.070000
8987.630000
8932.910000
8987.040000
9010.650000
9017.950000
9022.210000
9070.170000
9037.410000
9048.100000
9053.930000
9041.970000
9065.940000
9193.980000
9079.000000
9124.240000
9124.200000
9074.470000
9151.350000
9188.470000
9253.680000
9217.360000
9236.780000
9210.670000
9230.160000
9323.440000
9316.620000
9363.480000
9399.630000
9424.550000
9424.830000
9404.170000
9253.130000
9172.160000
9195.750000
9225.530000
9223.730000
9153.140000
9060.540000
9046.630000
9187.780000
9161.800000
9190.730000
9351.890000
9413.090000
9488.820000
9589.390000
9594.350000
9620.930000
9453.480000
9468.800000
9518.720000
9516.260000
9549.500000
9529.700000
9519.300000
9540.510000
9747.400000
9747.370000
9789.890000
9733.400000
9794.050000
9765.630000
9728.780000
9664.240000
9402.720000
9427.590000
9537.630000
9415.480000
9346.790000
9357.580000
9166.980000
9154.720000
9274.460000
9323.230000
9346.130000
9478.770000
9594.850000
9600.600000
9677.530000
9682.190000
9690.970000
9695.840000
9618.850000
9666.150000
9708.940000
9710.950000
9720.660000
9672.820000
9692.080000
9554.170000
9590.110000
9599.000000
9587.440000
9543.240000
9382.980000
9375.290000
9267.100000
9226.960000
9094.240000
9197.810000
9315.070000
9325.930000
9296.900000
9376.940000
9358.940000
9372.070000
9488.740000
9469.390000
9587.190000
9634.820000
9631.060000
9645.600000
9689.520000
9721.500000
9608.200000
9525.870000
9542.310000
9581.480000
9390.410000
9339.170000
9344.850000
9318.970000
9417.820000
9602.570000
9607.840000
9645.060000
9501.910000
9496.840000
9596.420000
9618.980000
9627.380000
9548.170000
9571.630000
9554.350000
9622.300000
9602.820000
9710.340000
9783.720000
9772.090000
9810.290000
9670.900000
9676.520000
9685.560000
9709.910000
9734.060000
9779.590000
9893.810000
9951.900000
9957.870000
9956.190000
9970.770000
9992.330000
9954.780000
9928.960000
10013.690000
10000.920000
10009.500000
10033.740000
10024.840000
9970.360000
9944.570000
9925.850000
9982.890000
9964.020000
10023.550000
10050.980000
9993.020000
9948.590000
9914.120000
9898.380000
9836.680000
9889.430000
9902.410000
9936.390000
10032.280000
10030.770000
10015.360000
9920.780000
9817.430000
9807.250000
9708.400000
9793.780000
9788.710000
9871.520000
9845.850000
9721.080000
9717.700000
9735.710000
9802.060000
9810.470000
9794.850000
9665.050000
9692.330000
9704.010000
9582.740000
9394.480000
9243.230000
9237.140000
9166.210000
9166.040000
9060.940000
9199.000000
9171.920000
9213.610000
9265.920000
9324.560000
9261.650000
9350.270000
9333.680000
9405.930000
9414.390000
9510.140000
9591.720000
9600.850000
9546.750000
9517.940000
9500.200000
9578.500000
9683.100000
9732.770000
9774.620000
9773.650000
9769.210000
9722.990000
9732.830000
9706.590000
9682.460000
9644.880000
9695.440000
9798.130000
9891.200000
9812.770000
9719.660000
9669.450000
9718.110000
9545.300000
9504.980000
9495.000000
9520.970000
9412.620000
9195.680000
9343.650000
9170.240000
9064.880000
9140.290000
8958.660000
8872.360000
8854.390000
8847.850000
8662.860000
8850.270000
8834.730000
8889.780000
8957.160000
9068.120000
9044.850000
9085.570000
9077.890000
9157.630000
9146.950000
9339.330000
9343.640000
9317.880000
9329.070000
9467.360000
9414.320000
9351.870000
9400.900000
9359.370000
9310.980000
9284.080000
9331.310000
9461.530000
9521.730000
9487.690000
9736.140000
9832.410000
9921.460000
9942.610000
9992.670000
9990.700000
9979.080000
10038.210000
9993.850000
10083.680000
10093.030000
10084.950000
9951.660000
9909.390000
9907.820000
9799.650000
9678.260000
9567.090000
9589.250000
9811.060000
9901.260000
9924.010000
9922.110000
9927.850000
9886.780000
9879.530000
9790.190000
9624.650000
9592.370000
9855.430000
9860.180000
9815.890000
9978.940000
9962.980000
10063.090000
10207.970000
10293.040000
10298.420000
10311.900000
10454.050000
10704.320000
10807.570000
10810.570000
10728.830000
10743.570000
10804.040000
10828.010000
10984.690000
10912.240000
10926.730000
10877.670000
10767.220000
10797.460000
10791.590000
10955.450000
11013.850000
10963.490000
10921.200000
10980.980000
11022.260000
11081.810000
11158.550000
11228.370000
11225.600000
11330.630000
11401.660000
11455.040000
11465.230000
11390.380000
11532.720000
11600.360000
11586.910000
11577.750000
11822.530000
11830.070000
11903.330000
12219.020000
12195.580000
12017.830000
12001.130000
12087.610000
11985.110000
12030.590000
12022.840000
11849.390000
11954.090000
12090.140000
12119.710000
12112.980000
12020.020000
12149.310000
12122.320000
12166.440000
12390.750000
12388.130000
12339.810000
12326.140000
12227.590000
12019.750000
11903.700000
12079.030000
12041.260000
11940.210000
11881.050000
12050.710000
12047.380000
11885.050000
11570.640000
11656.890000
11751.220000
11457.820000
11437.570000
11710.410000
11702.130000
11565.200000
11596.470000
11579.800000
11632.360000
11594.960000
11873.260000
11871.490000
11868.620000
11881.810000
11920.310000
11790.350000
11773.790000
11704.390000
11510.930000
11467.070000
11515.210000
11449.700000
11287.200000
11224.560000
11071.610000
11299.610000
11452.940000
11365.920000
11090.710000
11074.340000
11115.380000
11109.760000
11246.270000
11470.250000
11635.850000
11589.350000
11594.240000
11561.830000
11409.810000
11137.140000
11283.740000
11229.010000
11123.150000
10996.450000
10946.790000
10802.760000
11035.040000
11339.780000
11506.980000
11519.360000
11566.020000
11787.510000
11753.180000
11802.280000
11773.390000
11589.640000
11614.760000
11542.900000
11297.440000
11242.430000
11253.560000
11313.270000
11308.990000
11460.400000
11476.900000
11655.740000
11669.860000
11582.900000
11618.300000
11560.940000
11153.640000
11153.960000
11093.070000
11113.760000
10976.040000
10848.840000
10654.550000
10437.280000
9935.530000
10185.840000
10159.990000
10382.950000
10336.920000
10273.500000
10119.460000
10122.270000
10380.360000
10216.170000
10184.570000
10371.900000
10512.610000
10326.530000
10243.400000
10225.370000
10244.860000
10336.200000
10273.270000
10180.550000
10000.620000
9974.800000
9712.460000
9707.690000
9745.770000
9677.250000
9536.620000
9732.540000
9788.270000
9667.520000
9854.770000
9957.920000
10093.100000
10027.420000
10146.880000
10187.090000
10107.800000
10036.230000
10088.470000
10166.790000
10205.030000
10194.530000
10277.590000
10508.250000
10847.470000
10863.020000
10807.410000
10848.330000
10886.980000
10850.580000
10977.180000
10972.280000
10990.720000
10963.900000
11055.450000
10995.480000
10863.500000
10994.540000
10957.610000
10811.780000
10763.570000
10971.040000
10989.550000
11150.740000
11164.300000
11126.290000
11064.950000
11186.680000
11366.370000
11354.010000
11430.870000
11430.380000
11329.730000
11318.800000
10814.820000
10992.550000
10895.500000
10719.700000
10662.770000
10595.980000
10448.650000
10482.750000
10572.550000
10829.620000
10735.850000
10796.030000
10623.980000
10743.320000
10756.100000
10860.140000
10857.430000
10485.810000
10384.260000
10288.680000
10145.470000
10122.460000
9978.690000
10092.630000
10164.050000
9884.270000
9832.920000
9657.940000
9756.140000
9490.450000
9656.330000
9837.600000
9800.490000
9867.180000
9880.820000
9905.060000
9798.380000
9827.100000
9729.230000
9577.200000
9539.920000
9469.710000
9337.520000
9041.900000
9128.490000
8899.570000
8967.510000
9249.450000
9269.060000
9394.620000
9551.870000
9474.020000
9581.450000
9535.090000
9415.330000
9391.310000
9576.880000
9498.570000
9718.960000
9837.110000
9808.520000
9899.110000
9803.730000
9785.050000
9838.950000
9995.840000
9833.810000
10039.610000
9973.580000
10021.700000
10055.230000
9961.400000
10095.460000
9990.000000
10112.110000
9977.990000
9947.030000
10097.700000
10021.340000
9851.310000
9906.960000
9661.300000
9635.910000
9702.180000
9675.030000
9751.840000
9770.470000
10026.100000
10098.440000
10070.040000
10147.850000
10370.800000
10440.060000
10474.280000
10422.860000
10399.300000
10385.230000
10323.210000
10331.930000
10252.080000
10153.900000
10061.950000
9959.350000
9921.370000
9917.620000
10068.530000
10106.930000
10055.700000
10078.190000
9979.830000
10080.310000
9946.270000
9899.860000
9921.590000
9971.740000
10077.620000
10233.060000
10286.230000
10298.760000
10338.340000
10365.240000
10283.820000
10241.750000
10282.620000
10148.960000
10312.530000
10266.370000
10187.070000
10026.490000
9755.230000
9620.840000
9665.130000
9582.380000
9705.290000
9996.490000
10051.070000
10149.810000
10340.840000
9720.120000
9589.280000
9554.410000
9640.390000
9695.590000
9806.470000
9808.990000
9659.410000
9530.590000
9507.910000
9655.920000
9841.860000
10013.490000
10001.870000
10109.860000
10098.750000
10160.300000
10050.770000
10146.710000
10195.650000
10181.240000
10264.060000
10275.410000
10352.320000
10381.900000
10355.310000
10459.340000
10330.640000
10189.150000
10282.170000
10374.330000
10478.750000
10701.330000
10708.250000
10742.840000
10735.110000
10802.320000
10737.070000
10696.760000
10625.330000
10618.110000
10656.250000
10627.000000
10653.170000
10576.560000
10613.060000
10566.610000
10688.480000
10666.810000
10676.320000
10693.620000
10740.390000
10742.490000
10775.930000
10780.420000
10671.650000
10431.900000
10507.040000
10450.410000
10446.400000
10427.200000
10381.880000
10465.950000
10535.250000
10705.400000
10675.620000
10560.830000
10455.880000
10518.360000
10575.340000
10531.260000
10646.620000
10622.440000
10641.130000
10578.990000
10639.410000
10692.360000
10603.900000
10430.830000
10615.250000
10583.700000
10657.300000
10672.220000
10748.410000
10737.260000
10820.080000
10827.720000
10737.790000
10772.670000
10716.160000
10687.740000
10730.480000
10460.930000
10406.720000
10286.390000
10456.950000
10486.040000
10646.550000
10793.970000
10714.470000
10802.390000
10748.310000
10735.470000
10686.880000
10737.980000
10727.090000
10767.730000
10742.660000
10715.650000
10710.160000
10658.360000
10624.760000
10691.670000
10627.100000
10545.370000
10730.740000
10786.260000
10988.790000
11193.100000
11231.690000
11213.040000
11300.440000
11281.430000
11387.110000
11451.570000
11426.700000
11472.080000
11479.880000
11475.760000
11480.180000
11481.460000
11475.890000
11459.190000
11481.660000
11617.280000
11637.370000
11616.090000
11602.540000
11605.740000
11606.890000
11606.950000
11692.270000
11606.430000
11635.550000
11579.050000
11583.430000
11599.390000
11644.880000
11636.790000
11605.290000
11596.180000
11827.730000
11893.080000
11844.680000
11792.330000
11733.160000
11723.390000
11675.980000
11696.940000
11679.910000
11606.260000
11591.260000
11657.240000
11711.550000
11812.690000
11787.820000
11848.040000
11814.700000
11775.400000
11841.060000
11987.580000
12031.110000
12015.980000
11934.640000
11860.820000
11853.500000
12074.020000
12082.590000
12058.210000
11998.830000
11988.870000
12017.280000
12024.700000
12067.070000
12006.010000
12002.750000
12027.050000
12156.440000
12117.900000
12082.310000
12111.240000
11934.350000
12043.670000
12082.670000
11996.350000
12158.720000
12233.760000
12258.370000
12313.290000
12375.580000
12288.780000
12293.130000
12242.500000
12225.060000
12246.880000
12221.430000
12242.760000
12147.700000
12162.470000
12040.230000
12050.660000
12091.330000
12456.180000
12482.900000
12486.290000
12478.280000
12462.110000
12511.170000
12532.250000
12648.220000
12718.660000
12762.040000
12783.230000
12776.080000
12772.880000
12771.000000
12832.290000
12841.660000
12786.890000
12634.260000
12658.550000
12670.260000
12703.740000
12662.050000
12697.660000
12611.490000
12633.370000
12648.100000
12709.130000
12677.600000
12878.590000
12788.340000
12746.420000
12740.360000
12821.030000
12782.730000
12790.300000
12921.170000
12804.470000
12762.350000
12912.850000
12951.540000
12804.420000
12806.020000
12787.220000
12841.310000
12751.200000
12671.280000
12729.180000
12459.690000
12486.290000
12481.810000
12496.820000
12490.720000
12388.680000
12482.950000
12539.180000
12648.190000
12676.520000
12662.010000
12656.130000
12572.860000
12475.170000
12575.520000
12464.120000
12235.850000
12301.670000
12341.030000
12293.900000
12183.770000
12210.300000
12302.380000
12275.000000
12184.600000
12321.980000
12336.000000
12329.970000
12227.520000
12158.920000
12046.890000
12195.430000
12234.640000
12301.400000
12290.050000
12178.090000
12149.580000
12234.790000
12269.920000
12254.750000
12249.440000
12173.530000
12032.320000
12040.820000
12115.550000
12191.230000
12138.410000
12210.250000
12260.760000
12363.600000
12321.610000
12481.770000
12558.030000
12565.850000
12552.160000
12561.350000
12613.560000
12566.200000
12593.250000
12621.280000
12646.560000
12633.060000
12629.930000
12685.190000
12708.700000
12828.860000
12902.650000
12976.240000
12969.400000
12993.530000
12996.640000
12980.450000
12976.320000
13002.340000
13036.740000
13026.450000
13034.420000
13094.760000
13042.620000
13063.570000
13069.400000
13055.650000
13049.470000
13144.650000
13249.030000
13255.380000
13488.590000
13460.860000
13505.010000
13481.230000
13525.560000
13419.770000
13402.050000
13216.970000
13163.940000
13139.270000
12996.120000
13071.940000
13089.720000
13085.170000
13209.010000
13191.960000
13049.080000
13160.810000
13117.760000
13071.010000
13196.150000
13177.570000
13064.290000
13117.750000
13094.380000
13033.750000
13083.080000
13240.920000
13192.420000
13183.830000
13188.070000
13159.480000
13109.130000
13331.950000
13338.910000
13252.670000
13137.710000
13108.560000
13128.740000
13069.400000
12980.740000
12924.160000
13023.590000
13208.350000
13332.800000
13407.820000
13425.020000
13377.880000
13298.650000
13265.140000
13250.370000
13351.090000
13251.440000
13293.290000
13445.470000
13470.050000
13596.890000
13576.840000
13443.360000
13348.690000
13370.020000
13309.860000
13268.410000
13301.410000
12954.590000
12752.600000
12550.160000
12651.280000
12541.320000
12296.180000
12379.160000
12300.630000
12393.710000
12479.970000
12484.120000
12505.490000
12496.100000
12474.370000
12497.710000
12513.320000
12601.460000
12577.560000
12516.920000
12387.880000
12081.400000
12110.180000
12259.580000
12275.690000
12382.690000
12407.980000
12454.960000
12459.900000
12322.890000
12378.390000
12454.020000
12369.770000
12320.000000
12344.090000
12267.170000
12001.780000
11984.500000
12042.780000
11961.160000
12151.310000
12069.480000
12011.120000
12322.370000
12290.030000
12371.110000
12428.900000
12381.530000
12434.240000
12523.970000
12487.040000
12614.250000
12640.250000
12595.610000
12585.370000
12588.230000
12647.160000
12484.780000
12503.220000
12627.710000
12622.930000
12827.540000
12798.160000
12819.600000
12961.050000
12933.670000
12962.520000
13034.210000
13033.300000
13015.100000
13006.340000
13030.760000
13114.630000
13133.190000
13204.310000
13148.050000
13006.440000
13002.470000
13040.630000
12803.290000
12783.760000
12803.600000
12800.450000
12846.260000
12925.240000
12872.900000
12914.850000
12795.640000
12861.950000
12948.520000
12905.670000
13135.970000
13170.050000
12982.920000
12708.710000
12760.200000
12719.450000
12579.720000
12518.890000
12355.860000
12439.910000
12375.370000
12382.870000
12301.930000
12428.140000
12350.680000
12516.510000
12508.080000
12559.970000
12639.790000
12514.750000
12505.200000
12583.790000
12604.240000
12688.500000
12778.960000
12759.420000
12706.840000
12565.120000
12755.270000
12695.120000
12827.710000
12886.830000
12848.950000
12860.590000
12833.110000
12619.600000
12644.520000
12715.780000
12738.530000
12704.580000
12696.520000
12585.830000
12396.860000
12461.820000
12428.560000
12251.400000
12244.670000
12373.360000
12432.660000
12438.660000
12411.010000
12444.350000
12562.370000
12597.020000
12569.060000
12529.300000
12426.860000
12358.170000
12402.870000
12167.360000
12091.980000
11990.810000
12039.220000
12017.730000
12046.660000
12129.810000
12134.540000
12123.090000
12184.410000
12241.140000
12354.380000
12458.300000
12409.960000
12416.870000
12395.920000
12456.690000
12394.160000
12373.290000
12310.760000
12348.860000
12245.410000
12072.270000
11998.640000
11978.800000
11700.500000
11693.840000
11625.020000
11790.150000
11847.790000
11791.220000
11617.280000
11677.450000
11394.210000
11391.940000
11324.920000
11205.830000
11444.860000
11394.370000
11499.380000
11575.430000
11689.960000
11555.970000
11528.520000
11634.810000
11648.790000
11549.060000
11598.510000
11495.690000
11566.790000
11500.660000
11448.560000
11419.550000
11187.160000
11257.830000
11221.770000
11205.990000
11390.930000
11400.050000
11358.800000
11403.720000
11315.300000
11566.970000
11442.190000
11266.280000
11063.440000
10927.370000
10757.730000
10884.620000
10971.120000
10988.770000
10903.390000
10886.800000
10841.420000
10831.440000
10686.370000
10654.660000
10635.450000
10586.800000
10612.720000
10538.660000
10786.340000
10814.470000
10910.710000
10961.920000
10927.130000
10959.000000
10886.230000
10994.830000
10947.870000
10929.300000
11216.820000
11179.910000
11142.220000
11135.750000
11149.320000
11321.620000
11275.210000
11276.280000
11215.210000
11311.370000
11218.510000
11209.310000
11371.740000
11347.940000
11286.460000
11045.410000
11041.950000
11164.380000
11217.300000
11260.550000
11323.050000
11318.190000
11371.440000
11437.470000
11454.440000
11504.710000
11544.310000
11556.870000
11521.220000
11524.990000
11676.860000
11650.440000
11627.780000
11652.770000
11612.950000
11475.550000
11550.590000
11618.730000
11586.900000
11635.760000
11725.660000
11712.360000
11823.290000
11721.410000
11582.540000
11623.970000
11392.000000
11447.130000
11502.350000
11494.150000
11549.420000
11706.640000
11777.650000
11961.360000
12029.260000
12024.230000
11989.590000
11988.530000
11937.110000
11963.430000
12031.150000
12029.980000
12116.250000
12195.000000
12243.630000
12251.810000
12349.830000
12321.790000
12323.640000
12376.060000
12345.310000
12402.870000
12435.670000
12298.660000
12319.050000
12208.480000
12125.960000
12140.610000
12052.930000
11991.830000
12099.570000
12310.370000
12270.890000
12246.500000
12178.250000
12211.030000
12082.750000
12082.050000
12124.550000
12113.310000
11927.640000
11924.660000
11755.120000
11793.630000
11987.890000
12057.730000
12076.950000
12096.610000
12045.380000
12227.400000
12132.280000
12201.780000
12136.650000
12124.680000
12358.000000
12346.700000
12438.370000
12425.200000
12341.560000
12284.570000
12315.840000
12334.570000
12408.220000
12619.680000
12548.220000
12631.810000
12656.050000
12632.120000
12587.440000
12477.580000
12448.810000
12417.930000
12354.870000
12434.140000
12465.190000
12453.330000
12296.300000
12340.110000
12346.020000
12531.160000
12550.340000
12599.930000
12428.050000
12473.970000
12404.510000
12226.490000
12254.030000
12034.910000
11797.520000
11748.830000
11747.740000
11845.410000
11865.630000
11836.970000
11835.880000
11759.570000
11530.010000
11578.840000
11759.000000
11764.930000
11824.660000
11853.140000
11823.120000
11696.780000
11778.620000
11717.790000
11853.910000
11989.440000
11994.110000
11956.690000
12078.400000
12151.310000
12205.100000
12245.110000
12292.140000
12394.280000
12471.830000
12494.250000
12421.250000
12392.970000
12416.050000
12466.780000
12490.840000
12441.020000
12375.310000
12261.060000
12313.150000
12404.470000
12441.030000
12497.280000
12226.860000
11925.250000
12012.910000
12105.090000
12097.940000
12165.530000
12202.710000
12511.650000
12495.240000
12682.400000
12698.370000
12814.490000
12700.380000
12787.350000
12791.310000
12819.220000
12914.240000
12895.850000
12986.490000
12951.880000
12944.260000
12953.340000
12992.070000
13171.170000
13166.080000
13187.660000
13300.760000
13278.180000
13225.620000
13308.260000
13273.820000
13219.300000
13261.720000
13282.410000
13374.270000
13182.220000
13171.850000
13244.570000
13268.970000
13261.980000
13314.920000
13259.290000
13290.330000
13338.250000
13086.030000
13157.360000
13188.640000
13171.210000
13170.770000
13091.710000
13169.770000
13287.810000
13423.410000
13425.850000
13394.470000
13286.000000
13248.980000
13324.110000
13331.860000
13381.440000
13316.620000
13425.030000
13282.740000
13143.110000
13283.880000
13334.040000
13523.340000
13548.200000
13529.210000
13487.900000
13458.910000
13492.740000
13557.780000
13550.830000
13560.680000
13640.060000
13486.140000
13604.850000
13399.420000
13327.120000
13371.300000
13262.180000
13208.470000
13077.570000
13282.630000
13488.580000
13606.970000
13551.030000
13501.740000
13668.430000
13758.700000
13745.430000
13788.510000
13795.240000
13731.390000
13789.000000
13788.410000
13689.230000
13236.580000
13132.040000
12849.170000
12593.620000
12008.590000
12121.600000
12272.990000
12199.820000
12207.770000
11769.850000
10995.220000
11032.290000
10761.430000
9932.560000
9985.740000
8967.110000
9145.930000
8670.410000
8668.480000
9201.070000
9071.140000
9700.570000
10137.620000
10000.960000
9886.180000
9817.510000
10096.420000
9686.460000
9650.270000
9626.720000
10097.310000
10590.410000
10340.790000
10649.790000
10820.170000
10678.190000
10438.370000
10756.780000
10707.310000
10524.730000
10425.020000
10608.390000
10486.470000
10660.360000
10897.820000
11125.350000
11235.570000
10578.430000
10736.950000
10773.860000
10761.860000
10918.320000
10986.220000
10886.010000
10698.130000
10474.080000
10547.190000
11089.500000
11201.180000
11246.910000
11194.920000
11138.150000
11391.280000
11544.350000
11747.200000
11813.140000
11729.980000
12055.570000
12507.410000
12558.240000
12858.790000
12913.130000
12864.910000
12763.890000
12301.950000
12172.630000
11968.060000
12434.270000
12432.230000
12483.840000
12447.150000
12399.370000
12616.120000
12489.240000
12236.460000
12347.450000
12297.680000
12350.350000
12391.720000
12658.170000
12649.980000
12842.590000
12661.120000
12670.190000
12709.680000
12649.990000
12836.410000
12697.910000
12999.840000
12919.230000
12954.250000
13063.690000
13313.900000
13197.920000
13217.730000
12935.500000
12908.660000
12936.010000
12864.390000
12768.710000
12524.750000
12698.560000
12768.580000
12757.030000
12799.210000
12691.660000
12753.120000
13046.130000
13101.120000
13075.250000
12971.080000
12960.840000
13052.840000
12980.700000
12891.140000
12911.270000
13104.310000
13221.820000
13192.320000
13218.050000
13147.240000
13148.190000
13127.280000
13303.170000
13460.460000
13127.080000
13117.610000
13147.520000
13257.540000
13297.710000
13255.470000
13339.140000
13262.810000
13277.230000
13245.870000
13263.440000
12998.900000
12698.120000
12830.700000
12684.800000
12622.770000
12873.400000
12859.140000
12869.960000
12836.650000
12690.250000
12842.480000
12966.090000
12959.020000
13100.850000
13096.440000
13151.800000
13132.900000
13066.440000
12839.550000
12955.860000
13028.730000
12850.290000
12765.050000
12583.020000
12718.270000
12404.510000
12223.600000
11852.020000
11707.430000
11614.130000
11838.000000
12088.980000
12329.960000
12591.300000
12595.870000
13297.050000
13237.590000
13244.320000
13168.090000
13145.480000
13277.450000
13151.020000
13213.630000
13138.140000
13172.910000
13312.420000
13296.760000
13346.960000
13316.190000
13364.170000
13445.110000
13434.300000
13359.270000
13307.540000
13315.370000
13289.430000
13297.490000
13454.130000
13370.440000
13265.610000
13292.300000
13374.960000
13596.740000
13725.840000
13774.450000
13399.990000
13441.590000
13601.710000
13818.650000
13903.110000
13797.090000
13907.130000
13768.130000
13919.230000
14007.470000
14131.520000
14007.650000
13999.570000
13978.430000
14030.220000
13958.160000
13850.400000
13940.050000
13952.200000
14026.350000
13897.730000
13946.850000
13925.730000
13851.840000
13698.540000
13593.030000
13648.050000
13844.940000
13988.150000
14069.890000
14114.440000
14169.490000
14061.610000
14063.120000
14053.060000
14050.960000
14131.210000
14130.740000
14036.950000
13961.050000
14026.180000
13975.080000
13989.240000
13998.300000
14051.010000
13881.260000
14022.020000
14101.790000
14197.490000
14095.810000
14068.030000
14402.920000
14475.650000
14560.970000
14595.020000
14527.420000
14572.240000
14601.790000
14601.630000
14804.010000
14747.560000
14677.120000
14707.370000
14619.040000
14621.360000
14776.320000
14845.420000
15029.700000
15026.490000
15110.920000
15311.860000
15242.730000
15247.780000
15243.560000
15275.330000
15281.650000
15255.920000
15271.690000
15473.830000
15501.840000
15393.130000
15210.690000
15328.330000
15309.090000
15325.890000
15293.890000
15355.280000
15329.720000
15244.260000
15268.560000
15260.750000
15170.780000
15281.400000
15406.410000
15419.430000
15255.890000
15226.360000
15235.890000
15417.240000
15482.230000
15538.010000
15266.530000
15370.260000
15467.190000
15568.600000
15541.860000
15490.060000
15548.720000
15499.640000
15685.400000
15631.020000
15657.150000
15705.890000
15732.060000
15727.230000
15669.140000
15637.940000
15703.840000
15802.670000
15792.350000
15759.660000
15752.340000
15736.930000
15606.570000
15652.750000
15675.900000
15606.890000
15612.660000
15668.080000
15752.930000
15709.340000
15708.780000
15705.530000
15673.880000
15647.880000
15700.950000
15591.650000
15687.930000
15806.900000
15806.570000
15810.680000
15737.360000
15699.930000
15423.840000
15300.290000
15443.760000
15578.750000
15681.410000
15641.610000
15586.900000
15577.130000
15659.220000
15613.660000
15702.890000
15608.070000
15712.270000
15751.880000
15808.240000
15798.510000
15802.150000
15887.160000
15964.380000
16030.330000
15961.180000
15937.470000
15969.850000
15804.850000
15808.040000
15930.720000
15918.720000
15932.620000
15834.910000
15859.770000
15896.730000
16006.760000
15981.700000
15874.670000
15868.690000
15959.740000
15927.770000
15755.300000
15693.220000
15702.600000
15787.660000
15763.580000
15740.010000
15745.190000
15791.900000
15262.760000
15394.330000
15508.420000
15695.650000
15573.460000
15704.050000
15542.410000
15422.750000
15448.520000
15262.750000
15175.250000
15202.200000
15049.490000
15253.290000
15267.920000
15202.740000
15174.290000
15302.430000
15464.380000
15598.580000
15542.170000
15527.970000
15567.070000
15532.940000
15614.760000
15618.880000
15781.000000
15744.790000
15706.390000
15689.660000
15849.400000
15960.210000
15972.710000
16064.790000
16084.900000
16068.730000
16104.130000
16076.560000
16114.550000
16122.760000
16149.870000
16266.260000
16283.520000
16290.190000
16282.870000
16202.770000
16054.380000
15974.300000
15962.540000
15540.290000
15441.910000
15280.040000
15509.460000
15373.520000
15422.900000
15415.460000
15827.940000
15834.040000
15721.480000
15689.500000
15794.310000
15697.980000
15531.040000
15780.930000
15609.510000
15296.080000
15452.420000
15593.470000
15768.450000
15854.620000
15974.790000
15955.030000
15890.740000
16069.380000
16202.580000
16285.350000
16156.560000
16044.280000
16015.340000
15979.990000
16061.500000
16090.290000
15970.700000
15962.700000
15843.580000
15898.050000
15912.330000
15728.290000
15587.390000
15205.750000
15524.960000
15582.450000
15416.590000
15566.380000
15687.960000
15736.520000
15602.500000
15423.940000
15256.080000
15338.000000
15513.940000
15614.470000
15511.340000
15150.540000
15418.410000
15542.840000
15440.080000
15317.390000
15192.470000
14782.160000
14901.090000
14221.710000
14567.620000
14510.770000
14448.610000
14114.790000
14057.150000
13562.600000
13150.350000
13106.780000
13847.930000
13829.970000
13943.970000
14082.060000
13974.840000
14553.100000
14509.230000
14413.090000
14457.300000
14508.010000
14539.310000
14375.820000
14428.030000
14627.580000
14925.250000
14744.720000
14732.000000
14506.020000
14535.070000
14603.440000
14437.910000
14315.350000
14321.820000
14298.020000
14180.090000
14100.030000
14198.780000
14199.090000
14362.030000
14598.110000
14372.470000
14037.630000
14112.840000
13849.430000
14074.710000
14187.020000
14036.110000
14081.150000
14073.210000
14315.240000
13851.450000
13697.900000
13719.950000
13829.100000
13808.090000
14034.150000
14043.100000
14203.090000
14226.470000
13882.300000
14161.320000
14217.480000
14105.060000
14053.590000
14253.610000
14463.500000
14589.450000
14547.090000
14489.000000
14492.780000
14589.910000
14709.380000
14590.690000
14602.060000
14420.730000
14121.070000
13648.840000
13569.930000
13566.800000
13443.320000
13237.700000
13265.600000
13443.770000
13206.110000
13120.310000
13160.710000
13378.420000
13358.620000
13132.360000
12811.430000
12894.380000
12919.700000
12870.240000
12668.680000
12867.710000
13019.130000
12934.870000
12905.480000
12851.900000
12788.010000
12875.670000
13062.230000
13351.200000
13399.400000
13318.640000
13367.040000
13337.060000
13197.950000
13204.580000
13289.390000
13515.030000
13570.220000
13484.550000
13595.070000
13792.880000
13693.340000
13745.590000
13674.600000
13715.560000
13763.260000
13813.050000
13857.980000
13947.850000
13930.570000
13775.660000
13660.340000
13510.290000
13298.260000
13238.610000
13364.550000
13375.020000
12942.460000
13154.150000
13020.540000
12743.050000
13051.570000
12827.580000
12927.790000
12953.990000
13008.820000
13121.130000
13441.540000
13564.830000
13192.820000
13111.380000
12815.330000
12866.700000
12936.570000
12771.780000
12781.560000
12521.250000
12368.490000
12414.090000
12198.370000
12147.310000
12137.770000
12227.870000
12673.350000
12661.880000
12643.220000
12497.520000
12410.830000
12258.150000
12298.620000
12379.240000
12676.420000
12716.810000
12931.760000
12819.110000
12818.340000
12775.520000
13020.450000
13053.240000
13203.240000
13259.490000
13250.660000
13307.090000
13444.070000
13398.640000
13194.320000
13542.350000
13611.300000
13689.610000
13691.120000
14157.250000
14263.530000
14431.180000
14440.780000
14382.620000
14384.540000
14457.760000
14425.950000
14485.490000
14446.330000
14570.710000
14571.660000
14514.730000
14429.870000
14487.700000
14563.700000
14584.590000
14507.160000
14471.500000
14372.350000
14298.810000
14385.570000
14366.390000
14675.840000
14470.740000
14363.120000
14011.260000
14001.370000
13931.290000
14099.750000
14160.870000
14000.680000
14063.140000
14018.470000
14071.720000
14008.970000
14095.910000
14293.870000
14492.780000
14501.600000
14610.230000
14832.890000
14790.820000
14965.470000
15095.030000
15132.370000
15153.190000
15269.710000
15250.360000
15134.070000
15034.430000
15145.900000
15147.450000
15114.410000
15151.540000
15186.490000
15161.070000
15136.220000
15222.340000
15520.970000
15476.670000
15406.930000
15363.410000
15486.130000
15658.560000
15487.980000
15409.270000
15526.280000
15520.390000
15634.040000
15514.720000
15532.440000
15470.520000
15408.580000
15552.770000
15530.460000
15481.060000
15443.170000
15478.840000
15329.290000
15590.440000
15677.930000
15706.370000
15667.210000
15667.050000
15495.870000
15435.810000
15272.110000
15246.170000
15018.310000
15153.110000
14980.430000
15253.100000
15298.490000
15244.320000
15135.650000
15185.350000
15261.490000
15342.270000
15536.420000
15659.060000
15659.350000
15736.560000
15627.290000
15601.490000
15726.020000
15827.280000
15754.990000
15841.470000
15903.250000
15916.280000
15908.470000
15883.310000
15899.620000
15919.110000
15891.730000
15826.020000
15859.250000
15922.380000
16011.560000
15868.880000
15796.710000
15961.540000
15996.160000
15962.620000
15984.820000
15970.540000
15938.010000
15982.100000
15968.410000
15992.770000
16230.440000
16331.940000
16267.930000
16224.320000
16013.290000
15872.600000
16008.590000
16079.730000
16058.430000
15871.700000
15863.410000
16071.320000
16114.840000
16009.280000
16020.280000
16019.000000
15998.900000
16126.300000
16232.700000
16336.270000
16301.730000
16427.420000
16302.290000
16184.300000
16145.290000
15988.210000
15917.140000
15874.900000
15895.700000
15994.310000
15998.670000
16176.550000
16209.290000
16103.950000
15982.960000
15846.250000
15661.410000
15722.030000
15807.660000
16044.280000
16185.110000
16149.120000
16102.510000
16140.200000
16240.790000
16211.430000
16181.340000
16208.760000
16225.890000
16212.910000
16408.800000
16490.130000
16528.970000
16430.660000
16140.760000
15920.320000
15973.960000
15962.610000
15946.570000
15983.780000
16060.270000
15962.450000
