49.950001
51.299999
56.060001
73.430000
78.879997
80.570000
49.160000
60.599998
74.349998
76.260002
75.300003
48.900002
61.430000
62.119999
56.630001
60.299999
53.299999
56.779999
54.130001
57.889999
105.500000
65.471001
91.000999
87.890999
57.280998
133.309998
95.664001
152.639999
86.134003
93.613998
80.653999
74.844002
86.204002
72.094002
60.664001
58.764000
57.004002
62.444000
54.563999
87.304001
140.839996
69.120003
53.330002
43.000000
43.250000
28.900000
34.020000
34.970001
32.459999
56.869999
75.190002
68.250000
75.760002
74.470001
82.830002
74.620003
69.360001
72.980003
80.459999
46.580002
70.559998
74.919998
62.980000
105.900002
115.820000
86.079002
82.978996
105.989998
91.385002
88.315002
74.934998
66.324997
104.949997
93.806000
71.125999
80.966003
85.346001
94.706001
100.059998
119.709999
83.222000
67.042000
78.681999
87.531998
78.152000
115.320000
89.096001
219.860001
160.380005
160.850006
145.250000
158.820007
118.910004
178.570007
192.410004
172.919998
177.830002
148.860001
130.839996
118.949997
101.279999
138.610001
96.870003
181.199997
69.810997
79.551003
76.380997
77.320999
73.041000
70.591003
99.661003
76.511002
88.191002
72.481003
69.361000
79.130997
104.309998
84.797997
74.258003
69.828003
104.680000
80.461998
87.531998
70.612000
75.491997
78.402000
82.421997
85.281998
98.351997
134.619995
97.672997
102.029999
85.972000
86.472000
71.632004
86.031998
96.552002
82.762001
84.931999
107.720001
110.589996
90.811996
67.921997
71.181999
69.362000
82.302002
83.092003
60.582001
70.961998
64.012001
57.442001
71.342003
54.722000
146.720001
68.014999
50.055000
46.404999
38.145000
51.845001
61.855000
64.875000
89.345001
91.214996
78.305000
80.764999
104.050003
190.389999
54.602001
64.762001
76.141998
99.251999
95.711998
69.031998
61.091999
70.351997
114.220001
80.295998
52.506001
90.496002
78.685997
79.396004
75.195999
55.466000
65.206001
63.035999
72.615997
77.505997
61.276001
73.426003
75.185997
87.896004
76.085999
56.566002
58.216000
79.905998
74.316002
82.636002
57.236000
56.686001
63.646000
64.725998
62.486000
51.646000
51.026001
56.495998
54.585999
58.506001
37.846001
50.956001
57.256001
47.675999
66.005997
68.375999
53.966000
46.816002
41.625999
67.316002
54.306000
62.486000
83.005997
61.605999
67.346001
62.875999
53.646000
67.136002
71.246002
67.725998
67.056000
68.435997
62.456001
67.765999
148.559998
49.585999
62.745998
55.276001
66.536003
86.716003
67.276001
78.966003
96.225998
88.005997
89.246002
63.675999
80.246002
62.396000
53.535999
56.976002
68.346001
64.615997
67.195999
88.456001
82.486000
57.206001
65.996002
63.636002
52.826000
82.225998
62.925999
69.246002
65.695999
72.255997
64.195999
59.056000
51.445999
54.436001
52.296001
76.646004
56.995998
60.736000
64.015999
114.860001
103.680000
72.411003
77.960999
76.200996
58.050999
93.250999
48.081001
50.370998
51.120998
50.500999
46.221001
53.341000
51.091000
97.640999
61.601002
55.191002
50.081001
50.931000
52.791000
47.361000
52.570999
46.460999
68.060997
59.750999
87.471001
168.809998
48.858002
56.028000
44.598000
42.897999
28.747999
22.988001
27.587999
30.738001
24.358000
34.987999
57.917999
76.227997
60.958000
55.438000
64.987999
57.448002
66.377998
65.977997
66.458000
42.108002
57.917999
58.268002
64.178001
64.038002
39.908001
48.348000
53.598000
62.007999
55.147999
54.667999
57.057999
57.108002
122.980003
76.258003
54.438000
56.188000
61.358002
66.258003
65.767998
38.588001
56.438000
49.077999
