Date	Open	High	Low	Close
2023-04-06	15530,20	15599,57	15509,09	15562,86
2023-04-05	15611,68	15627,29	15482,88	15520,17
2023-04-04	15639,02	15736,56	15601,40	15603,47
2023-04-03	15623,45	15659,35	15553,90	15580,92
2023-03-31	15568,37	15659,06	15499,84	15628,84
2023-03-30	15429,38	15536,42	15424,69	15522,40
2023-03-29	15242,52	15342,27	15186,75	15328,78
2023-03-28	15255,93	15261,49	15103,76	15142,02
2023-03-27	15133,68	15185,35	15020,07	15127,68
2023-03-24	15135,50	15135,65	14809,82	14957,23
2023-03-23	15178,25	15244,32	15078,72	15210,39
2023-03-22	15174,67	15298,49	15166,95	15216,19
2023-03-21	15062,06	15253,10	15055,93	15195,34
2023-03-20	14715,40	14980,43	14458,39	14933,38
2023-03-17	15073,76	15153,11	14694,26	14768,20
2023-03-16	14973,84	15018,31	14664,17	14967,10
2023-03-15	15175,44	15246,17	14702,91	14735,26
2023-03-14	15016,53	15272,11	14951,71	15232,83
2023-03-13	15435,16	15435,81	14887,44	14959,47
2023-03-10	15369,67	15495,87	15316,38	15427,97
2023-03-09	15619,75	15667,05	15535,13	15633,21
2023-03-08	15528,81	15667,21	15524,85	15631,87
2023-03-07	15638,44	15706,37	15544,07	15559,53
2023-03-06	15597,90	15677,93	15587,78	15653,58
2023-03-03	15430,66	15590,44	15409,99	15578,39
2023-03-02	15171,07	15329,29	15150,67	15327,64
2023-03-01	15399,91	15478,84	15254,11	15305,02
2023-02-28	15299,79	15443,17	15289,43	15365,14
2023-02-27	15351,63	15481,06	15351,63	15381,43
2023-02-24	15501,82	15530,46	15162,48	15209,74
2023-02-23	15453,29	15552,77	15433,97	15475,69
2023-02-22	15342,60	15408,58	15247,50	15399,89
2023-02-21	15450,62	15470,52	15286,71	15397,62
2023-02-20	15524,16	15532,44	15436,79	15477,55
2023-02-17	15372,06	15514,72	15300,42	15482,00
2023-02-16	15612,43	15634,04	15417,17	15533,64
2023-02-15	15394,44	15520,39	15388,85	15506,34
2023-02-14	15419,00	15526,28	15366,37	15380,56
2023-02-13	15322,06	15409,27	15305,94	15397,34
2023-02-10	15438,94	15487,98	15246,39	15307,98
2023-02-09	15560,15	15658,56	15519,63	15523,42
2023-02-08	15450,67	15486,13	15371,93	15412,05
2023-02-07	15359,59	15363,41	15273,60	15320,88
2023-02-06	15367,04	15406,93	15275,57	15345,91
2023-02-03	15408,40	15476,67	15347,86	15476,43
2023-02-02	15275,00	15520,97	15264,31	15509,19
2023-02-01	15125,12	15222,34	15107,83	15180,74
2023-01-31	15081,17	15136,22	14993,59	15128,27
2023-01-30	15070,30	15161,07	14988,98	15126,08
2023-01-27	15115,75	15186,49	15077,62	15150,03
2023-01-26	15146,29	15151,54	15068,72	15132,85
2023-01-25	15095,72	15114,41	14969,65	15081,64
2023-01-24	15140,50	15147,45	15022,55	15093,11
2023-01-23	15077,40	15145,90	15022,83	15102,95
2023-01-20	14986,52	15034,43	14940,68	15033,56
2023-01-19	15115,55	15134,07	14906,27	14920,36
2023-01-18	15182,95	15250,36	15156,89	15181,80
2023-01-17	15130,03	15269,71	15083,95	15187,07
2023-01-16	15112,05	15153,19	15083,94	15134,04
2023-01-13	15063,21	15132,37	15041,16	15086,52
2023-01-12	14972,28	15095,03	14934,51	15058,30
2023-01-11	14805,40	14965,47	14794,99	14947,91
2023-01-10	14741,97	14790,82	14692,74	14774,60
2023-01-09	14650,73	14832,89	14628,61	14792,83
2023-01-06	14476,72	14610,23	14388,98	14610,02
2023-01-05	14451,23	14501,60	14403,73	14436,31
2023-01-04	14266,98	14492,78	14264,60	14490,78
2023-01-03	14116,07	14293,87	14083,76	14181,67
2023-01-02	13992,71	14095,91	13976,44	14069,26
2022-12-30	14005,84	14008,97	13922,55	13923,59
2022-12-29	13890,81	14071,72	13871,32	14071,72
2022-12-28	14013,72	14018,47	13914,62	13925,60
2022-12-27	14047,42	14063,14	13966,35	13995,10
2022-12-23	13945,59	14000,68	13874,50	13940,93
2022-12-22	14113,01	14160,87	13890,54	13914,07
2022-12-21	13944,69	14099,75	13912,17	14097,82
2022-12-20	13829,90	13931,29	13791,52	13884,66
2022-12-19	13934,75	14001,37	13927,05	13942,87
2022-12-16	13978,44	14011,26	13815,24	13893,07
2022-12-15	14351,31	14363,12	13982,59	13986,23
2022-12-14	14453,54	14470,74	14375,95	14460,20
2022-12-13	14345,88	14675,84	14302,49	14497,89
2022-12-12	14300,43	14366,39	14262,60	14306,63
2022-12-09	14325,80	14385,57	14217,96	14370,72
2022-12-08	14277,75	14298,81	14196,77	14264,56
2022-12-07	14304,95	14372,35	14218,18	14261,19
2022-12-06	14406,87	14471,50	14305,26	14343,19
2022-12-05	14487,43	14507,16	14394,37	14447,61
2022-12-02	14465,70	14584,59	14372,42	14529,39
2022-12-01	14543,80	14563,70	14423,79	14490,30
2022-11-30	14429,22	14487,70	14363,32	14397,04
2022-11-29	14404,67	14429,87	14327,04	14355,45
2022-11-28	14471,10	14514,73	14374,15	14383,36
2022-11-25	14547,58	14571,66	14498,05	14541,38
2022-11-24	14456,15	14570,71	14447,55	14539,56
2022-11-23	14438,20	14446,33	14363,51	14427,59
2022-11-22	14352,54	14485,49	14343,80	14422,35
2022-11-21	14395,53	14425,95	14321,84	14379,93
2022-11-18	14320,61	14457,76	14300,21	14431,86
2022-11-17	14348,46	14384,54	14149,70	14266,38
2022-11-16	14374,86	14382,62	14195,31	14234,03
2022-11-15	14372,42	14440,78	14266,42	14378,51
2022-11-14	14295,81	14431,18	14243,35	14313,30
2022-11-11	14179,39	14263,53	14172,47	14224,86
2022-11-10	13603,79	14157,25	13599,35	14146,09
2022-11-09	13653,98	13691,12	13557,08	13666,32
2022-11-08	13506,65	13689,61	13487,91	13688,75
2022-11-07	13398,79	13611,30	13391,00	13533,52
2022-11-04	13201,24	13542,35	13193,51	13459,85
2022-11-03	13130,97	13194,32	13022,64	13130,19
2022-11-02	13369,33	13398,64	13255,07	13256,74
2022-11-01	13344,85	13444,07	13287,07	13338,74
2022-10-31	13254,31	13307,09	13216,48	13253,74
2022-10-28	13072,92	13250,66	13051,25	13243,33
2022-10-27	13152,99	13259,49	13062,04	13211,23
2022-10-26	13054,49	13203,24	13023,40	13195,81
2022-10-25	12965,19	13053,24	12789,26	13052,96
2022-10-24	12868,77	13020,45	12747,38	12931,45
2022-10-21	12641,12	12775,52	12548,15	12730,90
2022-10-20	12685,16	12818,34	12628,78	12767,41
2022-10-19	12817,63	12819,11	12705,26	12741,41
2022-10-18	12788,53	12931,76	12746,36	12765,61
2022-10-17	12467,54	12716,81	12398,05	12649,03
2022-10-14	12549,02	12676,42	12395,99	12437,81
2022-10-13	12114,23	12379,24	12000,43	12355,58
2022-10-12	12207,97	12298,62	12104,62	12172,26
2022-10-11	12168,66	12258,15	12097,68	12220,25
2022-10-10	12175,52	12410,83	12174,63	12272,94
2022-10-07	12414,78	12497,52	12272,59	12273,00
2022-10-06	12593,41	12643,22	12421,89	12470,78
2022-10-05	12611,07	12661,88	12455,36	12517,18
2022-10-04	12360,72	12673,35	12358,98	12670,48
2022-10-03	11951,84	12227,87	11893,94	12209,48
2022-09-30	12063,09	12137,77	11973,91	12114,36
2022-09-29	12143,21	12147,31	11866,98	11975,55
2022-09-28	12025,43	12198,37	11862,84	12183,28
2022-09-27	12332,85	12414,09	12139,68	12139,68
2022-09-26	12231,84	12368,49	12184,00	12227,92
2022-09-23	12506,64	12521,25	12180,76	12284,19
2022-09-22	12531,66	12781,56	12526,61	12531,63
2022-09-21	12555,31	12771,78	12520,81	12767,15
2022-09-20	12849,78	12936,57	12638,22	12670,83
2022-09-19	12685,29	12866,70	12606,64	12803,24
2022-09-16	12814,92	12815,33	12699,22	12741,26
2022-09-15	13040,36	13111,38	12927,20	12956,66
2022-09-14	13131,34	13192,82	12952,09	13028,00
2022-09-13	13450,39	13564,83	13183,19	13188,95
2022-09-12	13171,92	13441,54	13165,78	13402,27
2022-09-09	12926,15	13121,13	12925,57	13088,21
2022-09-08	12985,61	13008,82	12688,87	12904,32
2022-09-07	12770,72	12953,99	12736,09	12915,97
2022-09-06	12807,27	12927,79	12760,04	12871,44
2022-09-05	12827,58	12827,58	12617,40	12760,78
2022-09-02	12768,44	13051,57	12736,01	13050,27
2022-09-01	12713,75	12743,05	12603,58	12630,23
2022-08-31	13018,48	13020,54	12814,81	12834,96
2022-08-30	12919,43	13154,15	12885,08	12961,14
2022-08-29	12838,42	12942,46	12758,44	12892,99
2022-08-26	13335,10	13375,02	12939,96	12971,47
2022-08-25	13328,49	13364,55	13210,99	13271,96
2022-08-24	13131,12	13238,61	13085,20	13220,06
2022-08-23	13163,52	13298,26	13156,44	13194,23
2022-08-22	13471,44	13510,29	13189,27	13230,57
2022-08-19	13591,24	13660,34	13525,69	13544,52
2022-08-18	13653,82	13775,66	13638,16	13697,41
2022-08-17	13928,12	13930,57	13610,44	13626,71
2022-08-16	13849,62	13947,85	13824,97	13910,12
2022-08-15	13847,88	13857,98	13736,00	13816,61
2022-08-12	13709,83	13813,05	13705,02	13795,85
2022-08-11	13747,07	13763,26	13661,17	13694,51
2022-08-10	13482,63	13715,56	13455,70	13700,93
2022-08-09	13647,06	13674,60	13514,71	13534,97
2022-08-08	13703,38	13745,59	13604,55	13687,69
2022-08-05	13642,91	13693,34	13562,62	13573,93
2022-08-04	13629,70	13792,88	13628,57	13662,68
2022-08-03	13398,70	13595,07	13388,34	13587,56
2022-08-02	13419,19	13484,55	13335,39	13449,20
2022-08-01	13471,20	13570,22	13464,90	13479,63
2022-07-29	13353,28	13515,03	13340,59	13484,05
2022-07-28	13214,41	13289,39	13091,26	13282,11
2022-07-27	13158,64	13204,58	13089,96	13166,38
2022-07-26	13181,92	13197,95	13042,41	13096,93
2022-07-25	13183,24	13337,06	13151,86	13210,32
2022-07-22	13179,56	13367,04	13171,14	13253,68
2022-07-21	13261,82	13318,64	13097,75	13246,64
2022-07-20	13356,67	13399,40	13129,13	13281,98
2022-07-19	12884,83	13351,20	12827,89	13308,41
2022-07-18	12935,05	13062,23	12913,69	12959,81
2022-07-15	12562,15	12875,67	12532,94	12864,72
2022-07-14	12759,29	12788,01	12434,29	12519,66
2022-07-13	12800,87	12851,90	12625,22	12756,32
2022-07-12	12751,30	12905,48	12655,06	12905,48
2022-07-11	12783,09	12934,87	12774,23	12832,44
2022-07-08	12814,10	13019,13	12766,80	13015,23
2022-07-07	12757,63	12867,71	12693,65	12843,22
2022-07-06	12587,55	12668,68	12509,22	12594,52
2022-07-05	12851,29	12870,24	12390,95	12401,20
2022-07-04	12904,09	12919,70	12741,63	12773,38
2022-07-01	12627,66	12894,38	12623,23	12813,03
2022-06-30	12795,22	12811,43	12618,68	12783,77
2022-06-29	13089,99	13132,36	12946,76	13003,35
2022-06-28	13264,62	13358,62	13221,04	13231,82
2022-06-27	13217,90	13378,42	13126,86	13186,07
2022-06-24	12949,87	13160,71	12904,86	13118,13
2022-06-23	13082,62	13120,31	12912,59	12912,59
2022-06-22	13062,26	13206,11	12965,69	13144,28
2022-06-21	13335,15	13443,77	13273,20	13292,40
2022-06-20	13207,79	13265,60	13106,38	13265,60
2022-06-17	13092,85	13237,70	13020,42	13126,26
2022-06-16	13440,43	13443,32	13007,91	13038,49
2022-06-15	13480,50	13566,80	13358,40	13485,29
2022-06-14	13557,44	13569,93	13294,00	13304,39
2022-06-13	13564,47	13648,84	13379,87	13427,03
2022-06-10	14110,03	14121,07	13749,77	13761,83
2022-06-09	14364,59	14420,73	14186,93	14198,80
2022-06-08	14595,78	14602,06	14378,50	14445,99
2022-06-07	14569,30	14590,69	14458,34	14556,62
2022-06-06	14576,87	14709,38	14548,26	14653,81
2022-06-03	14585,18	14589,91	14443,11	14460,09
2022-06-02	14394,36	14492,78	14393,04	14485,17
2022-06-01	14478,37	14489,00	14329,51	14340,47
2022-05-31	14513,34	14547,09	14359,39	14388,35
2022-05-30	14572,80	14589,45	14509,58	14575,98
2022-05-27	14289,53	14463,50	14246,83	14462,19
2022-05-26	14025,44	14253,61	14025,44	14231,29
2022-05-25	14022,27	14053,59	13871,48	14007,93
2022-05-24	14043,22	14105,06	13917,08	13919,75
2022-05-23	14179,84	14217,48	14026,14	14175,40
2022-05-20	13968,26	14161,32	13944,16	13981,91
2022-05-19	13822,35	13882,30	13683,59	13882,30
2022-05-18	14197,18	14226,47	13999,54	14007,76
2022-05-17	14072,67	14203,09	14056,98	14185,94
2022-05-16	13986,17	14043,10	13864,95	13964,38
2022-05-13	13837,42	14034,15	13795,64	14027,93
2022-05-12	13512,13	13808,09	13479,36	13739,64
2022-05-11	13587,29	13829,10	13508,56	13828,64
2022-05-10	13550,02	13719,95	13514,49	13534,74
2022-05-09	13624,92	13697,90	13380,67	13380,67
2022-05-06	13832,65	13851,45	13592,15	13674,29
2022-05-05	14282,77	14315,24	13857,58	13902,52
2022-05-04	14020,90	14073,21	13970,62	13970,82
2022-05-03	13958,92	14081,15	13920,46	14039,47
2022-05-02	13996,82	14036,11	13778,13	13939,07
2022-04-29	14095,93	14187,02	14038,55	14097,88
2022-04-28	13907,06	14074,71	13822,16	13979,84
2022-04-27	13760,22	13849,43	13566,20	13793,94
2022-04-26	14087,08	14112,84	13749,68	13756,40
2022-04-25	13908,05	14037,63	13863,39	13924,17
2022-04-22	14320,51	14372,47	14142,09	14142,09
2022-04-21	14376,05	14598,11	14374,59	14502,41
2022-04-20	14154,48	14362,03	14149,68	14362,03
2022-04-19	14057,43	14199,09	13991,70	14153,46
2022-04-14	14098,48	14198,78	14038,30	14163,85
2022-04-13	14062,70	14100,03	13961,95	14076,44
2022-04-12	13956,56	14180,09	13887,11	14124,95
2022-04-11	14162,97	14298,02	14094,83	14192,78
2022-04-08	14275,87	14321,82	14178,28	14283,67
2022-04-07	14187,13	14315,35	14069,53	14078,15
2022-04-06	14402,16	14437,91	14027,18	14151,69
2022-04-05	14504,80	14603,44	14347,33	14424,36
2022-04-04	14503,96	14535,07	14334,10	14518,16
2022-04-01	14447,78	14506,02	14403,09	14446,48
2022-03-31	14674,83	14732,00	14404,03	14414,75
2022-03-30	14712,32	14744,72	14555,87	14606,05
2022-03-29	14592,74	14925,25	14553,71	14820,33
2022-03-28	14376,00	14627,58	14371,90	14417,37
2022-03-25	14332,26	14428,03	14247,38	14305,76
2022-03-24	14305,80	14375,82	14187,82	14273,79
2022-03-23	14532,84	14539,31	14226,43	14283,65
2022-03-22	14365,67	14508,01	14343,34	14473,20
2022-03-21	14385,82	14457,30	14306,26	14326,97
2022-03-18	14374,41	14413,09	14109,79	14413,09
2022-03-17	14500,05	14509,23	14243,94	14388,06
2022-03-16	14245,77	14553,10	14183,26	14440,74
2022-03-15	13768,44	13974,84	13577,81	13917,27
2022-03-14	13827,22	14082,06	13815,80	13929,11
2022-03-11	13479,69	13943,97	13407,97	13628,11
2022-03-10	13819,44	13829,97	13341,79	13442,10
2022-03-09	13215,06	13847,93	13199,68	13847,93
2022-03-08	12673,89	13106,78	12672,00	12831,51
2022-03-07	12614,08	13150,35	12438,85	12834,65
2022-03-04	13485,98	13562,60	13094,54	13094,54
2022-03-03	13990,25	14057,15	13669,10	13698,40
2022-03-02	13836,93	14114,79	13707,86	14000,11
2022-03-01	14404,22	14448,61	13904,85	13904,85
2022-02-28	14263,73	14510,77	14106,89	14461,02
2022-02-25	14230,09	14567,62	14027,93	14567,23
2022-02-24	13989,41	14221,71	13807,28	14052,10
2022-02-23	14754,22	14901,09	14586,35	14631,36
2022-02-22	14365,06	14782,16	14357,86	14693,00
2022-02-21	15186,63	15192,47	14617,66	14731,12
2022-02-18	15278,66	15317,39	14989,05	15042,51
2022-02-17	15404,14	15440,08	15206,40	15267,63
2022-02-16	15431,27	15542,84	15327,94	15370,30
2022-02-15	15077,32	15418,41	15068,33	15412,71
2022-02-14	15065,73	15150,54	14844,10	15113,97
2022-02-11	15353,86	15511,34	15308,69	15425,12
2022-02-10	15597,06	15614,47	15413,37	15490,44
2022-02-09	15356,95	15513,94	15351,48	15482,01
2022-02-08	15221,70	15338,00	15158,80	15242,38
2022-02-07	15220,08	15256,08	15076,89	15206,64
2022-02-04	15410,73	15423,94	15060,48	15099,56
2022-02-03	15565,94	15602,50	15367,16	15368,47
2022-02-02	15689,16	15736,52	15604,99	15613,77
2022-02-01	15620,56	15687,96	15537,05	15619,39
2022-01-31	15506,79	15566,38	15338,19	15471,20
2022-01-28	15411,86	15416,59	15122,65	15318,95
2022-01-27	15229,98	15582,45	15197,53	15524,27
2022-01-26	15273,06	15524,96	15272,87	15459,39
2022-01-25	15139,07	15205,75	14979,11	15123,87
2022-01-24	15499,61	15587,39	14952,67	15011,13
2022-01-21	15694,82	15728,29	15456,87	15603,88
2022-01-20	15837,24	15912,33	15737,33	15912,33
2022-01-19	15639,45	15898,05	15629,86	15809,72
2022-01-18	15839,15	15843,58	15669,35	15772,56
2022-01-17	15948,90	15962,70	15894,77	15933,72
2022-01-14	15929,37	15970,70	15833,73	15883,24
2022-01-13	15959,83	16090,29	15941,78	16031,59
2022-01-12	16054,93	16061,50	15955,54	16010,32
2022-01-11	15918,82	15979,99	15880,39	15941,81
2022-01-10	16006,44	16015,34	15724,23	15768,27
2022-01-07	15999,02	16044,28	15862,71	15947,74
2022-01-06	16076,16	16156,56	15988,63	16052,03
2022-01-05	16177,44	16285,35	16161,72	16271,75
2022-01-04	16069,80	16202,58	16036,52	16152,61
2022-01-03	15947,44	16069,38	15943,16	16020,73
2021-12-30	15837,56	15890,74	15834,57	15884,86
2021-12-29	15952,47	15955,03	15803,59	15852,25
2021-12-28	15839,19	15974,79	15832,96	15963,70
2021-12-27	15705,53	15854,62	15697,44	15835,25
2021-12-23	15660,78	15768,45	15622,60	15756,31
2021-12-22	15474,84	15593,47	15425,16	15593,47
2021-12-21	15379,08	15452,42	15305,61	15447,44
2021-12-20	15152,56	15296,08	15060,10	15239,67
2021-12-17	15599,75	15609,51	15419,55	15531,69
2021-12-16	15708,94	15780,93	15621,57	15636,40
2021-12-15	15503,64	15531,04	15451,74	15476,35
2021-12-14	15680,35	15697,98	15448,45	15453,56
2021-12-13	15653,57	15794,31	15591,62	15621,72
2021-12-10	15572,69	15689,50	15550,45	15623,31
2021-12-09	15705,93	15721,48	15613,40	15639,26
2021-12-08	15781,05	15834,04	15683,67	15687,09
2021-12-07	15546,70	15827,94	15544,79	15813,94
2021-12-06	15323,20	15415,46	15150,54	15380,79
2021-12-03	15422,90	15422,90	15101,71	15169,98
2021-12-02	15300,73	15373,52	15172,90	15263,11
2021-12-01	15233,37	15509,46	15187,09	15472,67
2021-11-30	15117,63	15280,04	15015,42	15100,13
2021-11-29	15418,28	15441,91	15237,87	15280,86
2021-11-26	15383,90	15540,29	15244,46	15257,04
2021-11-25	15928,38	15962,54	15865,41	15917,98
2021-11-24	15942,28	15974,30	15740,60	15878,39
2021-11-23	15987,20	16054,38	15866,01	15937,00
2021-11-22	16188,54	16202,77	16090,54	16115,69
2021-11-19	16269,22	16282,87	16092,63	16159,97
2021-11-18	16262,29	16290,19	16193,34	16221,73
2021-11-17	16248,32	16283,52	16240,51	16251,13
2021-11-16	16174,31	16266,26	16157,58	16247,86
2021-11-15	16109,41	16149,87	16072,29	16148,64
2021-11-12	16100,08	16122,76	16065,06	16094,07
2021-11-11	16067,34	16114,55	16032,50	16083,11
2021-11-10	16053,00	16076,56	15985,90	16067,83
2021-11-09	16026,74	16104,13	16022,64	16040,47
2021-11-08	16040,85	16068,73	16016,20	16046,52
2021-11-05	16011,57	16084,90	16008,40	16054,36
2021-11-04	16035,90	16064,79	15997,63	16029,65
2021-11-03	15957,15	15972,71	15922,10	15959,98
2021-11-02	15825,27	15960,21	15824,11	15954,45
2021-11-01	15764,55	15849,40	15760,35	15806,29
2021-10-29	15579,90	15689,66	15495,51	15688,77
2021-10-28	15681,52	15706,39	15629,33	15696,33
2021-10-27	15725,40	15744,79	15671,59	15705,81
2021-10-26	15652,91	15781,00	15650,35	15757,06
2021-10-25	15580,58	15618,88	15531,95	15599,23
2021-10-22	15507,99	15614,76	15492,29	15542,98
2021-10-21	15408,80	15532,94	15406,59	15472,56
2021-10-20	15473,56	15567,07	15465,03	15522,92
2021-10-19	15510,99	15527,97	15457,43	15515,83
2021-10-18	15518,59	15542,17	15416,02	15474,47
2021-10-15	15481,22	15598,58	15465,93	15587,36
2021-10-14	15350,72	15464,38	15303,39	15462,72
2021-10-13	15130,80	15302,43	15109,61	15249,38
2021-10-12	15025,35	15174,29	15012,07	15146,87
2021-10-11	15115,46	15202,74	15094,44	15199,14
2021-10-08	15242,76	15267,92	15184,76	15206,13
2021-10-07	15162,75	15253,29	15116,47	15250,86
2021-10-06	15040,10	15049,49	14818,71	14973,33
2021-10-05	15055,40	15202,20	15011,44	15194,49
2021-10-04	15061,86	15175,25	15016,93	15036,55
2021-10-01	15041,60	15262,75	14983,80	15156,44
2021-09-30	15434,33	15448,52	15246,00	15260,69
2021-09-29	15357,00	15422,75	15301,35	15365,27
2021-09-28	15542,03	15542,41	15232,97	15248,56
2021-09-27	15699,01	15704,05	15552,09	15573,88
2021-09-24	15562,14	15573,46	15497,17	15531,75
2021-09-23	15630,01	15695,65	15593,72	15643,97
2021-09-22	15463,24	15508,42	15378,93	15506,74
2021-09-21	15265,03	15394,33	15205,70	15348,53
2021-09-20	15259,50	15262,76	15019,49	15132,06
2021-09-17	15774,57	15791,90	15455,54	15490,17
2021-09-16	15666,63	15745,19	15638,23	15651,75
2021-09-15	15731,48	15740,01	15613,72	15616,00
2021-09-14	15697,72	15763,58	15663,42	15722,99
2021-09-13	15681,17	15787,66	15674,16	15701,42
2021-09-10	15648,89	15702,60	15574,94	15609,81
2021-09-09	15499,45	15693,22	15453,96	15623,15
2021-09-08	15714,61	15755,30	15590,41	15610,28
2021-09-07	15896,56	15927,77	15826,86	15843,09
2021-09-06	15818,44	15959,74	15814,63	15932,12
2021-09-03	15841,45	15868,69	15690,02	15781,20
2021-09-02	15813,57	15874,67	15810,77	15840,59
2021-09-01	15958,41	15981,70	15773,44	15824,29
2021-08-31	15929,26	16006,76	15761,57	15835,09
2021-08-30	15856,71	15896,73	15847,66	15887,31
2021-08-27	15778,92	15859,77	15752,09	15851,75
2021-08-26	15773,71	15834,91	15701,85	15793,62
2021-08-25	15912,85	15932,62	15853,32	15860,66
2021-08-24	15897,86	15918,72	15856,05	15905,85
2021-08-23	15930,72	15930,72	15799,59	15852,79
2021-08-20	15734,68	15808,04	15656,28	15808,04
2021-08-19	15737,18	15804,85	15621,98	15765,81
2021-08-18	15935,21	15969,85	15872,99	15965,97
2021-08-17	15872,12	15937,47	15811,57	15921,95
2021-08-16	15875,70	15961,18	15851,28	15925,73
2021-08-13	15948,15	16030,33	15940,82	15977,44
2021-08-12	15829,27	15964,38	15823,53	15937,51
2021-08-11	15792,12	15887,16	15724,99	15826,09
2021-08-10	15734,14	15802,15	15733,65	15770,71
2021-08-09	15773,51	15798,51	15699,27	15745,41
2021-08-06	15770,85	15808,24	15737,10	15761,45
2021-08-05	15691,74	15751,88	15672,27	15744,67
2021-08-04	15653,65	15712,27	15600,80	15692,13
2021-08-03	15537,69	15608,07	15492,58	15555,08
2021-08-02	15631,70	15702,89	15511,25	15568,73
2021-07-30	15493,74	15613,66	15440,89	15544,39
2021-07-29	15608,82	15659,22	15563,65	15640,47
2021-07-28	15538,75	15577,13	15497,10	15570,36
2021-07-27	15537,89	15586,90	15423,56	15519,13
2021-07-26	15586,66	15641,61	15544,94	15618,98
2021-07-23	15603,69	15681,41	15583,65	15669,29
2021-07-22	15533,22	15578,75	15471,47	15514,54
2021-07-21	15239,92	15443,76	15194,54	15422,50
2021-07-20	15234,85	15300,29	15091,90	15216,27
2021-07-19	15420,14	15423,84	15048,56	15133,20
2021-07-16	15682,75	15699,93	15476,99	15540,31
2021-07-15	15737,36	15737,36	15592,01	15629,66
2021-07-14	15733,19	15810,68	15717,83	15788,98
2021-07-13	15769,51	15806,57	15747,57	15789,64
2021-07-12	15675,42	15806,90	15631,84	15790,51
2021-07-09	15497,93	15687,93	15479,44	15687,93
2021-07-08	15584,72	15591,65	15304,41	15420,64
2021-07-07	15606,94	15700,95	15604,58	15692,71
2021-07-06	15615,07	15647,88	15466,66	15511,38
2021-07-05	15628,42	15673,88	15535,29	15661,97
2021-07-02	15644,84	15705,53	15616,43	15650,09
2021-07-01	15624,28	15708,78	15488,49	15603,81
2021-06-30	15700,06	15709,34	15461,20	15531,04
2021-06-29	15565,83	15752,93	15555,49	15690,59
2021-06-28	15570,80	15668,08	15542,17	15554,18
2021-06-25	15584,90	15612,66	15533,40	15607,97
2021-06-24	15528,55	15606,89	15476,67	15589,23
2021-06-23	15674,33	15675,90	15456,39	15456,39
2021-06-22	15587,57	15652,75	15518,31	15636,33
2021-06-21	15391,50	15606,57	15309,44	15603,24
2021-06-18	15720,52	15736,93	15426,76	15448,04
2021-06-17	15655,32	15752,34	15649,22	15727,67
2021-06-16	15756,83	15759,66	15674,61	15710,57
2021-06-15	15744,77	15792,35	15714,94	15729,52
2021-06-14	15739,89	15802,67	15673,64	15673,64
2021-06-11	15583,29	15703,84	15548,35	15693,27
2021-06-10	15610,08	15637,94	15513,36	15571,22
2021-06-09	15642,74	15669,14	15505,15	15581,14
2021-06-08	15674,41	15727,23	15638,32	15640,60
2021-06-07	15661,58	15732,06	15614,18	15677,15
2021-06-04	15651,69	15705,89	15607,92	15692,90
2021-06-03	15591,54	15657,15	15477,32	15632,67
2021-06-02	15570,77	15631,02	15554,02	15602,71
2021-06-01	15513,13	15685,40	15512,36	15567,36
2021-05-31	15496,48	15499,64	15414,38	15421,13
2021-05-28	15443,14	15548,72	15435,74	15519,98
2021-05-27	15419,20	15490,06	15350,67	15406,73
2021-05-26	15520,44	15541,86	15407,48	15450,72
2021-05-25	15548,29	15568,60	15465,09	15465,09
2021-05-21	15411,03	15467,19	15364,43	15437,51
2021-05-20	15207,32	15370,26	15102,35	15370,26
2021-05-19	15238,82	15266,53	14961,27	15113,56
2021-05-18	15514,72	15538,01	15344,10	15386,58
2021-05-17	15432,34	15482,23	15353,66	15396,62
2021-05-14	15301,74	15417,24	15214,68	15416,64
2021-05-13	14967,80	15235,89	14816,35	15199,68
2021-05-12	15144,04	15226,36	15058,11	15150,22
2021-05-11	15253,32	15255,89	15006,73	15119,75
2021-05-10	15417,53	15419,43	15347,96	15400,41
2021-05-07	15348,32	15406,41	15290,20	15399,65
2021-05-06	15170,77	15281,40	15092,77	15196,74
2021-05-05	14969,63	15170,78	14963,77	15170,78
2021-05-04	15259,50	15260,75	14845,27	14856,48
2021-05-03	15191,79	15268,56	15111,30	15236,47
2021-04-30	15204,39	15244,26	15135,91	15135,91
2021-04-29	15326,23	15329,72	15085,02	15154,20
2021-04-28	15320,40	15355,28	15266,61	15292,18
2021-04-27	15282,84	15293,89	15186,76	15249,27
2021-04-26	15297,93	15325,89	15237,02	15296,34
2021-04-23	15267,76	15309,09	15149,35	15279,62
2021-04-22	15252,04	15328,33	15230,20	15320,52
2021-04-21	15179,91	15210,69	15071,78	15195,97
2021-04-20	15361,15	15393,13	15109,54	15129,51
2021-04-19	15496,87	15501,84	15368,14	15368,39
2021-04-16	15277,85	15473,83	15274,22	15459,75
2021-04-15	15238,63	15271,69	15227,63	15255,33
2021-04-14	15253,59	15255,92	15191,51	15209,15
2021-04-13	15244,62	15281,65	15184,95	15234,36
2021-04-12	15238,85	15275,33	15212,24	15215,00
2021-04-09	15198,14	15243,56	15157,21	15234,16
2021-04-08	15236,44	15247,78	15144,11	15202,68
2021-04-07	15221,23	15242,73	15160,28	15176,36
2021-04-06	15289,97	15311,86	15209,90	15212,68
2021-04-01	15053,77	15110,92	15032,52	15107,17
2021-03-31	14982,12	15026,49	14973,59	15008,34
2021-03-30	14897,66	15029,70	14890,28	15008,61
2021-03-29	14809,80	14845,42	14756,04	14817,72
2021-03-26	14714,59	14776,32	14693,94	14748,94
2021-03-25	14550,40	14621,36	14422,65	14621,36
2021-03-24	14543,58	14619,04	14523,12	14610,39
2021-03-23	14582,07	14707,37	14516,22	14662,02
2021-03-22	14551,17	14677,12	14539,27	14657,21
2021-03-19	14697,26	14747,56	14563,21	14621,00
2021-03-18	14673,72	14804,01	14669,95	14775,52
2021-03-17	14565,29	14601,63	14539,70	14596,61
2021-03-16	14519,72	14601,79	14511,30	14557,58
2021-03-15	14504,49	14572,24	14409,35	14461,42
2021-03-12	14492,45	14527,42	14450,72	14502,39
2021-03-11	14553,54	14595,02	14515,07	14569,39
2021-03-10	14439,45	14560,97	14408,52	14540,25
2021-03-09	14345,51	14475,65	14309,35	14437,94
2021-03-08	14024,57	14402,92	13977,13	14380,91
2021-03-05	13958,54	14068,03	13868,20	13920,69
2021-03-04	14015,44	14095,81	13959,27	14056,34
2021-03-03	14130,86	14197,49	13979,73	14080,03
2021-03-02	13962,07	14101,79	13961,62	14039,80
2021-03-01	13962,43	14022,02	13873,83	14012,82
2021-02-26	13685,80	13881,26	13673,07	13786,29
2021-02-25	14045,02	14051,01	13879,17	13879,33
2021-02-24	13855,85	13998,30	13855,85	13976,00
2021-02-23	13984,98	13989,24	13664,71	13864,81
2021-02-22	13858,56	13975,08	13802,55	13950,04
2021-02-19	13941,40	14026,18	13892,72	13993,23
2021-02-18	13926,84	13961,05	13853,77	13886,93
2021-02-17	14028,10	14036,95	13894,06	13909,27
2021-02-16	14105,13	14130,74	14049,98	14064,60
2021-02-15	14109,07	14131,21	14074,25	14109,48
2021-02-12	13976,13	14050,96	13916,73	14049,89
2021-02-11	13958,39	14053,06	13916,63	14040,91
2021-02-10	14063,12	14063,12	13830,12	13932,97
2021-02-09	14055,60	14061,61	13962,14	14011,80
2021-02-08	14156,84	14169,49	14056,55	14059,91
2021-02-05	14061,69	14114,44	14013,13	14056,72
2021-02-04	13971,94	14069,89	13955,70	14060,29
2021-02-03	13986,72	13988,15	13866,39	13933,63
2021-02-02	13724,12	13844,94	13693,93	13835,16
2021-02-01	13559,94	13648,05	13518,45	13622,02
2021-01-29	13474,20	13593,03	13403,74	13432,87
2021-01-28	13500,64	13698,54	13310,95	13665,93
2021-01-27	13827,47	13851,84	13475,03	13620,46
2021-01-26	13687,39	13925,73	13670,23	13870,99
2021-01-25	13943,96	13946,85	13599,78	13643,95
2021-01-22	13858,05	13897,73	13744,26	13873,97
2021-01-21	13997,78	14026,35	13878,84	13906,67
2021-01-20	13848,77	13952,20	13835,99	13921,37
2021-01-19	13935,93	13940,05	13804,46	13815,06
2021-01-18	13701,98	13850,40	13701,74	13848,35
2021-01-15	13904,30	13958,16	13672,67	13787,73
2021-01-14	13973,77	14030,22	13942,88	13988,70
2021-01-13	13899,06	13978,43	13868,83	13939,71
2021-01-12	13985,89	13999,57	13871,44	13925,06
2021-01-11	13986,42	14007,65	13806,69	13936,66
2021-01-08	14106,60	14131,52	14007,71	14049,53
2021-01-07	13946,53	14007,47	13902,24	13968,24
2021-01-06	13687,08	13919,23	13617,11	13891,97
2021-01-05	13680,69	13768,13	13566,47	13651,22
2021-01-04	13890,22	13907,13	13647,79	13726,74
2020-12-30	13750,99	13797,09	13717,47	13718,78
2020-12-29	13873,35	13903,11	13747,08	13761,38
2020-12-28	13779,05	13818,65	13740,21	13790,29
2020-12-23	13456,63	13601,71	13456,63	13587,23
2020-12-22	13311,02	13441,59	13310,42	13418,11
2020-12-21	13398,22	13399,99	13060,34	13246,30
2020-12-18	13649,66	13774,45	13624,25	13630,51
2020-12-17	13691,49	13725,84	13649,53	13667,25
2020-12-16	13416,29	13596,74	13412,41	13565,98
2020-12-15	13216,49	13374,96	13210,15	13362,87
2020-12-14	13224,26	13292,30	13190,53	13223,16
2020-12-11	13255,24	13265,61	13009,48	13114,30
2020-12-10	13341,68	13370,44	13213,06	13295,73
2020-12-09	13344,14	13454,13	13327,87	13340,26
2020-12-08	13248,02	13297,49	13199,45	13278,49
2020-12-07	13255,78	13289,43	13163,26	13271,00
2020-12-04	13230,61	13315,37	13225,08	13298,96
2020-12-03	13304,83	13307,54	13223,93	13252,86
2020-12-02	13341,91	13359,27	13272,47	13313,24
2020-12-01	13371,66	13434,30	13334,99	13382,30
2020-11-30	13270,51	13445,11	13256,76	13291,16
2020-11-27	13280,51	13364,17	13272,74	13335,68
2020-11-26	13315,21	13316,19	13274,89	13286,57
2020-11-25	13346,77	13346,96	13235,82	13289,80
2020-11-24	13254,42	13296,76	13192,32	13292,44
2020-11-23	13215,44	13312,42	13126,97	13126,97
2020-11-20	13054,64	13172,91	13054,64	13137,25
2020-11-19	13101,71	13138,14	13034,51	13086,16
2020-11-18	13086,43	13213,63	13074,67	13201,89
2020-11-17	13130,54	13151,02	13050,41	13133,47
2020-11-16	13170,52	13277,45	13081,11	13138,61
2020-11-13	13036,97	13145,48	13004,82	13076,72
2020-11-12	13073,48	13168,09	13022,28	13052,95
2020-11-11	13205,95	13244,32	13138,76	13216,18
2020-11-10	13109,77	13237,59	13018,43	13163,11
2020-11-09	12713,19	13297,05	12670,58	13095,97
2020-11-06	12531,74	12595,87	12370,08	12480,02
2020-11-05	12420,88	12591,30	12398,59	12568,09
2020-11-04	11896,11	12329,96	11848,21	12324,22
2020-11-03	11858,81	12088,98	11851,03	12088,98
2020-11-02	11602,91	11838,00	11551,36	11788,28
2020-10-30	11472,61	11614,13	11450,08	11556,48
2020-10-29	11631,07	11707,43	11458,56	11598,07
2020-10-28	11848,31	11852,02	11457,12	11560,51
2020-10-27	12206,42	12223,60	12034,80	12063,57
2020-10-26	12303,41	12404,51	12174,22	12177,18
2020-10-23	12517,98	12718,27	12514,99	12645,75
2020-10-22	12429,41	12583,02	12345,45	12543,06
2020-10-21	12764,45	12765,05	12545,59	12557,64
2020-10-20	12819,15	12850,29	12725,45	12736,95
2020-10-19	12948,63	13028,73	12820,26	12854,66
2020-10-16	12773,35	12955,86	12733,06	12908,99
2020-10-15	12826,13	12839,55	12599,82	12703,75
2020-10-14	13012,69	13066,44	12975,12	13028,06
2020-10-13	13132,90	13132,90	12959,70	13018,99
2020-10-12	13086,06	13151,80	13058,34	13138,41
2020-10-09	13070,04	13096,44	13009,98	13051,23
2020-10-08	13011,23	13100,85	12956,64	13042,21
2020-10-07	12901,29	12959,02	12837,11	12928,57
2020-10-06	12858,97	12966,09	12779,65	12906,02
2020-10-05	12824,05	12842,48	12727,75	12828,31
2020-10-02	12558,78	12690,25	12539,86	12689,04
2020-10-01	12812,08	12836,65	12671,23	12730,77
2020-09-30	12754,77	12869,96	12698,42	12760,73
2020-09-29	12817,79	12859,14	12738,30	12825,82
2020-09-28	12673,73	12873,40	12660,15	12870,87
2020-09-25	12615,91	12622,77	12341,58	12469,20
2020-09-24	12520,47	12684,80	12512,50	12606,57
2020-09-23	12737,32	12830,70	12642,97	12642,97
2020-09-22	12629,71	12698,12	12592,97	12594,39
2020-09-21	12998,90	12998,90	12505,16	12542,44
2020-09-18	13210,86	13263,44	13116,25	13116,25
2020-09-17	13060,18	13245,87	13035,94	13208,12
2020-09-16	13224,16	13277,23	13181,56	13255,37
2020-09-15	13220,81	13262,81	13138,20	13217,67
2020-09-14	13329,61	13339,14	13159,72	13193,66
2020-09-11	13198,74	13255,47	13117,46	13202,84
2020-09-10	13265,51	13297,71	13161,93	13208,89
2020-09-09	12990,52	13257,54	12973,46	13237,21
2020-09-08	13126,23	13147,52	12856,55	12968,33
2020-09-07	12931,40	13117,61	12920,92	13100,28
2020-09-04	12916,12	13127,08	12753,69	12842,66
2020-09-03	13354,72	13460,46	13004,83	13057,77
2020-09-02	13071,66	13303,17	13062,17	13243,43
2020-09-01	13037,20	13127,28	12850,30	12974,25
2020-08-31	13103,93	13148,19	12923,76	12945,38
2020-08-28	13140,60	13147,24	12951,26	13033,20
2020-08-27	13206,58	13218,05	13087,37	13096,36
2020-08-26	13041,83	13192,32	13010,53	13190,15
2020-08-25	13136,77	13221,82	13060,87	13061,62
2020-08-24	12945,97	13104,31	12924,70	13066,54
2020-08-21	12879,45	12911,27	12633,71	12764,80
2020-08-20	12829,39	12891,14	12755,52	12830,00
2020-08-19	12838,63	12980,70	12833,80	12977,33
2020-08-18	12836,87	13052,84	12807,00	12881,76
2020-08-17	12924,88	12960,84	12847,85	12920,66
2020-08-14	12965,22	12971,08	12797,52	12901,34
2020-08-13	13044,47	13075,25	12956,30	12993,71
2020-08-12	12917,34	13101,12	12879,11	13058,63
2020-08-11	12806,97	13046,13	12802,06	12946,89
2020-08-10	12729,10	12753,12	12605,82	12687,53
2020-08-07	12634,79	12691,66	12517,44	12674,88
2020-08-06	12664,55	12799,21	12519,85	12591,68
2020-08-05	12667,12	12757,03	12632,99	12660,25
2020-08-04	12744,13	12768,58	12528,07	12600,87
2020-08-03	12374,46	12698,56	12365,61	12646,98
2020-07-31	12403,10	12524,75	12313,36	12313,36
2020-07-30	12762,12	12768,71	12253,92	12379,65
2020-07-29	12819,63	12864,39	12789,97	12822,26
2020-07-28	12886,23	12936,01	12746,46	12835,28
2020-07-27	12865,75	12908,66	12811,44	12838,66
2020-07-24	12919,31	12935,50	12812,02	12838,06
2020-07-23	13183,50	13217,73	13072,82	13103,39
2020-07-22	13165,29	13197,92	13067,06	13104,25
2020-07-21	13194,93	13313,90	13147,30	13171,83
2020-07-20	12898,11	13063,69	12811,72	13046,92
2020-07-17	12915,27	12954,25	12870,27	12919,61
2020-07-16	12857,30	12919,23	12805,47	12874,97
2020-07-15	12812,11	12999,84	12773,44	12930,98
2020-07-14	12642,23	12697,91	12535,90	12697,36
2020-07-13	12817,19	12836,41	12688,94	12799,97
2020-07-10	12442,22	12649,99	12416,69	12633,71
2020-07-09	12639,17	12709,68	12459,16	12489,46
2020-07-08	12542,58	12670,19	12463,22	12494,81
2020-07-07	12660,09	12661,12	12525,18	12616,80
2020-07-06	12774,77	12842,59	12655,21	12733,45
2020-07-03	12644,60	12649,98	12476,13	12528,18
2020-07-02	12378,80	12658,17	12370,72	12608,46
2020-07-01	12391,72	12391,72	12095,11	12260,57
2020-06-30	12287,94	12350,35	12188,09	12310,93
2020-06-29	12090,41	12297,68	12045,26	12232,12
2020-06-26	12308,48	12347,45	12060,89	12089,39
2020-06-25	12102,25	12236,46	11957,31	12177,87
2020-06-24	12459,81	12489,24	12093,94	12093,94
2020-06-23	12360,09	12616,12	12332,10	12523,76
2020-06-22	12194,48	12399,37	12172,12	12262,97
2020-06-19	12375,18	12447,15	12319,19	12330,76
2020-06-18	12347,49	12483,84	12189,67	12281,53
2020-06-17	12312,44	12432,23	12288,17	12382,14
2020-06-16	12168,37	12434,27	12132,80	12315,66
2020-06-15	11661,36	11968,06	11597,82	11911,35
2020-06-12	11876,34	12172,63	11828,66	11949,28
2020-06-11	12223,42	12301,95	11970,29	11970,29
2020-06-10	12719,15	12763,89	12471,06	12530,16
2020-06-09	12859,83	12864,91	12502,45	12617,99
2020-06-08	12722,68	12913,13	12670,95	12819,59
2020-06-05	12565,16	12858,79	12560,19	12847,68
2020-06-04	12390,03	12558,24	12326,44	12430,56
2020-06-03	12147,12	12507,41	12133,70	12487,36
2020-06-02	11896,70	12055,57	11850,34	12021,28
2020-05-29	11649,37	11729,98	11575,74	11586,85
2020-05-28	11746,78	11813,14	11654,83	11781,13
2020-05-27	11530,20	11747,20	11519,77	11657,69
2020-05-26	11488,99	11544,35	11429,88	11504,65
2020-05-25	11186,04	11391,28	11118,12	11391,28
2020-05-22	10896,28	11138,15	10867,17	11073,87
2020-05-21	11088,12	11194,92	11036,91	11065,93
2020-05-20	11029,33	11246,91	10978,57	11223,71
2020-05-19	11200,92	11201,18	10936,07	11075,29
2020-05-18	10683,86	11089,50	10677,52	11058,87
2020-05-15	10470,85	10547,19	10382,54	10465,17
2020-05-14	10418,04	10474,08	10160,89	10337,02
2020-05-13	10669,99	10698,13	10530,32	10542,66
2020-05-12	10777,74	10886,01	10772,58	10819,50
2020-05-11	10948,24	10986,22	10740,82	10824,99
2020-05-08	10882,44	10918,32	10819,07	10904,48
2020-05-07	10640,77	10761,86	10617,23	10759,27
2020-05-06	10716,51	10773,86	10598,90	10606,20
2020-05-05	10627,07	10736,95	10518,94	10729,46
2020-05-04	10543,36	10578,43	10426,06	10466,80
2020-04-30	11195,21	11235,57	10839,30	10861,64
2020-04-29	10812,74	11125,35	10789,52	11107,74
2020-04-28	10658,47	10897,82	10651,58	10795,63
2020-04-27	10551,07	10660,36	10523,10	10659,99
2020-04-24	10299,31	10486,47	10299,31	10336,09
2020-04-23	10437,38	10608,39	10325,11	10513,79
2020-04-22	10370,25	10425,02	10321,20	10415,03
2020-04-21	10519,44	10524,73	10249,85	10249,85
2020-04-20	10704,35	10707,31	10444,55	10675,90
2020-04-17	10607,35	10756,78	10542,71	10625,78
2020-04-16	10420,26	10438,37	10236,24	10301,54
2020-04-15	10678,19	10678,19	10243,11	10279,76
2020-04-14	10733,97	10820,17	10658,96	10696,56
2020-04-09	10490,65	10649,79	10311,70	10564,74
2020-04-08	10301,56	10340,79	10198,22	10332,89
2020-04-07	10464,11	10590,41	10225,02	10356,70
2020-04-06	9889,03	10097,31	9841,49	10075,17
2020-04-03	9535,27	9626,72	9470,20	9525,77
2020-04-02	9587,45	9650,27	9337,02	9570,82
2020-04-01	9610,67	9686,46	9498,05	9544,75
2020-03-31	9970,79	10096,42	9703,88	9935,84
2020-03-30	9725,88	9817,51	9453,79	9815,97
2020-03-27	9793,50	9886,18	9541,83	9632,52
2020-03-26	9621,24	10000,96	9526,17	10000,96
2020-03-25	9987,37	10137,62	9460,91	9874,26
2020-03-24	9242,06	9700,57	9102,17	9700,57
2020-03-23	8536,33	9071,14	8480,28	8741,15
2020-03-20	9080,49	9201,07	8838,30	8928,95
2020-03-19	8495,94	8668,48	8257,53	8610,43
2020-03-18	8613,35	8670,41	8400,18	8441,71
2020-03-17	9141,17	9145,93	8423,56	8939,10
2020-03-16	8728,48	8967,11	8255,65	8742,25
2020-03-13	9480,78	9985,74	9064,68	9232,08
2020-03-12	9863,99	9932,56	9139,12	9161,13
2020-03-11	10601,85	10761,43	10390,51	10438,68
2020-03-10	10724,98	11032,29	10423,90	10475,49
2020-03-09	10690,08	10995,22	10556,64	10625,02
2020-03-06	11694,56	11769,85	11447,20	11541,87
2020-03-05	12191,41	12207,77	11844,88	11944,72
2020-03-04	11992,59	12199,82	11929,24	12127,69
2020-03-03	12013,06	12272,99	11906,82	11985,39
2020-03-02	12030,27	12121,60	11624,63	11857,87
2020-02-28	11891,87	12008,59	11724,12	11890,35
2020-02-27	12526,60	12593,62	12211,63	12367,46
2020-02-26	12682,16	12849,17	12368,05	12774,88
2020-02-25	13132,04	13132,04	12778,66	12790,49
2020-02-24	13231,38	13236,58	12982,14	13035,24
2020-02-21	13609,94	13689,23	13500,50	13579,33
2020-02-20	13774,44	13788,41	13664,00	13664,00
2020-02-19	13751,05	13789,00	13710,78	13789,00
2020-02-18	13668,94	13731,39	13660,45	13681,19
2020-02-17	13770,67	13795,24	13754,04	13783,89
2020-02-14	13756,47	13788,51	13728,12	13744,21
2020-02-13	13695,93	13745,43	13576,96	13745,43
2020-02-12	13671,15	13758,70	13658,15	13749,78
2020-02-11	13604,74	13668,43	13557,96	13627,84
2020-02-10	13476,00	13501,74	13445,41	13494,03
2020-02-07	13530,77	13551,03	13463,98	13513,81
2020-02-06	13570,33	13606,97	13533,66	13574,82
2020-02-05	13224,27	13488,58	13223,14	13478,33
2020-02-04	13135,61	13282,63	13131,07	13281,74
2020-02-03	13033,17	13077,57	12987,53	13045,19
2020-01-31	13196,80	13208,47	12973,70	12981,97
2020-01-30	13186,49	13262,18	13118,97	13157,12
2020-01-29	13316,42	13371,30	13296,03	13345,00
2020-01-28	13274,01	13327,12	13163,36	13323,69
2020-01-27	13374,99	13399,42	13195,28	13204,77
2020-01-24	13512,84	13604,85	13510,79	13576,68
2020-01-23	13455,90	13486,14	13382,23	13388,42
2020-01-22	13601,65	13640,06	13498,03	13515,75
2020-01-21	13456,90	13560,68	13443,25	13555,87
2020-01-20	13503,83	13550,83	13487,21	13548,94
2020-01-17	13513,48	13557,78	13497,30	13526,13
2020-01-16	13463,46	13492,74	13382,98	13429,43
2020-01-15	13444,95	13458,91	13388,48	13432,30
2020-01-14	13439,20	13487,90	13362,20	13456,49
2020-01-13	13521,86	13529,21	13404,72	13451,52
2020-01-10	13533,46	13548,20	13483,31	13483,31
2020-01-09	13474,76	13523,34	13456,78	13495,06
2020-01-08	13140,49	13334,04	13106,27	13320,18
2020-01-07	13199,59	13283,88	13166,40	13226,83
2020-01-06	13085,49	13143,11	12948,17	13126,99
2020-01-03	13266,39	13282,74	13120,72	13219,14
2020-01-02	13233,71	13425,03	13225,16	13385,93
