Date	Open	High	Low	Close
2023-03-31 12:00:00	15578,23	15599,97	15576,40	15586,35
2023-03-31 11:00:00	15544,52	15584,41	15538,75	15578,43
2023-03-31 10:00:00	15518,02	15568,24	15508,26	15540,44
2023-03-31 09:00:00	15568,37	15570,80	15499,84	15518,06
2023-03-30 17:00:00	15524,51	15535,88	15519,26	15522,40
2023-03-30 16:00:00	15497,81	15529,62	15473,65	15524,51
2023-03-30 15:00:00	15478,62	15499,89	15466,22	15496,95
2023-03-30 14:00:00	15514,59	15514,67	15474,64	15476,82
2023-03-30 13:00:00	15523,86	15536,42	15507,31	15514,61
2023-03-30 12:00:00	15484,38	15525,75	15477,06	15523,87
2023-03-30 11:00:00	15494,18	15505,23	15480,87	15484,31
2023-03-30 10:00:00	15480,43	15508,61	15469,52	15494,09
2023-03-30 09:00:00	15429,38	15504,30	15424,69	15480,43
2023-03-29 17:00:00	15281,71	15328,95	15281,71	15328,78
2023-03-29 16:00:00	15327,49	15334,35	15279,62	15281,53
2023-03-29 15:00:00	15288,14	15342,27	15285,06	15324,81
2023-03-29 14:00:00	15278,95	15289,89	15268,33	15288,11
2023-03-29 13:00:00	15279,51	15289,88	15264,00	15278,83
2023-03-29 12:00:00	15267,32	15282,98	15246,27	15279,59
2023-03-29 11:00:00	15239,18	15287,30	15235,89	15267,45
2023-03-29 10:00:00	15209,01	15247,75	15186,75	15238,54
2023-03-29 09:00:00	15242,52	15249,30	15187,04	15208,09
2023-03-28 17:00:00	15126,90	15146,96	15126,90	15142,02
2023-03-28 16:00:00	15120,37	15156,25	15113,14	15127,12
2023-03-28 15:00:00	15114,72	15138,27	15103,76	15120,47
2023-03-28 14:00:00	15148,62	15159,36	15106,33	15114,72
2023-03-28 13:00:00	15136,22	15171,68	15129,79	15148,49
2023-03-28 12:00:00	15139,39	15161,32	15121,22	15135,98
2023-03-28 11:00:00	15167,71	15184,89	15132,38	15139,45
2023-03-28 10:00:00	15189,17	15205,13	15163,19	15168,26
2023-03-28 09:00:00	15255,93	15261,49	15185,66	15189,09
2023-03-27 17:00:00	15123,18	15136,78	15108,10	15127,68
2023-03-27 16:00:00	15155,61	15159,86	15111,27	15123,26
2023-03-27 15:00:00	15163,35	15185,35	15148,35	15154,71
2023-03-27 14:00:00	15140,63	15166,48	15135,42	15163,20
2023-03-27 13:00:00	15163,43	15179,29	15133,74	15140,38
2023-03-27 12:00:00	15124,78	15175,78	15124,78	15164,39
2023-03-27 11:00:00	15100,74	15135,17	15085,53	15124,78
2023-03-27 10:00:00	15041,84	15108,08	15033,64	15100,71
2023-03-27 09:00:00	15133,68	15166,26	15020,07	15041,75
2023-03-24 17:00:00	14964,45	14984,96	14915,44	14957,23
2023-03-24 16:00:00	14950,09	14964,25	14887,67	14964,05
2023-03-24 15:00:00	14947,44	14958,13	14881,67	14951,85
2023-03-24 14:00:00	14924,29	14969,29	14888,13	14945,20
2023-03-24 13:00:00	14851,72	14939,19	14811,92	14924,18
2023-03-24 12:00:00	14863,34	14897,28	14809,82	14851,72
2023-03-24 11:00:00	14925,88	14930,06	14852,33	14862,69
2023-03-24 10:00:00	15029,47	15051,67	14911,78	14925,97
2023-03-24 09:00:00	15135,50	15135,65	14972,63	15029,48
2023-03-23 17:00:00	15231,74	15242,17	15202,41	15210,39
2023-03-23 16:00:00	15232,63	15244,32	15210,29	15231,90
2023-03-23 15:00:00	15197,65	15232,72	15185,42	15232,28
2023-03-23 14:00:00	15177,20	15198,68	15157,33	15197,03
2023-03-23 13:00:00	15145,81	15189,56	15127,62	15177,48
2023-03-23 12:00:00	15108,94	15148,71	15108,94	15146,74
2023-03-23 11:00:00	15146,92	15148,81	15078,72	15108,93
2023-03-23 10:00:00	15216,99	15216,99	15121,40	15146,92
2023-03-23 09:00:00	15178,25	15231,61	15165,19	15217,11
2023-03-22 17:00:00	15227,39	15230,80	15213,54	15216,19
2023-03-22 16:00:00	15272,28	15277,43	15226,22	15227,25
2023-03-22 15:00:00	15275,04	15295,92	15272,02	15272,70
2023-03-22 14:00:00	15284,03	15284,04	15249,79	15275,58
2023-03-22 13:00:00	15273,47	15291,93	15266,81	15284,07
2023-03-22 12:00:00	15278,66	15298,49	15265,20	15273,47
2023-03-22 11:00:00	15256,50	15296,68	15235,51	15278,72
2023-03-22 10:00:00	15219,98	15270,20	15207,30	15256,13
2023-03-22 09:00:00	15174,67	15229,57	15166,95	15219,71
2023-03-21 17:00:00	15185,99	15204,48	15181,99	15195,34
2023-03-21 16:00:00	15190,17	15217,23	15169,16	15186,83
2023-03-21 15:00:00	15237,78	15253,10	15179,68	15190,19
2023-03-21 14:00:00	15198,14	15241,53	15198,12	15236,15
2023-03-21 13:00:00	15198,69	15217,47	15178,37	15198,14
2023-03-21 12:00:00	15191,27	15203,19	15167,40	15198,69
2023-03-21 11:00:00	15175,82	15211,77	15169,85	15191,38
2023-03-21 10:00:00	15131,44	15178,57	15121,33	15176,41
2023-03-21 09:00:00	15062,06	15145,64	15055,93	15131,77
2023-03-20 17:00:00	14943,93	14951,92	14898,98	14933,38
2023-03-20 16:00:00	14940,29	14980,43	14938,30	14943,13
2023-03-20 15:00:00	14917,87	14943,63	14887,90	14941,09
2023-03-20 14:00:00	14906,43	14922,59	14838,53	14917,79
2023-03-20 13:00:00	14855,44	14918,36	14822,55	14906,51
2023-03-20 12:00:00	14877,67	14891,25	14832,72	14855,64
2023-03-20 11:00:00	14774,26	14880,24	14747,89	14878,16
2023-03-20 10:00:00	14690,75	14789,80	14666,57	14774,81
2023-03-20 09:00:00	14715,40	14715,40	14458,39	14687,81
2023-03-17 17:00:00	14765,94	14785,40	14757,95	14768,20
2023-03-17 16:00:00	14719,84	14782,64	14694,26	14766,23
2023-03-17 15:00:00	14798,00	14849,47	14702,00	14722,26
2023-03-17 14:00:00	14797,26	14832,27	14768,95	14791,16
2023-03-17 13:00:00	14946,20	14963,52	14783,03	14796,73
2023-03-17 12:00:00	15021,92	15021,92	14918,09	14945,68
2023-03-17 11:00:00	15065,72	15065,72	15002,90	15024,60
2023-03-17 10:00:00	15079,62	15106,08	15050,31	15065,69
2023-03-17 09:00:00	15073,76	15153,11	15065,22	15079,62
2023-03-16 17:00:00	14992,97	14999,03	14947,57	14967,10
2023-03-16 16:00:00	14948,10	15018,31	14880,58	14992,95
2023-03-16 15:00:00	14900,58	14951,57	14730,83	14948,15
2023-03-16 14:00:00	14784,61	14900,79	14664,17	14900,79
2023-03-16 13:00:00	14834,02	14843,52	14753,09	14784,66
2023-03-16 12:00:00	14833,61	14874,39	14771,94	14834,02
2023-03-16 11:00:00	14821,60	14859,97	14795,26	14833,72
2023-03-16 10:00:00	14854,06	14870,24	14763,61	14821,45
2023-03-16 09:00:00	14973,84	14990,24	14854,08	14854,08
2023-03-15 17:00:00	14806,52	14823,45	14710,42	14735,26
2023-03-15 16:00:00	14822,82	14852,98	14800,09	14806,66
2023-03-15 15:00:00	14792,15	14868,06	14753,05	14822,53
2023-03-15 14:00:00	14770,25	14867,65	14758,62	14793,71
2023-03-15 13:00:00	14823,54	14863,45	14756,02	14771,82
2023-03-15 12:00:00	14776,87	14861,94	14776,87	14824,52
2023-03-15 11:00:00	14992,29	15017,52	14702,91	14774,81
2023-03-15 10:00:00	15157,14	15159,49	14974,38	14992,03
2023-03-15 09:00:00	15175,44	15246,17	15151,08	15156,53
2023-03-14 17:00:00	15235,75	15253,64	15214,81	15232,83
2023-03-14 16:00:00	15208,93	15268,21	15199,54	15235,58
2023-03-14 15:00:00	15227,43	15272,11	15206,14	15208,51
2023-03-14 14:00:00	15191,88	15263,37	15176,66	15227,43
2023-03-14 13:00:00	15096,01	15210,32	15039,21	15191,97
2023-03-14 12:00:00	15037,56	15105,88	15034,73	15096,14
2023-03-14 11:00:00	15013,34	15046,17	15004,60	15037,79
2023-03-14 10:00:00	15063,47	15067,10	14973,19	15013,76
2023-03-14 09:00:00	15016,53	15073,51	14951,71	15063,52
2023-03-13 17:00:00	15014,98	15053,64	14959,47	14959,47
2023-03-13 16:00:00	15020,45	15058,09	14975,66	15014,94
2023-03-13 15:00:00	15032,89	15037,19	14915,51	15019,28
2023-03-13 14:00:00	14973,04	15044,34	14887,44	15032,03
2023-03-13 13:00:00	15044,25	15047,40	14912,43	14970,78
2023-03-13 12:00:00	15088,32	15128,25	15023,86	15045,05
2023-03-13 11:00:00	15015,48	15103,85	14984,13	15088,17
2023-03-13 10:00:00	15133,82	15146,30	14913,98	15016,20
2023-03-13 09:00:00	15435,16	15435,81	15121,70	15134,27
2023-03-10 17:00:00	15389,37	15427,97	15375,78	15427,97
2023-03-10 16:00:00	15361,94	15391,96	15331,84	15389,85
2023-03-10 15:00:00	15466,43	15483,85	15322,29	15364,13
2023-03-10 14:00:00	15429,73	15495,87	15377,38	15466,75
2023-03-10 13:00:00	15433,42	15453,47	15419,72	15429,73
2023-03-10 12:00:00	15368,91	15445,27	15368,91	15433,66
2023-03-10 11:00:00	15388,06	15431,08	15367,17	15368,59
2023-03-10 10:00:00	15337,95	15435,93	15332,55	15388,02
2023-03-10 09:00:00	15369,67	15400,51	15316,38	15338,08
2023-03-09 17:00:00	15638,03	15646,48	15626,52	15633,21
2023-03-09 16:00:00	15643,38	15667,05	15621,74	15637,87
2023-03-09 15:00:00	15590,42	15644,18	15589,52	15642,45
2023-03-09 14:00:00	15566,90	15603,61	15559,93	15590,42
2023-03-09 13:00:00	15585,07	15585,07	15539,52	15567,96
2023-03-09 12:00:00	15570,22	15593,07	15564,78	15584,44
2023-03-09 11:00:00	15547,28	15580,33	15535,13	15570,22
2023-03-09 10:00:00	15621,65	15623,20	15545,74	15547,24
2023-03-09 09:00:00	15619,75	15629,70	15585,52	15622,14
2023-03-08 17:00:00	15642,28	15654,54	15631,87	15631,87
2023-03-08 16:00:00	15619,28	15667,21	15578,22	15640,82
2023-03-08 15:00:00	15615,83	15622,72	15594,78	15619,12
2023-03-08 14:00:00	15588,29	15638,36	15588,26	15615,97
2023-03-08 13:00:00	15597,95	15607,03	15574,49	15588,19
2023-03-08 12:00:00	15594,66	15619,41	15594,20	15597,95
2023-03-08 11:00:00	15567,91	15598,95	15553,92	15594,66
2023-03-08 10:00:00	15563,36	15569,28	15535,11	15567,91
2023-03-08 09:00:00	15528,81	15585,20	15524,85	15563,30
2023-03-07 17:00:00	15561,79	15578,71	15555,70	15559,53
2023-03-07 16:00:00	15616,94	15617,54	15544,07	15561,88
2023-03-07 15:00:00	15655,58	15656,46	15614,28	15621,09
2023-03-07 14:00:00	15660,56	15673,29	15652,73	15656,21
2023-03-07 13:00:00	15670,84	15677,27	15660,41	15660,44
2023-03-07 12:00:00	15689,49	15695,30	15667,72	15670,95
2023-03-07 11:00:00	15681,76	15705,90	15679,72	15689,18
2023-03-07 10:00:00	15682,05	15706,37	15675,94	15681,90
2023-03-07 09:00:00	15638,44	15688,77	15632,82	15682,22
2023-03-06 17:00:00	15653,45	15665,02	15647,42	15653,58
2023-03-06 16:00:00	15656,11	15674,14	15647,25	15653,77
2023-03-06 15:00:00	15666,30	15670,93	15642,38	15655,87
2023-03-06 14:00:00	15628,01	15677,93	15625,33	15666,24
2023-03-06 13:00:00	15589,94	15632,53	15589,71	15628,01
2023-03-06 12:00:00	15629,84	15633,61	15587,78	15589,83
2023-03-06 11:00:00	15621,01	15630,24	15604,94	15629,39
2023-03-06 10:00:00	15640,20	15643,10	15606,91	15621,27
2023-03-06 09:00:00	15597,90	15651,92	15590,47	15640,14
2023-03-03 17:00:00	15559,76	15590,44	15553,44	15578,39
2023-03-03 16:00:00	15554,43	15569,84	15522,35	15559,76
2023-03-03 15:00:00	15523,26	15566,35	15522,74	15553,12
2023-03-03 14:00:00	15468,92	15522,90	15466,22	15522,90
2023-03-03 13:00:00	15491,48	15503,60	15468,15	15469,15
2023-03-03 12:00:00	15482,11	15500,21	15475,41	15491,27
2023-03-03 11:00:00	15461,46	15486,99	15460,44	15482,65
2023-03-03 10:00:00	15463,11	15474,14	15444,56	15461,46
2023-03-03 09:00:00	15430,66	15468,04	15409,99	15463,31
2023-03-02 17:00:00	15316,66	15329,10	15313,17	15327,64
2023-03-02 16:00:00	15301,61	15329,29	15279,89	15316,63
2023-03-02 15:00:00	15241,04	15310,14	15240,82	15301,12
2023-03-02 14:00:00	15253,03	15280,61	15221,74	15241,04
2023-03-02 13:00:00	15245,90	15260,27	15229,64	15252,75
2023-03-02 12:00:00	15238,88	15269,68	15229,70	15245,90
2023-03-02 11:00:00	15216,01	15240,35	15167,03	15238,64
2023-03-02 10:00:00	15249,88	15253,16	15211,15	15216,13
2023-03-02 09:00:00	15171,07	15253,47	15150,67	15249,73
2023-03-01 17:00:00	15372,36	15372,36	15254,11	15305,02
2023-03-01 16:00:00	15415,76	15415,76	15348,82	15372,73
2023-03-01 15:00:00	15390,99	15417,35	15375,15	15406,51
2023-03-01 14:00:00	15459,66	15459,67	15364,41	15391,24
2023-03-01 13:00:00	15468,55	15471,58	15451,74	15459,66
2023-03-01 12:00:00	15466,95	15478,84	15452,92	15469,17
2023-03-01 11:00:00	15424,95	15468,91	15413,65	15467,18
2023-03-01 10:00:00	15426,12	15448,65	15403,82	15425,29
2023-03-01 09:00:00	15399,91	15457,04	15395,72	15426,09
2023-02-28 17:00:00	15389,73	15402,72	15365,14	15365,14
2023-02-28 16:00:00	15368,14	15399,50	15364,26	15388,39
2023-02-28 15:00:00	15426,06	15428,10	15362,11	15368,39
2023-02-28 14:00:00	15430,27	15443,17	15414,83	15425,99
2023-02-28 13:00:00	15398,93	15435,94	15397,86	15430,27
2023-02-28 12:00:00	15389,40	15409,02	15380,37	15398,67
2023-02-28 11:00:00	15362,43	15396,08	15359,33	15388,73
2023-02-28 10:00:00	15347,11	15366,91	15312,06	15362,43
2023-02-28 09:00:00	15299,79	15360,80	15289,43	15347,11
2023-02-27 17:00:00	15403,01	15413,23	15381,43	15381,43
2023-02-27 16:00:00	15452,93	15457,06	15385,39	15403,00
2023-02-27 15:00:00	15468,68	15475,13	15428,71	15450,43
2023-02-27 14:00:00	15440,06	15481,06	15432,66	15468,44
2023-02-27 13:00:00	15446,23	15451,05	15432,84	15440,12
2023-02-27 12:00:00	15429,42	15452,92	15427,48	15445,55
2023-02-27 11:00:00	15433,35	15455,56	15429,28	15429,32
2023-02-27 10:00:00	15403,03	15438,78	15387,93	15433,09
2023-02-27 09:00:00	15351,63	15413,61	15351,63	15402,80
2023-02-24 17:00:00	15244,13	15276,79	15162,48	15209,74
2023-02-24 16:00:00	15254,66	15283,48	15216,12	15243,96
2023-02-24 15:00:00	15328,69	15333,99	15236,31	15257,01
2023-02-24 14:00:00	15378,72	15388,61	15283,24	15328,95
2023-02-24 13:00:00	15403,67	15403,94	15372,70	15378,80
2023-02-24 12:00:00	15460,52	15460,61	15379,15	15401,34
2023-02-24 11:00:00	15468,16	15486,15	15432,23	15459,42
2023-02-24 10:00:00	15488,07	15508,90	15461,33	15468,09
2023-02-24 09:00:00	15501,82	15530,46	15476,20	15488,57
2023-02-23 17:00:00	15495,59	15509,48	15475,69	15475,69
2023-02-23 16:00:00	15540,81	15542,75	15481,88	15495,89
2023-02-23 15:00:00	15483,57	15552,77	15479,68	15539,42
2023-02-23 14:00:00	15486,10	15505,77	15464,97	15484,10
2023-02-23 13:00:00	15480,92	15500,74	15473,82	15486,10
2023-02-23 12:00:00	15465,85	15480,97	15445,05	15480,97
2023-02-23 11:00:00	15454,13	15467,13	15442,61	15466,42
2023-02-23 10:00:00	15468,91	15486,80	15439,67	15453,97
2023-02-23 09:00:00	15453,29	15527,06	15433,97	15469,24
2023-02-22 17:00:00	15388,40	15408,58	15386,17	15399,89
2023-02-22 16:00:00	15358,43	15391,02	15322,34	15388,26
2023-02-22 15:00:00	15394,95	15398,83	15356,47	15358,45
2023-02-22 14:00:00	15374,51	15396,29	15366,20	15394,82
2023-02-22 13:00:00	15295,39	15374,45	15294,84	15374,45
2023-02-22 12:00:00	15290,07	15307,16	15259,41	15295,35
2023-02-22 11:00:00	15309,30	15311,93	15260,03	15290,17
2023-02-22 10:00:00	15291,13	15326,12	15250,42	15309,30
2023-02-22 09:00:00	15342,60	15383,90	15247,50	15290,69
2023-02-21 17:00:00	15415,46	15421,04	15389,60	15397,62
2023-02-21 16:00:00	15414,44	15442,50	15392,26	15415,82
2023-02-21 15:00:00	15428,46	15454,75	15412,57	15414,62
2023-02-21 14:00:00	15427,83	15434,11	15404,64	15428,46
2023-02-21 13:00:00	15421,64	15435,58	15402,41	15427,96
2023-02-21 12:00:00	15389,70	15427,03	15376,79	15421,67
2023-02-21 11:00:00	15421,93	15424,41	15366,22	15389,33
2023-02-21 10:00:00	15311,06	15444,03	15286,71	15421,34
2023-02-21 09:00:00	15450,62	15470,52	15309,70	15311,13
2023-02-20 17:00:00	15479,42	15486,02	15472,37	15477,55
2023-02-20 16:00:00	15488,39	15489,07	15466,57	15479,80
2023-02-20 15:00:00	15493,55	15500,50	15486,70	15489,22
2023-02-20 14:00:00	15482,68	15499,68	15477,50	15493,62
2023-02-20 13:00:00	15476,63	15485,46	15462,98	15482,92
2023-02-20 12:00:00	15485,34	15500,06	15476,11	15476,71
2023-02-20 11:00:00	15464,51	15495,11	15451,38	15485,34
2023-02-20 10:00:00	15495,57	15500,30	15436,79	15464,13
2023-02-20 09:00:00	15524,16	15532,44	15479,39	15495,64
2023-02-17 17:00:00	15478,83	15496,02	15470,22	15482,00
2023-02-17 16:00:00	15452,19	15514,72	15451,55	15479,02
2023-02-17 15:00:00	15438,05	15466,22	15436,38	15452,70
2023-02-17 14:00:00	15417,32	15440,16	15404,99	15438,25
2023-02-17 13:00:00	15362,64	15432,41	15362,57	15417,32
2023-02-17 12:00:00	15385,34	15395,30	15351,55	15362,32
2023-02-17 11:00:00	15401,48	15434,09	15386,99	15390,88
2023-02-17 10:00:00	15357,18	15419,69	15339,89	15401,45
2023-02-17 09:00:00	15372,06	15402,12	15300,42	15357,10
2023-02-16 17:00:00	15509,01	15543,12	15508,94	15533,64
2023-02-16 16:00:00	15447,53	15531,76	15441,82	15508,93
2023-02-16 15:00:00	15491,46	15491,46	15417,17	15450,05
2023-02-16 14:00:00	15571,02	15571,99	15472,94	15492,57
2023-02-16 13:00:00	15593,46	15594,89	15563,29	15571,02
2023-02-16 12:00:00	15582,06	15594,35	15565,51	15593,46
2023-02-16 11:00:00	15582,26	15617,57	15580,00	15582,06
2023-02-16 10:00:00	15564,44	15592,25	15559,64	15582,20
2023-02-16 09:00:00	15612,43	15634,04	15562,99	15564,39
2023-02-15 17:00:00	15479,77	15520,39	15479,77	15506,34
2023-02-15 16:00:00	15462,95	15508,74	15462,64	15479,99
2023-02-15 15:00:00	15451,57	15489,16	15446,24	15465,25
2023-02-15 14:00:00	15470,47	15472,29	15437,01	15451,57
2023-02-15 13:00:00	15448,73	15489,85	15448,05	15470,35
2023-02-15 12:00:00	15433,73	15450,18	15422,69	15448,73
2023-02-15 11:00:00	15446,51	15446,51	15414,41	15433,81
2023-02-15 10:00:00	15432,36	15467,11	15431,35	15446,47
2023-02-15 09:00:00	15394,44	15447,00	15388,85	15432,60
2023-02-14 17:00:00	15405,73	15451,33	15380,56	15380,56
2023-02-14 16:00:00	15478,89	15500,77	15366,37	15405,56
2023-02-14 15:00:00	15418,54	15482,71	15375,95	15477,10
2023-02-14 14:00:00	15461,52	15526,28	15396,67	15419,30
2023-02-14 13:00:00	15452,15	15469,33	15452,11	15461,52
2023-02-14 12:00:00	15454,84	15467,28	15448,24	15451,94
2023-02-14 11:00:00	15436,40	15459,15	15428,21	15454,84
2023-02-14 10:00:00	15434,88	15469,13	15417,44	15436,40
2023-02-14 09:00:00	15419,00	15442,58	15394,27	15434,98
2023-02-13 17:00:00	15403,36	15409,14	15397,34	15397,34
2023-02-13 16:00:00	15404,01	15409,27	15376,34	15402,53
2023-02-13 15:00:00	15375,85	15402,30	15367,92	15402,13
2023-02-13 14:00:00	15383,41	15387,97	15370,04	15375,85
2023-02-13 13:00:00	15353,80	15387,30	15350,31	15383,41
2023-02-13 12:00:00	15351,83	15353,80	15336,98	15353,80
2023-02-13 11:00:00	15346,83	15352,73	15333,28	15351,56
2023-02-13 10:00:00	15358,53	15378,18	15326,56	15346,94
2023-02-13 09:00:00	15322,06	15362,14	15305,94	15358,32
2023-02-10 17:00:00	15291,25	15314,44	15286,66	15307,98
2023-02-10 16:00:00	15312,47	15337,57	15271,43	15291,88
2023-02-10 15:00:00	15328,18	15356,74	15312,84	15324,52
2023-02-10 14:00:00	15256,12	15330,11	15253,43	15327,64
2023-02-10 13:00:00	15274,46	15315,54	15246,39	15256,09
2023-02-10 12:00:00	15337,04	15337,04	15274,04	15274,37
2023-02-10 11:00:00	15360,35	15382,63	15313,15	15338,14
2023-02-10 10:00:00	15429,61	15451,50	15359,12	15359,56
2023-02-10 09:00:00	15438,94	15487,98	15410,82	15429,90
2023-02-09 17:00:00	15546,67	15549,85	15519,63	15523,42
2023-02-09 16:00:00	15546,62	15554,26	15523,18	15547,01
2023-02-09 15:00:00	15585,01	15585,64	15544,49	15545,72
2023-02-09 14:00:00	15602,00	15606,87	15579,31	15585,20
2023-02-09 13:00:00	15614,53	15624,32	15600,41	15602,00
2023-02-09 12:00:00	15654,13	15654,44	15602,54	15614,91
2023-02-09 11:00:00	15623,94	15658,56	15612,45	15654,89
2023-02-09 10:00:00	15580,13	15626,16	15568,76	15624,12
2023-02-09 09:00:00	15560,15	15616,22	15554,50	15580,54
2023-02-08 17:00:00	15411,75	15430,03	15390,90	15412,05
2023-02-08 16:00:00	15476,11	15476,34	15403,89	15414,09
2023-02-08 15:00:00	15442,50	15486,13	15425,72	15476,32
2023-02-08 14:00:00	15437,06	15450,77	15425,63	15443,30
2023-02-08 13:00:00	15427,40	15442,26	15420,57	15437,04
2023-02-08 12:00:00	15462,76	15467,32	15419,92	15427,60
2023-02-08 11:00:00	15454,41	15469,88	15438,08	15462,76
2023-02-08 10:00:00	15411,77	15457,70	15411,77	15454,47
2023-02-08 09:00:00	15450,67	15452,31	15371,93	15411,60
2023-02-07 17:00:00	15290,02	15320,88	15289,79	15320,88
2023-02-07 16:00:00	15302,89	15313,11	15283,41	15289,94
2023-02-07 15:00:00	15292,23	15311,40	15273,60	15303,07
2023-02-07 14:00:00	15337,43	15338,15	15280,84	15292,00
2023-02-07 13:00:00	15321,42	15344,03	15315,90	15337,43
2023-02-07 12:00:00	15327,90	15342,69	15307,45	15321,42
2023-02-07 11:00:00	15349,43	15363,41	15326,55	15327,92
2023-02-07 10:00:00	15322,99	15358,30	15321,56	15349,39
2023-02-07 09:00:00	15359,59	15363,25	15280,10	15323,60
2023-02-06 17:00:00	15338,96	15356,49	15331,03	15345,91
2023-02-06 16:00:00	15340,98	15344,49	15297,78	15339,05
2023-02-06 15:00:00	15317,93	15370,01	15316,58	15343,66
2023-02-06 14:00:00	15351,92	15357,90	15302,33	15318,23
2023-02-06 13:00:00	15312,65	15355,71	15307,90	15352,00
2023-02-06 12:00:00	15298,79	15323,47	15275,57	15312,33
2023-02-06 11:00:00	15298,69	15317,00	15277,17	15298,87
2023-02-06 10:00:00	15363,44	15363,44	15298,11	15298,85
2023-02-06 09:00:00	15367,04	15406,93	15356,76	15363,79
2023-02-03 17:00:00	15446,14	15476,43	15445,83	15476,43
2023-02-03 16:00:00	15384,28	15476,67	15374,35	15445,86
2023-02-03 15:00:00	15380,57	15428,55	15349,47	15396,71
2023-02-03 14:00:00	15432,66	15448,07	15347,86	15380,38
2023-02-03 13:00:00	15411,53	15434,28	15411,53	15432,88
2023-02-03 12:00:00	15413,56	15428,01	15394,69	15412,15
2023-02-03 11:00:00	15413,33	15423,38	15403,99	15413,73
2023-02-03 10:00:00	15388,51	15419,94	15369,07	15413,46
2023-02-03 09:00:00	15408,40	15417,54	15353,35	15388,42
2023-02-02 17:00:00	15497,07	15520,97	15479,30	15509,19
2023-02-02 16:00:00	15428,74	15499,81	15403,22	15496,97
2023-02-02 15:00:00	15464,30	15488,49	15425,18	15426,32
2023-02-02 14:00:00	15372,37	15473,30	15351,32	15464,45
2023-02-02 13:00:00	15387,16	15387,16	15348,76	15372,93
2023-02-02 12:00:00	15406,74	15416,97	15377,91	15387,52
2023-02-02 11:00:00	15412,93	15420,85	15401,78	15406,74
2023-02-02 10:00:00	15422,49	15445,71	15369,20	15412,76
2023-02-02 09:00:00	15275,00	15433,50	15264,31	15421,68
2023-02-01 17:00:00	15145,12	15181,43	15144,32	15180,74
2023-02-01 16:00:00	15218,09	15218,09	15138,51	15145,31
2023-02-01 15:00:00	15178,88	15222,34	15172,42	15218,10
2023-02-01 14:00:00	15182,97	15203,49	15174,61	15178,88
2023-02-01 13:00:00	15150,73	15183,43	15141,87	15183,14
2023-02-01 12:00:00	15112,14	15156,12	15111,50	15150,76
2023-02-01 11:00:00	15143,96	15153,76	15112,09	15112,09
2023-02-01 10:00:00	15125,34	15147,34	15107,83	15135,87
2023-02-01 09:00:00	15125,12	15184,74	15110,18	15125,61
2023-01-31 17:00:00	15122,96	15136,22	15120,55	15128,27
2023-01-31 16:00:00	15078,32	15122,57	15075,83	15122,57
2023-01-31 15:00:00	15100,43	15100,53	15069,58	15078,51
2023-01-31 14:00:00	15064,13	15111,65	15063,40	15100,03
2023-01-31 13:00:00	15041,47	15069,06	15041,09	15064,38
2023-01-31 12:00:00	15005,22	15044,43	14993,59	15041,35
2023-01-31 11:00:00	15043,56	15043,56	15004,89	15004,89
2023-01-31 10:00:00	15049,26	15062,54	15019,47	15043,32
2023-01-31 09:00:00	15081,17	15103,37	15029,78	15048,95
2023-01-30 17:00:00	15127,13	15148,25	15125,75	15126,08
2023-01-30 16:00:00	15137,43	15161,07	15098,59	15128,57
2023-01-30 15:00:00	15093,26	15144,50	15088,77	15137,17
2023-01-30 14:00:00	15073,73	15096,79	15071,79	15093,26
2023-01-30 13:00:00	15038,71	15075,74	15038,71	15073,73
2023-01-30 12:00:00	15047,57	15048,69	14988,98	15038,74
2023-01-30 11:00:00	15063,44	15073,34	15040,49	15047,41
2023-01-30 10:00:00	15094,46	15112,83	15013,65	15063,51
2023-01-30 09:00:00	15070,30	15120,01	15024,39	15094,68
2023-01-27 17:00:00	15124,04	15150,03	15119,98	15150,03
2023-01-27 16:00:00	15136,11	15161,13	15113,97	15124,17
2023-01-27 15:00:00	15083,16	15140,54	15083,13	15133,18
2023-01-27 14:00:00	15107,71	15123,63	15077,62	15082,54
2023-01-27 13:00:00	15155,98	15165,79	15105,98	15108,31
2023-01-27 12:00:00	15168,53	15186,49	15153,07	15156,05
2023-01-27 11:00:00	15143,69	15176,25	15125,36	15169,35
2023-01-27 10:00:00	15148,60	15156,64	15141,17	15143,83
2023-01-27 09:00:00	15115,75	15164,56	15111,94	15148,36
2023-01-26 17:00:00	15115,44	15140,62	15110,84	15132,85
2023-01-26 16:00:00	15093,40	15151,26	15082,95	15115,44
2023-01-26 15:00:00	15107,85	15133,34	15071,57	15090,73
2023-01-26 14:00:00	15100,45	15124,00	15083,86	15107,67
2023-01-26 13:00:00	15073,20	15105,67	15070,86	15100,75
2023-01-26 12:00:00	15130,72	15130,83	15068,72	15073,20
2023-01-26 11:00:00	15094,33	15136,39	15093,52	15130,67
2023-01-26 10:00:00	15109,08	15125,10	15088,95	15094,54
2023-01-26 09:00:00	15146,29	15151,54	15103,66	15108,95
2023-01-25 17:00:00	15044,76	15085,98	15043,73	15081,64
2023-01-25 16:00:00	15038,42	15062,67	15013,04	15046,61
2023-01-25 15:00:00	15023,42	15058,62	15019,91	15039,16
2023-01-25 14:00:00	15027,76	15032,78	15010,90	15023,40
2023-01-25 13:00:00	15041,81	15045,48	15025,68	15027,76
2023-01-25 12:00:00	15032,84	15063,83	15027,27	15041,86
2023-01-25 11:00:00	15001,41	15037,28	14969,65	15032,23
2023-01-25 10:00:00	15088,30	15092,12	15000,56	15001,38
2023-01-25 09:00:00	15095,72	15114,41	15070,59	15088,30
2023-01-24 17:00:00	15090,86	15100,56	15083,48	15093,11
2023-01-24 16:00:00	15030,48	15096,78	15029,83	15090,65
2023-01-24 15:00:00	15031,75	15069,63	15029,47	15029,61
2023-01-24 14:00:00	15060,40	15066,25	15022,55	15031,75
2023-01-24 13:00:00	15069,03	15071,31	15056,83	15060,70
2023-01-24 12:00:00	15050,93	15076,27	15027,17	15069,06
2023-01-24 11:00:00	15087,95	15089,02	15030,01	15050,99
2023-01-24 10:00:00	15115,61	15119,90	15066,82	15088,09
2023-01-24 09:00:00	15140,50	15147,45	15104,70	15115,45
2023-01-23 17:00:00	15081,47	15122,65	15081,47	15102,95
2023-01-23 16:00:00	15044,04	15088,62	15044,02	15081,42
2023-01-23 15:00:00	15052,38	15052,61	15022,83	15043,93
2023-01-23 14:00:00	15047,31	15078,23	15045,44	15052,52
2023-01-23 13:00:00	15030,48	15061,88	15030,01	15047,14
2023-01-23 12:00:00	15038,41	15048,27	15025,14	15030,32
2023-01-23 11:00:00	15062,90	15063,02	15023,65	15038,51
2023-01-23 10:00:00	15044,09	15079,17	15041,96	15063,70
2023-01-23 09:00:00	15077,40	15145,90	15039,20	15047,36
2023-01-20 17:00:00	15005,98	15034,43	15004,52	15033,56
2023-01-20 16:00:00	14989,01	15021,42	14981,75	15005,75
2023-01-20 15:00:00	14968,33	14998,81	14965,24	14989,02
2023-01-20 14:00:00	14995,77	14998,51	14969,01	14969,64
2023-01-20 13:00:00	14962,75	15010,94	14962,75	14995,77
2023-01-20 12:00:00	14983,02	14986,00	14952,07	14966,36
2023-01-20 11:00:00	14977,54	15004,58	14969,58	14995,08
2023-01-20 10:00:00	14991,24	14992,93	14953,91	14977,26
2023-01-20 09:00:00	14986,52	14999,68	14940,68	14991,22
2023-01-19 17:00:00	14947,48	14967,71	14920,36	14920,36
2023-01-19 16:00:00	14972,41	14991,61	14936,26	14947,51
2023-01-19 15:00:00	14964,23	14989,20	14950,49	14972,05
2023-01-19 14:00:00	14934,82	14963,90	14906,27	14963,90
2023-01-19 13:00:00	14946,87	14947,81	14913,33	14934,82
2023-01-19 12:00:00	15000,26	15012,21	14941,28	14946,95
2023-01-19 11:00:00	15047,96	15063,43	14975,34	15000,21
2023-01-19 10:00:00	15049,09	15073,71	15036,50	15047,97
2023-01-19 09:00:00	15115,55	15134,07	15047,84	15049,00
2023-01-18 17:00:00	15207,13	15214,98	15181,20	15181,80
2023-01-18 16:00:00	15232,78	15240,66	15199,96	15207,60
2023-01-18 15:00:00	15223,46	15250,36	15219,34	15230,19
2023-01-18 14:00:00	15218,30	15242,28	15197,62	15223,46
2023-01-18 13:00:00	15204,83	15221,62	15204,23	15218,51
2023-01-18 12:00:00	15193,36	15206,76	15186,76	15204,74
2023-01-18 11:00:00	15172,39	15195,49	15156,89	15193,36
2023-01-18 10:00:00	15187,25	15191,51	15165,77	15172,32
2023-01-18 09:00:00	15182,95	15206,14	15164,95	15187,25
2023-01-17 17:00:00	15171,72	15187,61	15152,89	15187,07
2023-01-17 16:00:00	15153,46	15269,71	15153,46	15172,55
2023-01-17 15:00:00	15126,33	15155,45	15125,80	15152,15
2023-01-17 14:00:00	15123,78	15146,93	15114,83	15125,30
2023-01-17 13:00:00	15121,60	15130,15	15114,64	15123,34
2023-01-17 12:00:00	15109,67	15122,72	15104,94	15121,99
2023-01-17 11:00:00	15106,74	15130,19	15090,26	15109,63
2023-01-17 10:00:00	15106,31	15125,79	15083,95	15107,16
2023-01-17 09:00:00	15130,03	15172,13	15090,72	15106,59
2023-01-16 17:00:00	15139,78	15153,19	15134,04	15134,04
2023-01-16 16:00:00	15131,91	15141,27	15123,82	15140,61
2023-01-16 15:00:00	15147,70	15150,32	15126,12	15131,64
2023-01-16 14:00:00	15119,90	15153,09	15117,01	15147,70
2023-01-16 13:00:00	15134,25	15135,74	15115,79	15120,08
2023-01-16 12:00:00	15126,24	15137,66	15118,18	15134,29
2023-01-16 11:00:00	15101,82	15126,61	15091,93	15126,08
2023-01-16 10:00:00	15095,08	15119,14	15093,39	15101,85
2023-01-16 09:00:00	15112,05	15135,20	15083,94	15095,08
2023-01-13 17:00:00	15109,43	15112,15	15082,52	15086,52
2023-01-13 16:00:00	15094,81	15132,37	15094,81	15109,54
2023-01-13 15:00:00	15059,76	15109,64	15043,41	15100,62
2023-01-13 14:00:00	15048,94	15066,15	15042,50	15060,18
2023-01-13 13:00:00	15083,93	15098,19	15041,16	15047,66
2023-01-13 12:00:00	15096,69	15118,76	15080,30	15083,60
2023-01-13 11:00:00	15112,22	15129,15	15102,63	15102,63
2023-01-13 10:00:00	15074,56	15121,62	15069,11	15111,37
2023-01-13 09:00:00	15063,21	15079,93	15048,83	15073,67
2023-01-12 17:00:00	15069,91	15080,16	15054,23	15058,30
2023-01-12 16:00:00	15009,36	15085,85	15009,36	15069,57
2023-01-12 15:00:00	15080,36	15095,03	14973,05	15008,98
2023-01-12 14:00:00	15063,98	15091,40	14934,51	15080,38
2023-01-12 13:00:00	15055,01	15076,62	15052,77	15063,89
2023-01-12 12:00:00	15025,56	15087,14	15024,57	15055,50
2023-01-12 11:00:00	15044,73	15046,80	15017,92	15026,57
2023-01-12 10:00:00	15017,69	15046,08	15002,16	15043,95
2023-01-12 09:00:00	14972,28	15017,80	14967,55	15017,12
2023-01-11 17:00:00	14917,79	14947,91	14915,49	14947,91
2023-01-11 16:00:00	14939,99	14965,47	14913,71	14917,78
2023-01-11 15:00:00	14939,04	14948,79	14911,17	14939,29
2023-01-11 14:00:00	14931,88	14948,55	14924,64	14938,50
2023-01-11 13:00:00	14928,39	14937,54	14902,56	14931,65
2023-01-11 12:00:00	14912,90	14950,53	14909,99	14928,42
2023-01-11 11:00:00	14894,53	14925,47	14891,46	14913,48
2023-01-11 10:00:00	14832,88	14900,34	14832,21	14894,38
2023-01-11 09:00:00	14805,40	14833,52	14794,99	14832,99
2023-01-10 17:00:00	14787,52	14789,55	14770,01	14774,60
2023-01-10 16:00:00	14759,87	14790,82	14752,77	14787,21
2023-01-10 15:00:00	14755,76	14775,68	14743,04	14758,11
2023-01-10 14:00:00	14728,85	14757,38	14721,41	14755,35
2023-01-10 13:00:00	14721,35	14732,36	14717,37	14729,40
2023-01-10 12:00:00	14715,35	14726,75	14709,88	14721,49
2023-01-10 11:00:00	14724,28	14748,43	14706,51	14715,51
2023-01-10 10:00:00	14715,44	14725,90	14692,74	14724,61
2023-01-10 09:00:00	14741,97	14763,57	14715,70	14716,53
2023-01-09 17:00:00	14816,59	14825,24	14791,50	14792,83
2023-01-09 16:00:00	14782,34	14832,89	14781,19	14816,90
2023-01-09 15:00:00	14719,87	14781,46	14718,61	14781,46
2023-01-09 14:00:00	14722,93	14747,57	14695,78	14719,87
2023-01-09 13:00:00	14678,34	14724,66	14676,95	14723,04
2023-01-09 12:00:00	14669,54	14689,91	14659,44	14678,29
2023-01-09 11:00:00	14638,83	14673,70	14634,67	14669,44
2023-01-09 10:00:00	14639,66	14656,66	14635,07	14637,99
2023-01-09 09:00:00	14650,73	14659,52	14628,61	14639,21
2023-01-06 17:00:00	14576,56	14610,23	14575,39	14610,02
2023-01-06 16:00:00	14483,59	14577,68	14472,64	14575,88
2023-01-06 15:00:00	14516,25	14517,04	14440,71	14459,74
2023-01-06 14:00:00	14433,49	14518,35	14418,80	14515,94
2023-01-06 13:00:00	14430,45	14436,96	14422,24	14433,49
2023-01-06 12:00:00	14435,83	14449,41	14421,73	14430,50
2023-01-06 11:00:00	14415,39	14445,79	14396,29	14436,49
2023-01-06 10:00:00	14416,51	14418,76	14388,98	14416,10
2023-01-06 09:00:00	14476,72	14484,55	14399,16	14416,41
2023-01-05 17:00:00	14450,00	14459,54	14425,84	14436,31
2023-01-05 16:00:00	14432,35	14501,60	14423,32	14450,21
2023-01-05 15:00:00	14434,47	14446,04	14403,73	14433,25
2023-01-05 14:00:00	14474,77	14480,78	14418,16	14434,68
2023-01-05 13:00:00	14483,52	14497,14	14473,19	14474,67
2023-01-05 12:00:00	14482,01	14499,03	14478,37	14482,65
2023-01-05 11:00:00	14463,16	14483,65	14459,12	14480,66
2023-01-05 10:00:00	14456,14	14466,55	14430,82	14462,92
2023-01-05 09:00:00	14451,23	14464,84	14429,18	14456,10
2023-01-04 17:00:00	14470,64	14492,78	14464,44	14490,78
2023-01-04 16:00:00	14458,83	14473,91	14400,13	14470,72
2023-01-04 15:00:00	14466,89	14482,15	14443,92	14462,88
2023-01-04 14:00:00	14401,49	14466,91	14396,86	14466,91
2023-01-04 13:00:00	14410,11	14422,58	14392,71	14401,50
2023-01-04 12:00:00	14358,04	14426,69	14355,89	14410,29
2023-01-04 11:00:00	14356,64	14382,36	14344,64	14357,82
2023-01-04 10:00:00	14358,02	14371,66	14322,18	14355,87
2023-01-04 09:00:00	14266,98	14378,08	14264,60	14358,15
2023-01-03 17:00:00	14245,33	14252,40	14181,67	14181,67
2023-01-03 16:00:00	14204,81	14245,28	14154,50	14245,28
2023-01-03 15:00:00	14230,87	14286,93	14192,62	14204,82
2023-01-03 14:00:00	14179,64	14236,74	14158,95	14230,78
2023-01-03 13:00:00	14166,17	14183,88	14143,97	14179,80
2023-01-03 12:00:00	14267,05	14267,17	14161,61	14166,44
2023-01-03 11:00:00	14275,83	14281,03	14239,27	14267,08
2023-01-03 10:00:00	14208,68	14293,87	14208,68	14275,55
2023-01-03 09:00:00	14116,07	14208,16	14083,76	14206,07
2023-01-02 17:00:00	14051,23	14095,91	14038,59	14069,26
2023-01-02 16:00:00	14052,48	14060,35	14030,12	14050,95
2023-01-02 15:00:00	14049,34	14063,13	14036,76	14052,69
2023-01-02 14:00:00	14050,35	14058,70	14036,67	14049,34
2023-01-02 13:00:00	14063,33	14074,54	14038,00	14054,72
2023-01-02 12:00:00	14026,99	14076,12	14023,45	14063,33
2023-01-02 11:00:00	14013,45	14048,14	14005,62	14026,44
2023-01-02 10:00:00	14045,60	14064,28	13979,17	14013,45
2023-01-02 09:00:00	13992,71	14045,42	13976,44	14045,42
2022-12-30 14:00:00	13931,15	13933,19	13922,55	13923,59
2022-12-30 13:00:00	13956,55	13960,57	13926,69	13929,76
2022-12-30 12:00:00	13969,87	13974,04	13955,72	13956,47
2022-12-30 11:00:00	13992,60	13997,16	13965,08	13969,01
2022-12-30 10:00:00	13953,63	13993,06	13950,37	13992,85
2022-12-30 09:00:00	14005,84	14008,97	13952,81	13953,63
2022-12-29 17:00:00	14057,13	14071,72	14054,02	14071,72
2022-12-29 16:00:00	14027,27	14064,57	14026,62	14056,66
2022-12-29 15:00:00	14007,09	14031,11	13998,56	14026,99
2022-12-29 14:00:00	13962,00	14012,81	13962,00	14007,33
2022-12-29 13:00:00	13948,28	13964,42	13946,13	13961,91
2022-12-29 12:00:00	13961,83	13972,94	13942,04	13948,35
2022-12-29 11:00:00	13955,99	13965,36	13941,73	13961,72
2022-12-29 10:00:00	13928,39	13961,35	13925,79	13956,05
2022-12-29 09:00:00	13890,81	13932,46	13871,32	13928,31
2022-12-28 17:00:00	13928,23	13934,82	13914,62	13925,60
2022-12-28 16:00:00	13969,34	13979,11	13927,19	13928,32
2022-12-28 15:00:00	13978,76	13993,75	13961,99	13969,26
2022-12-28 14:00:00	14006,47	14010,16	13973,88	13978,76
2022-12-28 13:00:00	14002,01	14018,47	13998,50	14006,55
2022-12-28 12:00:00	13995,45	14003,13	13989,27	14002,01
2022-12-28 11:00:00	13974,76	13995,89	13973,44	13995,36
2022-12-28 10:00:00	13957,88	13975,41	13950,33	13974,84
2022-12-28 09:00:00	14013,72	14014,25	13957,29	13957,60
2022-12-27 17:00:00	13995,70	14008,22	13988,87	13995,10
2022-12-27 16:00:00	13975,65	14016,11	13966,35	13995,68
2022-12-27 15:00:00	14004,51	14025,08	13974,24	13975,28
2022-12-27 14:00:00	14037,12	14059,32	14004,48	14004,48
2022-12-27 13:00:00	14048,78	14055,13	14031,21	14037,12
2022-12-27 12:00:00	14048,37	14056,52	14039,78	14049,96
2022-12-27 11:00:00	14025,52	14050,29	14023,67	14048,30
2022-12-27 10:00:00	14008,61	14034,42	13984,10	14025,57
2022-12-27 09:00:00	14047,42	14063,14	14008,61	14008,61
2022-12-23 17:00:00	13954,06	13958,07	13938,34	13940,93
2022-12-23 16:00:00	13893,55	13984,37	13874,91	13954,09
2022-12-23 15:00:00	13917,17	13926,94	13874,50	13891,88
2022-12-23 14:00:00	13954,13	14000,68	13911,68	13917,17
2022-12-23 13:00:00	13942,60	13955,68	13932,68	13954,13
2022-12-23 12:00:00	13968,93	13983,78	13937,08	13942,60
2022-12-23 11:00:00	13962,74	13989,35	13958,20	13968,88
2022-12-23 10:00:00	13936,36	13961,74	13917,48	13961,74
2022-12-23 09:00:00	13945,59	13963,78	13905,21	13936,22
2022-12-22 17:00:00	13903,63	13914,07	13891,85	13914,07
2022-12-22 16:00:00	13928,66	13928,66	13890,54	13903,41
2022-12-22 15:00:00	14007,20	14010,98	13919,32	13928,72
2022-12-22 14:00:00	14047,79	14059,81	13996,91	14007,20
2022-12-22 13:00:00	14071,45	14074,43	14035,90	14047,79
2022-12-22 12:00:00	14085,09	14085,34	14058,65	14071,31
2022-12-22 11:00:00	14097,42	14097,48	14061,74	14084,94
2022-12-22 10:00:00	14136,64	14146,96	14095,74	14097,35
2022-12-22 09:00:00	14113,01	14160,87	14103,33	14136,57
2022-12-21 17:00:00	14087,86	14099,75	14082,76	14097,82
2022-12-21 16:00:00	14018,24	14092,69	14018,24	14087,57
2022-12-21 15:00:00	14028,75	14043,04	14008,33	14019,53
2022-12-21 14:00:00	14008,43	14031,21	14002,78	14028,75
2022-12-21 13:00:00	14005,66	14009,59	13983,41	14008,61
2022-12-21 12:00:00	13973,36	14007,41	13970,06	14005,63
2022-12-21 11:00:00	13989,78	14005,57	13971,85	13973,66
2022-12-21 10:00:00	13979,52	14001,07	13973,66	13989,78
2022-12-21 09:00:00	13944,69	13983,96	13912,17	13979,47
2022-12-20 17:00:00	13902,55	13912,67	13869,85	13884,66
2022-12-20 16:00:00	13875,12	13916,15	13875,12	13902,76
2022-12-20 15:00:00	13878,17	13885,22	13848,07	13875,15
2022-12-20 14:00:00	13899,26	13907,73	13878,21	13878,22
2022-12-20 13:00:00	13891,11	13931,29	13891,11	13899,21
2022-12-20 12:00:00	13906,23	13919,55	13885,66	13890,61
2022-12-20 11:00:00	13898,05	13917,90	13882,66	13906,30
2022-12-20 10:00:00	13897,34	13912,80	13882,86	13898,05
2022-12-20 09:00:00	13829,90	13897,60	13791,52	13897,46
2022-12-19 17:00:00	13931,99	13954,67	13927,05	13942,87
2022-12-19 16:00:00	13950,65	13980,54	13932,13	13932,13
2022-12-19 15:00:00	13951,10	13977,51	13935,85	13950,33
2022-12-19 14:00:00	13962,82	13967,00	13936,75	13951,40
2022-12-19 13:00:00	13957,88	13982,20	13953,64	13963,36
2022-12-19 12:00:00	13963,66	13978,74	13929,32	13958,17
2022-12-19 11:00:00	13950,23	14001,37	13946,88	13963,38
2022-12-19 10:00:00	13947,92	13987,83	13932,17	13949,84
2022-12-19 09:00:00	13934,75	13998,23	13934,75	13948,09
2022-12-16 17:00:00	13882,04	13901,15	13868,40	13893,07
2022-12-16 16:00:00	13917,44	13917,59	13827,24	13881,64
2022-12-16 15:00:00	13894,92	13937,57	13879,30	13917,46
2022-12-16 14:00:00	13939,56	13940,59	13878,50	13894,94
2022-12-16 13:00:00	13869,69	13954,50	13869,69	13939,48
2022-12-16 12:00:00	13829,05	13883,18	13815,24	13866,68
2022-12-16 11:00:00	13898,16	13898,30	13820,53	13827,22
2022-12-16 10:00:00	13885,46	13911,10	13872,43	13898,16
2022-12-16 09:00:00	13978,44	14011,26	13877,26	13884,97
2022-12-15 17:00:00	14050,86	14056,24	13986,22	13986,23
2022-12-15 16:00:00	14012,74	14076,17	13982,59	14050,88
2022-12-15 15:00:00	14179,45	14191,15	14000,64	14012,07
2022-12-15 14:00:00	14295,43	14303,49	14147,04	14179,57
2022-12-15 13:00:00	14303,95	14303,95	14277,86	14295,57
2022-12-15 12:00:00	14290,73	14315,99	14288,58	14304,13
2022-12-15 11:00:00	14282,31	14304,42	14264,10	14290,64
2022-12-15 10:00:00	14333,62	14335,90	14277,42	14284,69
2022-12-15 09:00:00	14351,31	14363,12	14302,24	14333,80
2022-12-14 17:00:00	14459,19	14470,74	14449,43	14460,20
2022-12-14 16:00:00	14442,05	14458,53	14419,85	14458,53
2022-12-14 15:00:00	14433,48	14444,14	14409,44	14441,10
2022-12-14 14:00:00	14391,29	14434,42	14388,81	14433,38
2022-12-14 13:00:00	14427,49	14434,36	14387,24	14389,99
2022-12-14 12:00:00	14393,43	14432,16	14375,95	14427,06
2022-12-14 11:00:00	14406,79	14411,20	14385,14	14393,43
2022-12-14 10:00:00	14434,98	14443,64	14392,16	14406,95
2022-12-14 09:00:00	14453,54	14465,91	14421,96	14437,34
2022-12-13 17:00:00	14469,54	14504,26	14450,73	14497,89
2022-12-13 16:00:00	14663,37	14664,07	14462,58	14469,32
2022-12-13 15:00:00	14594,49	14675,84	14581,11	14663,55
2022-12-13 14:00:00	14442,15	14631,89	14403,80	14593,38
2022-12-13 13:00:00	14426,88	14449,28	14413,31	14442,66
2022-12-13 12:00:00	14421,01	14434,47	14412,02	14427,06
2022-12-13 11:00:00	14354,05	14432,87	14338,30	14421,01
2022-12-13 10:00:00	14323,55	14388,03	14316,29	14354,00
2022-12-13 09:00:00	14345,88	14370,89	14302,49	14323,35
2022-12-12 17:00:00	14304,84	14329,18	14304,24	14306,63
2022-12-12 16:00:00	14305,95	14307,46	14276,83	14304,23
2022-12-12 15:00:00	14302,02	14312,61	14288,82	14305,25
2022-12-12 14:00:00	14312,97	14333,75	14287,74	14302,02
2022-12-12 13:00:00	14339,94	14340,53	14308,23	14312,97
2022-12-12 12:00:00	14355,84	14360,38	14337,53	14339,61
2022-12-12 11:00:00	14344,64	14366,39	14343,92	14355,95
2022-12-12 10:00:00	14289,06	14348,92	14283,38	14345,61
2022-12-12 09:00:00	14300,43	14314,08	14262,60	14289,06
2022-12-09 17:00:00	14355,71	14370,72	14352,47	14370,72
2022-12-09 16:00:00	14354,39	14362,95	14329,05	14355,07
2022-12-09 15:00:00	14331,40	14365,93	14292,45	14342,81
2022-12-09 14:00:00	14376,53	14382,50	14217,96	14331,40
2022-12-09 13:00:00	14331,19	14385,57	14306,21	14376,53
2022-12-09 12:00:00	14340,71	14363,40	14330,34	14331,19
2022-12-09 11:00:00	14290,04	14348,62	14288,78	14340,59
2022-12-09 10:00:00	14279,67	14297,19	14266,66	14289,92
2022-12-09 09:00:00	14325,80	14330,32	14269,96	14279,74
2022-12-08 17:00:00	14278,48	14285,15	14259,97	14264,56
2022-12-08 16:00:00	14256,09	14298,81	14256,09	14278,48
2022-12-08 15:00:00	14238,02	14263,08	14205,81	14255,60
2022-12-08 14:00:00	14236,41	14268,52	14232,43	14238,54
2022-12-08 13:00:00	14213,22	14250,57	14200,32	14236,48
2022-12-08 12:00:00	14219,02	14228,07	14196,77	14212,67
2022-12-08 11:00:00	14250,67	14261,74	14206,64	14219,79
2022-12-08 10:00:00	14267,15	14279,25	14239,73	14250,28
2022-12-08 09:00:00	14277,75	14291,49	14251,01	14267,35
2022-12-07 17:00:00	14335,23	14341,02	14261,19	14261,19
2022-12-07 16:00:00	14264,35	14337,12	14218,18	14334,23
2022-12-07 15:00:00	14295,48	14322,14	14262,74	14272,83
2022-12-07 14:00:00	14267,88	14309,09	14267,05	14295,26
2022-12-07 13:00:00	14283,40	14290,06	14243,74	14267,63
2022-12-07 12:00:00	14293,03	14312,13	14276,25	14283,40
2022-12-07 11:00:00	14291,41	14298,24	14256,72	14291,08
2022-12-07 10:00:00	14342,24	14372,35	14280,23	14291,47
2022-12-07 09:00:00	14304,95	14346,02	14284,80	14341,77
2022-12-06 17:00:00	14338,70	14358,80	14337,46	14343,19
2022-12-06 16:00:00	14367,35	14372,79	14305,26	14338,37
2022-12-06 15:00:00	14418,87	14426,90	14335,89	14367,19
2022-12-06 14:00:00	14422,76	14423,36	14387,91	14419,67
2022-12-06 13:00:00	14408,49	14439,28	14408,47	14422,94
2022-12-06 12:00:00	14408,44	14420,11	14389,10	14408,96
2022-12-06 11:00:00	14430,68	14434,21	14362,18	14408,44
2022-12-06 10:00:00	14468,54	14470,01	14424,24	14430,71
2022-12-06 09:00:00	14406,87	14471,50	14375,78	14466,52
2022-12-05 17:00:00	14465,54	14482,05	14447,61	14447,61
2022-12-05 16:00:00	14418,42	14465,36	14394,37	14464,98
2022-12-05 15:00:00	14432,35	14468,27	14421,73	14441,15
2022-12-05 14:00:00	14449,53	14466,21	14424,67	14432,35
2022-12-05 13:00:00	14461,61	14465,28	14432,00	14449,53
2022-12-05 12:00:00	14447,53	14474,21	14446,28	14461,49
2022-12-05 11:00:00	14469,77	14481,47	14445,30	14447,50
2022-12-05 10:00:00	14507,10	14507,13	14443,53	14469,82
2022-12-05 09:00:00	14487,43	14507,16	14465,60	14507,14
2022-12-02 17:00:00	14519,60	14532,88	14499,08	14529,39
2022-12-02 16:00:00	14511,01	14544,44	14508,78	14520,34
2022-12-02 15:00:00	14472,80	14513,09	14449,05	14511,01
2022-12-02 14:00:00	14563,91	14584,59	14372,42	14473,05
2022-12-02 13:00:00	14533,93	14567,28	14525,20	14563,91
2022-12-02 12:00:00	14532,56	14534,09	14510,15	14533,93
2022-12-02 11:00:00	14529,86	14541,64	14502,96	14532,72
2022-12-02 10:00:00	14503,35	14530,34	14499,54	14529,90
2022-12-02 09:00:00	14465,70	14505,15	14444,32	14503,16
2022-12-01 17:00:00	14495,40	14497,42	14455,91	14490,30
2022-12-01 16:00:00	14539,36	14539,36	14432,27	14494,53
2022-12-01 15:00:00	14515,18	14534,19	14490,21	14522,69
2022-12-01 14:00:00	14526,37	14546,53	14503,27	14514,98
2022-12-01 13:00:00	14505,54	14527,02	14493,47	14526,34
2022-12-01 12:00:00	14467,62	14505,40	14463,07	14505,33
2022-12-01 11:00:00	14463,93	14485,47	14438,93	14467,38
2022-12-01 10:00:00	14479,29	14489,16	14423,79	14464,44
2022-12-01 09:00:00	14543,80	14563,70	14445,53	14479,53
2022-11-30 17:00:00	14382,02	14416,35	14371,53	14397,04
2022-11-30 16:00:00	14398,96	14399,72	14365,45	14381,13
2022-11-30 15:00:00	14385,52	14405,43	14374,02	14398,19
2022-11-30 14:00:00	14423,63	14425,11	14363,32	14385,52
2022-11-30 13:00:00	14410,60	14433,17	14405,35	14423,63
2022-11-30 12:00:00	14404,37	14416,18	14387,98	14410,60
2022-11-30 11:00:00	14413,86	14439,36	14399,74	14403,86
2022-11-30 10:00:00	14430,28	14487,70	14383,36	14413,45
2022-11-30 09:00:00	14429,22	14460,84	14398,95	14429,62
2022-11-29 17:00:00	14397,29	14403,19	14338,21	14355,45
2022-11-29 16:00:00	14374,32	14407,35	14354,01	14397,51
2022-11-29 15:00:00	14382,10	14390,32	14354,30	14375,57
2022-11-29 14:00:00	14421,31	14421,57	14352,69	14381,21
2022-11-29 13:00:00	14412,86	14424,65	14401,16	14421,06
2022-11-29 12:00:00	14390,47	14412,89	14384,10	14412,89
2022-11-29 11:00:00	14343,90	14415,72	14343,66	14389,54
2022-11-29 10:00:00	14379,18	14385,79	14327,04	14343,90
2022-11-29 09:00:00	14404,67	14429,87	14370,75	14380,65
2022-11-28 17:00:00	14398,33	14409,37	14383,36	14383,36
2022-11-28 16:00:00	14405,08	14437,62	14396,56	14397,87
2022-11-28 15:00:00	14404,41	14431,57	14374,15	14406,05
2022-11-28 14:00:00	14411,74	14415,06	14392,33	14404,09
2022-11-28 13:00:00	14404,90	14416,27	14393,40	14411,74
2022-11-28 12:00:00	14413,85	14426,12	14404,00	14404,94
2022-11-28 11:00:00	14392,22	14431,50	14380,74	14413,85
2022-11-28 10:00:00	14457,45	14462,88	14391,05	14392,29
2022-11-28 09:00:00	14471,10	14514,73	14458,52	14458,76
2022-11-25 17:00:00	14522,55	14550,68	14522,25	14541,38
2022-11-25 16:00:00	14529,52	14531,05	14515,39	14522,08
2022-11-25 15:00:00	14523,94	14538,66	14515,82	14529,12
2022-11-25 14:00:00	14528,75	14533,41	14512,20	14523,89
2022-11-25 13:00:00	14543,37	14550,94	14528,69	14528,88
2022-11-25 12:00:00	14556,22	14563,48	14540,08	14543,33
2022-11-25 11:00:00	14507,65	14571,66	14498,05	14556,47
2022-11-25 10:00:00	14518,26	14532,64	14504,26	14507,65
2022-11-25 09:00:00	14547,58	14554,96	14514,62	14518,26
2022-11-24 17:00:00	14537,08	14552,60	14534,49	14539,56
2022-11-24 16:00:00	14515,94	14541,15	14515,94	14536,61
2022-11-24 15:00:00	14521,73	14526,02	14493,92	14515,65
2022-11-24 14:00:00	14542,03	14542,21	14514,16	14521,77
2022-11-24 13:00:00	14565,09	14570,71	14540,56	14541,96
2022-11-24 12:00:00	14567,06	14567,33	14547,91	14565,27
2022-11-24 11:00:00	14533,33	14567,33	14528,06	14567,06
2022-11-24 10:00:00	14533,82	14551,79	14524,91	14533,30
2022-11-24 09:00:00	14456,15	14541,88	14447,55	14533,80
