15378.799805
15328.950195
15257.009766
15243.959961
15209.740234
15402.799805
15433.089844
15429.320312
15445.549805
15440.120117
15468.440430
15450.429688
15403.000000
15381.429688
15347.110352
15362.429688
15388.730469
15398.669922
15430.269531
15425.990234
15368.389648
15388.389648
15365.139648
15426.089844
15425.290039
15467.179688
15469.169922
15459.660156
15391.240234
15406.509766
15372.730469
15305.019531
15249.730469
15216.129883
15238.639648
15245.900391
15252.750000
15241.040039
15301.120117
15316.629883
15327.639648
15463.309570
15461.459961
15482.650391
15491.269531
15469.150391
15522.900391
15553.120117
15559.759766
15578.389648
15640.139648
15621.269531
15629.389648
15589.830078
15628.009766
15666.240234
15655.870117
15653.769531
15653.580078
15682.219727
15681.900391
15689.179688
15670.950195
15660.440430
15656.209961
15621.089844
15561.879883
15559.530273
15563.299805
15567.910156
15594.660156
15597.950195
15588.190430
15615.969727
15619.120117
15640.820312
15631.870117
15622.139648
15547.240234
15570.219727
15584.440430
15567.959961
15590.419922
15642.450195
15637.870117
15633.209961
15338.080078
15388.019531
15368.589844
15433.660156
15429.730469
15466.750000
15364.129883
15389.849609
15427.969727
15134.269531
15016.200195
15088.169922
15045.049805
14970.780273
15032.030273
15019.280273
15014.940430
14959.469727
15063.519531
15013.759766
15037.790039
15096.139648
15191.969727
15227.429688
15208.509766
15235.580078
15232.830078
15156.530273
14992.030273
14774.809570
14824.519531
14771.820312
14793.709961
14822.530273
14806.660156
14735.259766
14854.080078
14821.450195
14833.719727
14834.019531
14784.660156
14900.790039
14948.150391
14992.950195
14967.099609
15079.620117
15065.690430
15024.599609
14945.679688
14796.730469
14791.160156
14722.259766
14766.230469
14768.200195
14687.809570
14774.809570
14878.160156
14855.639648
14906.509766
14917.790039
14941.089844
14943.129883
14933.379883
15131.769531
15176.410156
15191.379883
15198.690430
15198.139648
15236.150391
15190.190430
15186.830078
15195.339844
15219.709961
15256.129883
15278.719727
15273.469727
15284.070312
15275.580078
15272.700195
15227.250000
15216.190430
15217.110352
15146.919922
15108.929688
15146.740234
15177.480469
15197.030273
15232.280273
15231.900391
15210.389648
15029.480469
14925.969727
14862.690430
14851.719727
14924.179688
14945.200195
14951.849609
14964.049805
14957.230469
15041.750000
15100.709961
15124.780273
15164.389648
15140.379883
15163.200195
15154.709961
15123.259766
15127.679688
15189.089844
15168.259766
15139.450195
15135.980469
15148.490234
15114.719727
15120.469727
15127.120117
15142.019531
15208.089844
15238.540039
15267.450195
15279.589844
15278.830078
15288.110352
15324.809570
15281.530273
15328.780273
15480.429688
15494.089844
15484.309570
15523.870117
15514.610352
15476.820312
15496.950195
