13822.000000
13725.000000
13767.000000
13745.000000
13787.000000
13865.000000
13910.000000
13973.000000
14083.000000
14080.000000
14039.000000
13964.000000
13963.000000
14040.000000
14049.000000
13969.000000
13911.000000
13860.000000
13893.000000
13918.000000
13870.000000
13932.000000
13907.000000
13940.000000
13934.000000
13900.000000
13894.000000
13878.000000
13854.000000
13835.000000
13725.000000
13790.000000
13837.000000
13889.000000
13911.000000
13942.000000
13996.000000
13969.000000
13944.000000
13960.000000
14020.000000
14026.000000
13984.000000
14002.000000
14036.000000
13984.000000
14116.000000
14220.000000
14315.000000
14321.000000
14300.000000
14384.000000
14410.000000
14405.000000
14330.000000
14573.000000
14505.000000
14499.000000
14431.000000
14454.000000
14518.000000
14530.000000
14520.000000
14514.000000
14487.000000
14497.000000
14486.000000
14526.000000
14540.000000
14544.000000
14523.000000
14455.000000
14422.000000
14416.000000
14380.000000
14352.000000
14381.000000
14336.000000
14432.000000
14450.000000
14433.000000
14450.000000
14443.000000
14388.000000
14352.000000
14334.000000
14316.000000
14339.000000
14390.000000
14435.000000
14407.000000
14428.000000
14349.000000
14333.000000
14249.000000
14285.000000
14310.000000
14366.000000
14394.000000
14470.000000
14484.000000
14486.000000
14509.000000
14500.000000
14477.000000
14436.000000
14397.000000
14354.000000
14346.000000
14335.000000
14331.000000
14375.000000
14398.000000
14467.000000
14453.000000
14441.000000
14472.000000
14436.000000
14445.000000
14396.000000
14406.000000
14382.000000
14292.000000
14324.000000
14332.000000
14340.000000
14330.000000
14289.000000
14309.000000
14349.000000
14344.000000
14325.000000
14327.000000
14341.000000
14387.000000
14492.000000
14502.000000
14498.000000
14472.000000
14454.000000
14491.000000
14526.000000
14509.000000
14515.000000
14536.000000
14512.000000
14541.000000
14535.000000
14510.000000
14534.000000
14556.000000
14588.000000
14580.000000
14572.000000
14598.000000
14597.000000
14596.000000
14555.000000
14539.000000
14461.000000
14444.000000
14380.000000
14306.000000
14367.000000
14330.000000
14335.000000
14278.000000
14270.000000
14263.000000
14225.000000
14206.000000
14265.000000
14247.000000
14258.000000
14288.000000
14308.000000
14329.000000
14337.000000
14352.000000
14394.000000
14361.000000
14270.000000
14303.000000
14300.000000
14285.000000
14277.000000
14374.000000
14329.000000
14340.000000
14342.000000
14361.000000
14362.000000
14327.000000
14393.000000
14364.000000
14346.000000
14378.000000
14360.000000
14351.000000
14357.000000
14359.000000
14365.000000
14382.000000
14438.000000
14443.000000
14423.000000
14446.000000
14420.000000
14339.000000
14394.000000
14402.000000
14415.000000
14414.000000
14375.000000
14358.000000
14396.000000
14390.000000
14372.000000
14364.000000
14389.000000
14543.000000
14546.000000
14565.000000
14574.000000
14650.000000
14635.000000
14569.000000
14529.000000
14511.000000
14464.000000
14484.000000
14542.000000
14568.000000
14555.000000
14579.000000
14602.000000
14590.000000
14585.000000
14583.000000
14640.000000
14644.000000
14684.000000
14635.000000
14750.000000
14748.000000
14857.000000
14914.000000
14944.000000
14861.000000
14844.000000
14802.000000
14802.000000
14838.000000
14872.000000
14865.000000
14830.000000
14843.000000
14811.000000
14793.000000
14791.000000
14812.000000
14814.000000
14763.000000
14686.000000
14669.000000
14664.000000
14657.000000
14636.000000
14653.000000
14628.000000
14655.000000
14651.000000
14638.000000
14635.000000
14610.000000
14613.000000
14681.000000
14684.000000
14684.000000
14684.000000
14674.000000
14674.000000
14684.000000
14749.000000
14671.000000
14632.000000
14619.000000
14597.000000
14594.000000
14608.000000
14512.000000
14503.000000
14459.000000
14427.000000
14411.000000
14433.000000
14363.000000
14414.000000
14431.000000
14439.000000
14443.000000
14445.000000
14457.000000
14481.000000
14523.000000
14478.000000
14516.000000
14516.000000
14502.000000
14515.000000
14526.000000
14513.000000
14499.000000
14435.000000
14455.000000
14489.000000
14503.000000
14484.000000
14466.000000
14474.000000
14469.000000
14493.000000
14513.000000
14556.000000
14582.000000
14546.000000
14417.000000
14497.000000
14501.000000
14488.000000
14480.000000
14521.000000
14550.000000
14575.000000
14567.000000
14561.000000
14571.000000
14579.000000
14561.000000
14559.000000
14553.000000
14549.000000
14548.000000
14545.000000
14568.000000
14623.000000
14611.000000
14582.000000
14510.000000
14502.000000
14499.000000
14481.000000
14479.000000
14447.000000
14421.000000
14446.000000
14421.000000
14404.000000
14407.000000
14373.000000
14345.000000
14343.000000
14362.000000
14387.000000
14425.000000
14456.000000
14297.000000
14282.000000
14278.000000
14228.000000
14183.000000
14149.000000
14142.000000
14178.000000
14190.000000
14189.000000
14213.000000
14228.000000
14122.000000
14153.000000
14134.000000
14121.000000
14113.000000
14130.000000
14216.000000
14256.000000
14233.000000
14256.000000
14259.000000
14336.000000
14261.000000
14238.000000
14226.000000
14166.000000
14150.000000
14207.000000
14241.000000
14251.000000
14215.000000
14221.000000
14187.000000
14201.000000
14201.000000
14187.000000
14222.000000
14317.000000
14327.000000
14343.000000
14297.000000
14298.000000
14308.000000
14291.000000
14244.000000
14301.000000
14309.000000
14295.000000
14288.000000
14275.000000
14269.000000
14238.000000
14269.000000
14270.000000
14199.000000
14187.000000
14172.000000
14188.000000
14225.000000
14322.000000
14268.000000
14255.000000
14266.000000
14278.000000
14210.000000
14249.000000
14280.000000
14227.000000
14207.000000
14200.000000
14203.000000
14196.000000
14092.000000
14098.000000
14038.000000
14023.000000
14025.000000
14017.000000
14033.000000
14028.000000
13989.000000
14087.000000
14077.000000
14108.000000
14094.000000
14198.000000
14188.000000
14185.000000
14155.000000
14136.000000
14130.000000
14078.000000
14036.000000
14002.000000
14111.000000
14115.000000
14117.000000
14119.000000
14117.000000
14168.000000
14167.000000
14102.000000
14119.000000
14107.000000
14043.000000
14060.000000
14028.000000
14059.000000
14072.000000
14106.000000
14091.000000
14088.000000
14088.000000
14119.000000
14149.000000
14147.000000
14154.000000
14150.000000
14175.000000
14195.000000
14203.000000
14146.000000
14165.000000
14125.000000
14133.000000
14198.000000
14209.000000
14223.000000
14196.000000
14204.000000
14162.000000
14157.000000
14173.000000
14132.000000
14105.000000
14203.000000
14101.000000
14093.000000
14117.000000
14125.000000
14119.000000
14151.000000
14130.000000
14139.000000
14060.000000
14070.000000
14089.000000
14097.000000
14155.000000
14218.000000
14205.000000
14210.000000
14214.000000
14208.000000
14259.000000
14240.000000
14254.000000
14254.000000
14210.000000
14229.000000
14242.000000
14256.000000
14256.000000
14251.000000
14238.000000
14345.000000
14363.000000
14354.000000
14364.000000
14373.000000
14377.000000
14397.000000
14394.000000
14397.000000
14389.000000
14376.000000
14346.000000
14402.000000
14420.000000
14433.000000
14418.000000
14417.000000
14446.000000
14427.000000
14532.000000
14551.000000
14564.000000
14613.000000
14617.000000
14609.000000
14606.000000
14579.000000
14552.000000
14477.000000
14459.000000
14420.000000
14398.000000
14328.000000
14286.000000
14296.000000
14298.000000
14310.000000
14359.000000
14358.000000
14390.000000
14380.000000
14341.000000
14264.000000
14281.000000
14312.000000
14313.000000
14281.000000
14226.000000
14173.000000
14151.000000
14151.000000
14160.000000
14069.000000
14063.000000
14041.000000
13966.000000
13970.000000
13954.000000
13977.000000
13976.000000
14058.000000
14016.000000
13961.000000
13939.000000
13994.000000
14053.000000
14049.000000
14043.000000
13996.000000
13997.000000
14033.000000
14092.000000
14122.000000
14110.000000
14101.000000
14116.000000
14144.000000
14159.000000
14161.000000
14182.000000
14167.000000
14134.000000
14120.000000
14125.000000
14131.000000
14100.000000
14127.000000
14073.000000
14044.000000
13865.000000
13864.000000
13862.000000
13790.000000
13799.000000
13666.000000
13685.000000
13727.000000
13710.000000
13715.000000
13722.000000
13774.000000
13798.000000
13809.000000
13840.000000
13847.000000
13861.000000
13847.000000
13846.000000
13868.000000
13827.000000
13815.000000
13870.000000
13855.000000
13840.000000
13790.000000
13762.000000
13847.000000
13848.000000
13860.000000
13859.000000
13863.000000
13905.000000
13939.000000
14052.000000
14090.000000
14096.000000
14066.000000
14049.000000
14042.000000
14027.000000
13955.000000
14005.000000
14091.000000
14112.000000
14119.000000
14142.000000
14086.000000
14138.000000
14127.000000
14153.000000
14160.000000
14182.000000
14175.000000
14174.000000
14189.000000
14176.000000
14151.000000
14114.000000
14161.000000
14205.000000
14206.000000
14155.000000
14111.000000
14098.000000
14069.000000
14022.000000
13956.000000
13938.000000
13918.000000
13957.000000
13956.000000
13961.000000
13983.000000
14044.000000
13983.000000
14018.000000
14023.000000
14014.000000
13972.000000
14007.000000
14034.000000
13964.000000
13963.000000
13915.000000
13908.000000
13987.000000
13976.000000
14008.000000
14008.000000
14051.000000
14050.000000
14049.000000
14073.000000
14050.000000
14066.000000
14085.000000
14032.000000
14028.000000
13997.000000
14009.000000
13977.000000
13990.000000
14048.000000
14037.000000
14039.000000
14037.000000
14045.000000
14010.000000
14039.000000
14052.000000
14043.000000
14026.000000
14034.000000
14025.000000
14034.000000
14074.000000
14045.000000
14018.000000
14036.000000
14047.000000
14049.000000
14077.000000
14055.000000
14024.000000
14057.000000
14076.000000
14168.000000
14273.000000
14259.000000
14278.000000
14282.000000
14262.000000
14283.000000
14293.000000
14310.000000
14303.000000
14321.000000
14242.000000
14185.000000
14194.000000
14211.000000
14204.000000
14153.000000
14070.000000
13967.000000
13906.000000
13935.000000
13911.000000
13875.000000
13851.000000
13859.000000
13850.000000
13865.000000
13886.000000
13887.000000
13866.000000
13899.000000
13852.000000
13831.000000
13777.000000
13787.000000
13737.000000
13818.000000
13727.000000
13735.000000
13743.000000
13723.000000
13736.000000
13669.000000
13708.000000
13678.000000
13583.000000
13540.000000
13532.000000
13557.000000
13549.000000
13548.000000
13600.000000
13695.000000
13582.000000
13594.000000
13556.000000
13486.000000
13514.000000
13536.000000
13536.000000
13466.000000
13511.000000
13479.000000
13479.000000
13481.000000
13393.000000
13365.000000
13367.000000
13424.000000
13423.000000
13437.000000
13485.000000
13603.000000
13600.000000
13625.000000
13625.000000
13586.000000
13569.000000
13682.000000
13722.000000
13717.000000
13607.000000
13561.000000
13650.000000
13650.000000
13636.000000
13575.000000
13607.000000
13603.000000
13622.000000
13638.000000
13624.000000
13630.000000
13635.000000
13624.000000
13670.000000
13688.000000
13718.000000
13738.000000
13740.000000
13784.000000
13821.000000
13874.000000
13818.000000
13716.000000
13735.000000
13680.000000
13643.000000
13650.000000
13643.000000
13612.000000
13600.000000
13580.000000
13572.000000
13637.000000
13618.000000
13532.000000
13563.000000
13615.000000
13533.000000
13626.000000
13759.000000
13806.000000
13766.000000
13736.000000
13674.000000
13724.000000
13721.000000
13843.000000
13872.000000
13883.000000
13919.000000
13895.000000
13916.000000
13906.000000
13878.000000
13933.000000
13925.000000
13931.000000
13951.000000
13960.000000
13944.000000
14020.000000
14033.000000
14061.000000
14053.000000
14027.000000
14051.000000
14049.000000
14083.000000
14094.000000
14013.000000
13978.000000
13989.000000
14000.000000
13999.000000
13994.000000
14033.000000
14035.000000
13957.000000
13955.000000
13957.000000
13931.000000
13952.000000
14001.000000
14004.000000
14032.000000
14058.000000
14042.000000
14001.000000
14038.000000
14066.000000
14058.000000
14059.000000
14056.000000
14078.000000
14082.000000
14145.000000
14177.000000
14187.000000
14194.000000
14192.000000
14183.000000
14197.000000
14168.000000
14192.000000
14207.000000
14206.000000
14217.000000
14243.000000
14256.000000
14231.000000
14217.000000
14211.000000
14191.000000
14218.000000
14224.000000
14214.000000
14180.000000
14214.000000
14220.000000
14184.000000
14161.000000
14103.000000
14087.000000
14069.000000
13994.000000
13992.000000
13925.000000
13912.000000
13860.000000
13855.000000
13862.000000
13889.000000
13916.000000
13921.000000
13921.000000
13889.000000
13854.000000
13768.000000
13739.000000
13745.000000
13805.000000
13796.000000
13822.000000
13876.000000
13939.000000
13933.000000
13929.000000
13950.000000
13972.000000
13964.000000
14000.000000
14000.000000
13992.000000
14012.000000
14008.000000
13992.000000
14065.000000
14121.000000
14147.000000
14142.000000
14150.000000
14148.000000
14130.000000
14092.000000
13985.000000
13935.000000
13925.000000
13952.000000
14036.000000
14022.000000
14148.000000
14153.000000
14120.000000
14113.000000
14134.000000
14180.000000
14219.000000
14214.000000
14179.000000
14082.000000
14105.000000
14105.000000
14109.000000
14124.000000
14127.000000
14190.000000
14187.000000
14154.000000
14168.000000
14165.000000
14165.000000
14131.000000
14126.000000
14107.000000
14106.000000
14107.000000
14089.000000
14057.000000
14061.000000
14067.000000
14061.000000
14062.000000
14096.000000
14067.000000
14054.000000
14010.000000
13963.000000
13991.000000
13983.000000
14007.000000
14036.000000
14015.000000
14032.000000
14045.000000
14040.000000
14073.000000
14063.000000
14050.000000
14041.000000
14034.000000
13972.000000
13948.000000
13971.000000
13928.000000
13932.000000
13995.000000
14045.000000
14035.000000
14030.000000
14021.000000
14075.000000
14096.000000
14094.000000
14089.000000
14044.000000
14048.000000
14045.000000
14018.000000
14027.000000
14090.000000
14089.000000
14092.000000
14097.000000
14142.000000
14128.000000
14197.000000
14216.000000
14251.000000
14275.000000
14286.000000
14268.000000
14281.000000
14255.000000
14267.000000
14268.000000
14268.000000
14268.000000
14276.000000
14266.000000
14285.000000
14305.000000
14334.000000
14339.000000
14346.000000
14347.000000
14372.000000
14422.000000
14433.000000
14489.000000
14494.000000
14475.000000
14467.000000
14497.000000
14457.000000
14528.000000
14524.000000
14534.000000
14528.000000
14538.000000
14554.000000
14599.000000
14576.000000
14584.000000
14576.000000
14580.000000
14575.000000
14565.000000
14539.000000
14573.000000
14579.000000
14571.000000
14568.000000
14573.000000
14584.000000
14582.000000
14556.000000
14570.000000
14561.000000
14549.000000
14550.000000
14519.000000
14511.000000
14539.000000
14522.000000
14491.000000
14496.000000
14453.000000
14422.000000
14414.000000
14449.000000
14465.000000
14472.000000
14469.000000
14450.000000
14494.000000
14492.000000
14484.000000
14470.000000
14474.000000
14484.000000
14461.000000
14493.000000
14435.000000
14445.000000
14425.000000
14431.000000
14465.000000
14481.000000
14465.000000
14392.000000
14351.000000
14394.000000
14422.000000
14416.000000
14355.000000
14376.000000
14374.000000
14367.000000
14347.000000
14350.000000
14353.000000
14392.000000
14440.000000
14460.000000
14458.000000
14456.000000
14465.000000
14472.000000
14454.000000
14454.000000
14529.000000
14543.000000
14551.000000
14574.000000
14601.000000
14592.000000
14637.000000
14620.000000
14616.000000
14613.000000
14616.000000
14617.000000
14612.000000
14595.000000
14540.000000
14545.000000
14541.000000
14526.000000
14524.000000
14498.000000
14493.000000
14467.000000
14503.000000
14517.000000
14492.000000
14486.000000
14473.000000
14521.000000
14510.000000
14531.000000
14544.000000
14557.000000
14557.000000
14592.000000
14607.000000
14617.000000
14613.000000
14607.000000
14615.000000
14664.000000
14676.000000
14705.000000
14709.000000
14650.000000
14643.000000
14643.000000
14634.000000
14596.000000
14581.000000
14552.000000
14564.000000
14553.000000
14544.000000
14560.000000
14585.000000
14563.000000
14540.000000
14530.000000
14512.000000
14500.000000
14507.000000
14576.000000
14565.000000
14569.000000
14576.000000
14593.000000
14605.000000
14595.000000
14613.000000
14627.000000
14628.000000
14607.000000
14601.000000
14616.000000
14614.000000
14599.000000
14531.000000
14529.000000
14494.000000
14496.000000
14472.000000
14452.000000
14446.000000
14457.000000
14452.000000
14407.000000
14386.000000
14397.000000
14370.000000
14383.000000
14370.000000
14367.000000
14371.000000
14366.000000
14371.000000
14365.000000
14376.000000
14384.000000
14389.000000
14382.000000
14423.000000
14317.000000
14267.000000
14267.000000
14236.000000
14226.000000
14231.000000
14208.000000
14166.000000
14088.000000
14102.000000
14084.000000
14088.000000
14106.000000
14090.000000
14088.000000
14129.000000
14119.000000
14022.000000
14006.000000
13998.000000
14036.000000
14044.000000
13943.000000
13837.000000
13791.000000
13806.000000
13822.000000
13843.000000
13849.000000
13775.000000
13659.000000
13560.000000
13559.000000
13562.000000
13576.000000
13560.000000
13572.000000
13648.000000
13558.000000
13493.000000
13493.000000
13521.000000
13512.000000
13510.000000
13474.000000
13485.000000
13556.000000
13530.000000
13519.000000
13515.000000
13457.000000
13511.000000
13492.000000
13473.000000
13498.000000
13541.000000
13577.000000
13604.000000
13571.000000
13508.000000
13433.000000
13357.000000
13360.000000
13439.000000
13457.000000
13466.000000
13368.000000
13288.000000
13334.000000
13285.000000
13328.000000
13309.000000
13376.000000
13368.000000
13368.000000
13396.000000
13372.000000
13414.000000
13480.000000
13490.000000
13510.000000
13503.000000
13465.000000
13494.000000
13509.000000
13556.000000
13568.000000
13545.000000
13529.000000
13508.000000
13601.000000
13618.000000
13545.000000
13665.000000
13675.000000
13613.000000
13616.000000
13584.000000
13556.000000
13541.000000
13450.000000
13279.000000
13156.000000
13151.000000
13145.000000
13160.000000
13128.000000
13079.000000
13082.000000
13057.000000
13079.000000
13016.000000
13006.000000
13055.000000
13125.000000
13105.000000
13083.000000
13165.000000
13176.000000
13164.000000
13128.000000
13200.000000
13220.000000
13207.000000
13162.000000
13131.000000
13093.000000
13120.000000
13115.000000
13109.000000
13195.000000
13200.000000
13187.000000
13161.000000
13174.000000
13180.000000
13178.000000
13196.000000
13219.000000
13271.000000
13266.000000
13258.000000
13254.000000
13252.000000
13268.000000
13262.000000
13279.000000
13316.000000
13319.000000
13321.000000
13338.000000
13403.000000
13416.000000
13420.000000
13387.000000
13370.000000
13309.000000
13300.000000
13305.000000
13294.000000
13258.000000
13262.000000
13245.000000
13256.000000
13225.000000
13201.000000
13192.000000
13177.000000
13133.000000
13117.000000
13132.000000
13080.000000
13080.000000
12998.000000
13013.000000
13018.000000
13040.000000
13022.000000
13105.000000
13185.000000
13163.000000
13111.000000
13144.000000
13167.000000
13146.000000
13096.000000
13137.000000
13123.000000
13076.000000
13093.000000
13117.000000
13124.000000
13107.000000
13086.000000
13013.000000
13025.000000
13092.000000
13102.000000
13076.000000
12991.000000
12961.000000
12954.000000
12888.000000
12866.000000
12900.000000
12959.000000
12931.000000
12975.000000
13013.000000
13031.000000
13023.000000
13037.000000
13040.000000
13013.000000
12956.000000
12989.000000
12984.000000
13017.000000
13038.000000
13040.000000
13066.000000
13143.000000
13134.000000
13124.000000
13136.000000
13158.000000
13208.000000
13213.000000
13163.000000
13200.000000
13232.000000
13229.000000
13231.000000
13235.000000
13198.000000
13348.000000
13365.000000
13266.000000
13230.000000
13219.000000
13196.000000
13191.000000
13183.000000
13198.000000
13184.000000
13168.000000
13143.000000
13141.000000
13139.000000
13188.000000
13184.000000
13145.000000
13155.000000
13164.000000
13168.000000
13245.000000
13344.000000
13288.000000
13310.000000
13303.000000
13307.000000
13300.000000
13341.000000
13329.000000
13271.000000
13184.000000
13171.000000
13150.000000
13134.000000
13136.000000
13120.000000
13127.000000
13118.000000
13154.000000
13150.000000
13154.000000
13118.000000
13067.000000
13055.000000
13017.000000
13025.000000
13070.000000
13051.000000
13054.000000
13016.000000
13000.000000
13010.000000
13029.000000
13021.000000
12978.000000
12986.000000
12965.000000
12976.000000
12969.000000
12946.000000
12944.000000
12892.000000
12795.000000
12765.000000
12721.000000
12715.000000
12649.000000
12703.000000
12688.000000
12724.000000
12803.000000
12843.000000
12826.000000
12818.000000
12818.000000
12837.000000
12792.000000
12781.000000
12721.000000
12686.000000
12691.000000
12673.000000
12772.000000
12826.000000
12843.000000
12843.000000
12767.000000
12778.000000
12883.000000
12873.000000
12815.000000
12822.000000
12856.000000
12885.000000
12915.000000
12899.000000
12892.000000
12867.000000
12872.000000
12862.000000
12854.000000
12876.000000
12948.000000
12906.000000
12830.000000
12867.000000
12859.000000
12863.000000
12848.000000
12830.000000
12787.000000
12791.000000
12770.000000
12766.000000
12762.000000
12779.000000
12760.000000
12887.000000
12892.000000
12891.000000
12864.000000
12863.000000
12872.000000
12871.000000
12855.000000
12807.000000
12645.000000
12667.000000
12653.000000
12563.000000
12484.000000
12528.000000
12439.000000
12460.000000
12492.000000
12535.000000
12555.000000
12534.000000
12607.000000
12617.000000
12564.000000
12566.000000
12568.000000
12552.000000
12520.000000
12653.000000
12622.000000
12562.000000
12595.000000
12577.000000
12576.000000
12613.000000
12656.000000
12608.000000
12592.000000
12607.000000
12670.000000
12670.000000
12630.000000
12648.000000
12630.000000
12679.000000
12712.000000
12709.000000
12740.000000
12740.000000
12785.000000
12812.000000
12824.000000
12791.000000
12793.000000
12819.000000
12854.000000
12832.000000
12845.000000
12844.000000
12846.000000
12853.000000
12861.000000
12846.000000
12864.000000
12870.000000
12865.000000
12837.000000
12832.000000
12834.000000
12822.000000
12840.000000
12834.000000
12859.000000
13006.000000
12954.000000
12959.000000
12955.000000
12997.000000
13001.000000
12983.000000
12965.000000
12981.000000
12976.000000
12956.000000
12947.000000
12879.000000
12859.000000
12866.000000
12850.000000
12836.000000
12848.000000
12894.000000
12910.000000
12920.000000
12914.000000
12902.000000
12898.000000
12853.000000
12842.000000
12862.000000
12898.000000
12884.000000
12846.000000
12831.000000
12767.000000
12761.000000
12744.000000
12737.000000
12740.000000
12751.000000
12749.000000
12760.000000
12755.000000
12742.000000
12756.000000
12747.000000
12815.000000
12864.000000
12898.000000
12928.000000
12921.000000
12903.000000
12855.000000
12797.000000
12848.000000
12852.000000
12846.000000
12844.000000
12835.000000
12836.000000
12833.000000
12808.000000
12812.000000
12814.000000
12794.000000
12785.000000
12850.000000
12733.000000
12743.000000
12779.000000
12786.000000
12808.000000
12802.000000
12803.000000
12774.000000
12721.000000
12760.000000
12775.000000
12795.000000
12785.000000
12786.000000
12749.000000
12777.000000
12739.000000
12686.000000
12685.000000
12637.000000
12597.000000
12557.000000
12476.000000
12564.000000
12563.000000
12536.000000
12583.000000
12594.000000
12589.000000
12616.000000
12610.000000
12633.000000
12640.000000
12642.000000
12634.000000
12609.000000
12667.000000
12756.000000
12760.000000
12720.000000
12732.000000
12754.000000
12789.000000
12841.000000
12867.000000
12843.000000
12836.000000
12832.000000
12850.000000
12837.000000
12874.000000
12871.000000
12873.000000
12907.000000
12920.000000
12940.000000
12963.000000
13014.000000
13054.000000
13053.000000
13031.000000
13044.000000
13043.000000
12975.000000
12961.000000
12968.000000
12969.000000
12939.000000
12901.000000
12885.000000
12855.000000
12874.000000
12880.000000
12874.000000
12866.000000
12855.000000
12868.000000
12877.000000
12927.000000
12888.000000
12943.000000
12976.000000
12968.000000
13022.000000
13091.000000
13356.000000
13322.000000
13283.000000
13294.000000
13307.000000
13335.000000
13319.000000
13439.000000
13408.000000
13424.000000
13416.000000
13416.000000
13401.000000
13386.000000
13388.000000
13349.000000
13364.000000
13351.000000
13263.000000
13265.000000
13236.000000
13290.000000
13293.000000
13296.000000
13223.000000
13214.000000
13215.000000
13201.000000
13210.000000
13208.000000
13208.000000
13217.000000
13273.000000
13355.000000
13337.000000
13315.000000
13216.000000
13220.000000
13250.000000
13223.000000
13281.000000
13228.000000
13234.000000
13252.000000
13262.000000
13250.000000
13206.000000
13254.000000
13212.000000
13217.000000
13206.000000
13205.000000
13210.000000
13197.000000
13191.000000
13253.000000
13287.000000
13315.000000
13303.000000
13301.000000
13329.000000
13359.000000
13297.000000
13288.000000
13250.000000
13200.000000
13186.000000
13180.000000
13168.000000
13196.000000
13155.000000
13150.000000
13164.000000
13170.000000
13163.000000
13193.000000
13217.000000
13244.000000
13312.000000
13311.000000
13331.000000
13310.000000
13295.000000
13286.000000
13226.000000
13238.000000
13235.000000
13199.000000
13228.000000
13229.000000
13182.000000
13185.000000
13199.000000
13191.000000
13183.000000
13188.000000
13187.000000
13183.000000
13173.000000
13196.000000
13183.000000
13122.000000
13147.000000
13116.000000
13131.000000
13136.000000
13111.000000
13118.000000
13113.000000
13088.000000
13213.000000
13157.000000
13140.000000
13144.000000
13173.000000
13173.000000
13164.000000
13160.000000
13143.000000
13129.000000
13146.000000
13149.000000
13191.000000
13181.000000
13201.000000
13169.000000
13153.000000
13121.000000
13202.000000
13252.000000
13228.000000
13210.000000
13200.000000
13233.000000
13225.000000
13220.000000
13220.000000
13238.000000
13233.000000
13158.000000
13156.000000
13163.000000
13180.000000
13193.000000
13256.000000
13243.000000
13301.000000
13296.000000
13333.000000
13333.000000
13345.000000
13395.000000
13392.000000
13396.000000
13383.000000
13365.000000
13366.000000
13379.000000
13394.000000
13396.000000
13415.000000
13446.000000
13454.000000
13448.000000
13495.000000
13510.000000
13505.000000
13495.000000
13499.000000
13517.000000
13548.000000
13525.000000
13496.000000
13492.000000
13493.000000
13475.000000
13446.000000
13450.000000
13475.000000
13542.000000
13539.000000
13544.000000
13536.000000
13566.000000
13558.000000
13522.000000
13558.000000
13544.000000
13478.000000
13467.000000
13484.000000
13485.000000
13450.000000
13428.000000
13423.000000
13435.000000
13430.000000
13432.000000
13422.000000
13425.000000
13418.000000
13392.000000
13373.000000
13414.000000
13415.000000
13462.000000
13479.000000
13458.000000
13502.000000
13496.000000
13462.000000
13445.000000
13416.000000
13430.000000
13425.000000
13430.000000
13423.000000
13439.000000
13460.000000
13469.000000
13434.000000
13453.000000
13487.000000
13487.000000
13483.000000
13507.000000
13519.000000
13543.000000
13609.000000
13617.000000
13626.000000
13629.000000
13640.000000
13624.000000
13665.000000
13646.000000
13642.000000
13630.000000
13637.000000
13644.000000
13639.000000
13718.000000
13707.000000
13717.000000
13789.000000
13759.000000
13733.000000
13717.000000
13695.000000
13678.000000
13677.000000
13660.000000
13650.000000
13659.000000
13668.000000
13673.000000
13676.000000
13676.000000
13681.000000
13680.000000
13674.000000
13678.000000
13688.000000
13656.000000
13653.000000
13672.000000
13676.000000
13629.000000
13651.000000
13612.000000
13601.000000
13615.000000
13601.000000
13634.000000
13615.000000
13625.000000
13607.000000
13616.000000
13618.000000
13624.000000
13642.000000
13662.000000
13714.000000
13668.000000
13635.000000
13678.000000
13684.000000
13724.000000
13742.000000
13729.000000
13713.000000
13672.000000
13657.000000
13647.000000
13647.000000
13683.000000
13655.000000
13646.000000
13665.000000
13660.000000
13655.000000
13645.000000
13673.000000
13646.000000
13637.000000
13592.000000
13576.000000
13559.000000
13579.000000
13572.000000
13566.000000
13541.000000
13536.000000
13540.000000
13540.000000
13528.000000
13532.000000
13520.000000
13513.000000
13515.000000
13517.000000
13505.000000
13568.000000
13576.000000
13578.000000
13564.000000
13563.000000
13695.000000
13680.000000
13681.000000
13712.000000
13698.000000
13715.000000
13712.000000
13722.000000
13722.000000
13760.000000
13764.000000
13764.000000
13769.000000
13775.000000
13770.000000
13795.000000
13763.000000
13692.000000
13694.000000
13692.000000
13724.000000
13759.000000
13731.000000
13736.000000
13709.000000
13698.000000
13717.000000
13682.000000
13663.000000
13665.000000
13687.000000
13667.000000
13667.000000
13671.000000
13676.000000
13681.000000
13712.000000
13794.000000
13783.000000
13806.000000
13798.000000
13764.000000
13782.000000
13783.000000
13792.000000
13811.000000
13828.000000
13855.000000
13871.000000
13882.000000
13870.000000
13861.000000
13870.000000
13864.000000
13856.000000
13853.000000
13850.000000
13865.000000
13856.000000
13819.000000
13813.000000
13805.000000
13800.000000
13783.000000
13811.000000
13814.000000
13849.000000
13860.000000
13858.000000
13855.000000
13867.000000
13852.000000
13840.000000
13849.000000
13860.000000
13859.000000
13850.000000
13845.000000
13851.000000
13877.000000
13947.000000
13932.000000
13903.000000
13910.000000
13884.000000
13862.000000
13891.000000
13926.000000
13926.000000
13956.000000
13970.000000
13943.000000
13923.000000
13956.000000
13938.000000
13946.000000
13945.000000
13951.000000
13963.000000
13956.000000
13928.000000
13894.000000
13862.000000
13819.000000
13792.000000
13767.000000
13708.000000
13700.000000
13644.000000
13670.000000
13679.000000
13706.000000
13693.000000
13659.000000
13642.000000
13652.000000
13645.000000
13647.000000
13649.000000
13647.000000
13656.000000
13695.000000
13691.000000
13736.000000
13778.000000
13730.000000
13737.000000
13701.000000
13688.000000
13718.000000
13719.000000
13698.000000
13704.000000
13714.000000
13695.000000
13684.000000
13667.000000
13661.000000
13664.000000
13649.000000
13644.000000
13647.000000
13658.000000
13638.000000
13642.000000
13618.000000
13624.000000
13633.000000
13644.000000
13591.000000
13568.000000
13567.000000
13563.000000
13548.000000
13540.000000
13527.000000
13503.000000
13504.000000
13529.000000
13524.000000
13512.000000
13504.000000
13487.000000
13510.000000
13338.000000
13314.000000
13353.000000
13319.000000
13286.000000
13267.000000
13238.000000
13245.000000
13249.000000
13250.000000
13203.000000
13217.000000
13245.000000
13242.000000
13244.000000
13240.000000
13236.000000
13216.000000
13223.000000
13275.000000
13296.000000
13280.000000
13272.000000
13236.000000
13240.000000
13261.000000
13270.000000
13213.000000
13211.000000
13215.000000
13172.000000
13164.000000
13146.000000
13161.000000
13132.000000
13121.000000
13103.000000
13138.000000
13143.000000
13159.000000
13214.000000
13197.000000
13195.000000
13186.000000
13219.000000
13218.000000
13215.000000
13235.000000
13239.000000
13235.000000
13192.000000
13196.000000
13210.000000
13200.000000
13216.000000
13230.000000
13237.000000
13244.000000
13271.000000
13279.000000
13370.000000
13367.000000
13337.000000
13311.000000
13263.000000
13301.000000
13281.000000
13278.000000
13313.000000
13310.000000
13279.000000
13307.000000
13303.000000
13347.000000
13329.000000
13339.000000
13342.000000
13335.000000
13335.000000
13332.000000
13327.000000
13341.000000
13374.000000
13313.000000
13268.000000
13242.000000
13277.000000
13291.000000
13342.000000
13237.000000
13011.000000
12974.000000
12977.000000
12933.000000
12904.000000
12847.000000
12796.000000
12741.000000
12770.000000
12787.000000
12795.000000
12794.000000
12841.000000
12855.000000
12839.000000
12814.000000
12815.000000
12835.000000
12886.000000
12912.000000
12939.000000
12903.000000
12938.000000
12938.000000
12933.000000
12943.000000
12905.000000
12929.000000
12950.000000
12935.000000
12958.000000
12982.000000
12966.000000
12962.000000
13066.000000
13105.000000
13144.000000
13149.000000
13142.000000
13154.000000
13076.000000
13018.000000
12980.000000
12948.000000
12929.000000
12932.000000
12955.000000
12925.000000
12973.000000
12998.000000
13010.000000
13034.000000
13039.000000
13039.000000
13053.000000
13027.000000
12946.000000
12914.000000
12935.000000
12957.000000
12970.000000
12984.000000
12940.000000
12877.000000
12859.000000
12867.000000
12838.000000
12854.000000
12814.000000
12774.000000
12761.000000
12751.000000
12750.000000
12754.000000
12773.000000
12775.000000
12752.000000
12715.000000
12690.000000
12689.000000
12715.000000
12715.000000
12693.000000
12681.000000
12662.000000
12667.000000
12727.000000
12758.000000
12784.000000
12777.000000
12788.000000
12782.000000
12766.000000
12773.000000
12788.000000
12795.000000
12785.000000
12795.000000
12839.000000
12820.000000
12828.000000
12816.000000
12903.000000
12968.000000
13029.000000
13055.000000
13044.000000
12786.000000
12749.000000
12706.000000
12686.000000
12720.000000
12644.000000
12644.000000
12649.000000
12654.000000
12641.000000
12719.000000
12722.000000
12712.000000
12764.000000
12778.000000
12728.000000
12754.000000
12795.000000
12792.000000
12781.000000
12768.000000
12760.000000
12755.000000
12764.000000
12827.000000
12830.000000
12795.000000
12788.000000
12764.000000
12756.000000
12770.000000
12898.000000
12820.000000
12884.000000
12929.000000
12885.000000
12899.000000
12913.000000
12915.000000
12919.000000
12883.000000
12838.000000
12849.000000
12839.000000
12807.000000
12800.000000
12728.000000
12742.000000
12717.000000
12737.000000
12754.000000
12781.000000
12807.000000
12866.000000
12862.000000
12832.000000
12840.000000
12825.000000
12885.000000
12908.000000
12959.000000
12925.000000
12961.000000
12985.000000
12993.000000
12986.000000
12997.000000
12993.000000
12987.000000
12977.000000
12995.000000
13027.000000
13039.000000
13009.000000
12926.000000
12931.000000
12902.000000
12895.000000
12918.000000
12816.000000
12919.000000
12949.000000
12871.000000
12852.000000
12858.000000
12870.000000
12858.000000
12909.000000
12899.000000
12913.000000
12912.000000
12932.000000
12933.000000
12929.000000
13023.000000
13122.000000
13116.000000
13102.000000
13097.000000
13125.000000
13109.000000
13123.000000
13105.000000
13097.000000
13116.000000
13120.000000
13138.000000
13122.000000
13199.000000
13200.000000
13199.000000
13199.000000
13190.000000
13192.000000
13194.000000
13268.000000
13311.000000
13322.000000
13310.000000
13311.000000
13338.000000
13446.000000
13440.000000
13409.000000
13403.000000
13418.000000
13415.000000
13420.000000
13408.000000
13427.000000
13418.000000
13401.000000
13404.000000
13392.000000
13412.000000
13454.000000
13469.000000
13465.000000
13450.000000
13502.000000
13526.000000
13582.000000
13326.000000
13287.000000
13227.000000
13221.000000
13226.000000
13199.000000
13153.000000
13091.000000
13083.000000
13100.000000
13115.000000
13113.000000
13099.000000
13107.000000
13149.000000
13194.000000
13197.000000
13176.000000
13158.000000
13126.000000
13064.000000
13062.000000
13061.000000
13073.000000
13085.000000
13098.000000
13047.000000
13072.000000
13071.000000
13076.000000
13074.000000
13078.000000
13069.000000
13052.000000
13050.000000
13061.000000
13113.000000
13113.000000
13087.000000
13069.000000
13047.000000
13019.000000
13020.000000
13055.000000
12983.000000
12986.000000
13022.000000
12982.000000
12956.000000
12906.000000
12886.000000
12875.000000
12900.000000
12857.000000
12859.000000
12870.000000
12835.000000
12750.000000
12760.000000
12798.000000
12823.000000
12819.000000
12817.000000
12785.000000
12792.000000
12804.000000
12754.000000
12743.000000
12734.000000
12703.000000
12680.000000
12723.000000
12739.000000
12794.000000
12880.000000
12891.000000
12867.000000
12867.000000
12863.000000
12898.000000
12900.000000
12942.000000
12912.000000
12917.000000
12917.000000
12918.000000
12927.000000
12927.000000
12961.000000
12845.000000
12785.000000
12745.000000
12755.000000
12734.000000
12737.000000
12711.000000
12726.000000
12730.000000
12672.000000
12629.000000
12679.000000
12661.000000
12676.000000
12664.000000
12657.000000
12658.000000
12658.000000
12685.000000
12669.000000
12660.000000
12679.000000
12705.000000
12707.000000
12701.000000
12723.000000
12739.000000
12776.000000
12814.000000
12821.000000
12813.000000
12882.000000
12850.000000
12613.000000
12570.000000
12513.000000
12525.000000
12527.000000
12544.000000
12574.000000
12606.000000
12744.000000
12803.000000
12772.000000
12728.000000
12739.000000
12745.000000
12728.000000
12626.000000
12597.000000
12614.000000
12606.000000
12609.000000
12661.000000
12641.000000
12629.000000
12627.000000
12604.000000
12584.000000
12591.000000
12612.000000
12576.000000
12523.000000
12449.000000
12402.000000
12263.000000
12314.000000
12382.000000
12354.000000
12348.000000
12338.000000
12350.000000
12336.000000
12346.000000
12340.000000
12278.000000
12305.000000
12287.000000
12264.000000
12235.000000
12244.000000
12373.000000
12357.000000
12364.000000
12308.000000
12313.000000
12333.000000
12363.000000
12392.000000
12335.000000
12281.000000
12262.000000
12265.000000
12282.000000
12232.000000
12319.000000
12339.000000
12339.000000
12333.000000
12330.000000
12333.000000
12418.000000
12435.000000
12415.000000
12302.000000
12348.000000
12360.000000
12374.000000
12330.000000
12315.000000
12307.000000
12101.000000
12090.000000
12126.000000
12124.000000
12108.000000
12175.000000
12153.000000
12061.000000
12029.000000
12047.000000
12053.000000
12086.000000
12078.000000
12030.000000
12011.000000
12150.000000
12075.000000
12117.000000
12149.000000
12196.000000
12255.000000
12290.000000
12294.000000
12285.000000
12340.000000
12319.000000
12318.000000
12303.000000
12287.000000
12288.000000
12307.000000
12305.000000
12218.000000
12192.000000
12065.000000
12108.000000
12086.000000
12101.000000
12062.000000
12040.000000
11985.000000
12042.000000
12036.000000
11998.000000
11985.000000
12028.000000
12026.000000
12038.000000
12031.000000
12023.000000
12004.000000
11967.000000
11996.000000
12083.000000
12148.000000
12155.000000
12138.000000
12118.000000
12047.000000
12097.000000
12118.000000
12108.000000
12158.000000
12084.000000
12073.000000
12051.000000
12025.000000
11985.000000
11906.000000
11968.000000
11964.000000
11952.000000
11948.000000
12008.000000
12056.000000
12033.000000
11993.000000
12044.000000
12077.000000
12120.000000
12162.000000
12190.000000
12246.000000
12246.000000
12237.000000
12244.000000
12292.000000
12285.000000
12248.000000
12357.000000
12367.000000
12347.000000
12397.000000
12429.000000
12424.000000
12411.000000
12477.000000
12529.000000
12597.000000
12627.000000
12603.000000
12603.000000
12617.000000
12656.000000
12696.000000
12689.000000
12652.000000
12651.000000
12672.000000
12667.000000
12644.000000
12651.000000
12644.000000
12640.000000
12637.000000
12643.000000
12644.000000
12683.000000
12643.000000
12616.000000
12611.000000
12619.000000
12580.000000
12569.000000
12550.000000
12565.000000
12626.000000
12655.000000
12635.000000
12683.000000
12618.000000
12721.000000
12721.000000
12710.000000
12715.000000
12708.000000
12717.000000
12697.000000
12666.000000
12633.000000
12573.000000
12510.000000
12531.000000
12551.000000
12553.000000
12513.000000
12518.000000
12527.000000
12527.000000
12502.000000
12492.000000
12444.000000
12456.000000
12483.000000
12503.000000
12495.000000
12481.000000
12464.000000
12475.000000
12494.000000
12483.000000
12510.000000
12501.000000
12507.000000
12515.000000
12424.000000
12363.000000
12356.000000
12299.000000
12279.000000
12273.000000
12266.000000
12255.000000
12233.000000
12243.000000
12225.000000
12222.000000
12228.000000
12222.000000
12203.000000
12309.000000
12279.000000
12359.000000
12375.000000
12388.000000
12428.000000
12429.000000
12376.000000
12322.000000
12311.000000
12361.000000
12342.000000
12360.000000
12325.000000
12333.000000
12279.000000
12271.000000
12261.000000
12263.000000
12295.000000
12275.000000
12246.000000
12195.000000
12197.000000
12224.000000
12280.000000
12238.000000
12219.000000
12274.000000
12298.000000
12289.000000
12286.000000
12185.000000
12210.000000
12202.000000
12174.000000
12176.000000
12224.000000
12251.000000
12294.000000
12252.000000
12251.000000
12314.000000
12319.000000
12292.000000
12282.000000
12248.000000
12238.000000
12229.000000
12239.000000
12225.000000
12230.000000
12212.000000
12210.000000
12210.000000
12182.000000
12178.000000
12171.000000
12187.000000
12176.000000
12230.000000
12264.000000
12308.000000
12301.000000
12390.000000
12400.000000
12156.000000
12265.000000
12481.000000
12475.000000
12513.000000
12503.000000
12512.000000
12485.000000
12495.000000
12567.000000
12611.000000
12643.000000
12638.000000
12624.000000
12628.000000
12606.000000
12517.000000
12467.000000
12541.000000
12554.000000
12630.000000
12699.000000
12564.000000
12530.000000
12455.000000
12455.000000
12448.000000
12423.000000
12383.000000
12423.000000
12448.000000
12445.000000
12446.000000
12438.000000
12486.000000
12481.000000
12528.000000
12527.000000
12539.000000
12579.000000
12614.000000
12638.000000
12737.000000
12731.000000
12688.000000
12681.000000
12671.000000
12678.000000
12665.000000
12752.000000
12723.000000
12694.000000
12777.000000
12854.000000
12841.000000
12835.000000
12862.000000
12877.000000
12834.000000
12828.000000
12869.000000
12944.000000
12951.000000
12924.000000
12870.000000
12847.000000
12849.000000
12839.000000
12838.000000
12835.000000
12932.000000
12965.000000
12948.000000
12927.000000
12911.000000
12909.000000
12867.000000
12842.000000
12790.000000
12826.000000
12827.000000
12810.000000
12786.000000
12798.000000
12817.000000
12792.000000
12777.000000
12725.000000
12754.000000
12758.000000
12738.000000
12701.000000
12703.000000
12705.000000
12740.000000
12779.000000
12743.000000
12722.000000
12709.000000
12691.000000
12721.000000
12728.000000
12776.000000
12780.000000
12839.000000
12806.000000
12775.000000
12725.000000
12708.000000
12711.000000
12693.000000
12669.000000
12665.000000
12671.000000
12675.000000
12649.000000
12645.000000
12674.000000
12713.000000
12618.000000
12611.000000
12620.000000
12642.000000
12620.000000
12769.000000
12796.000000
12777.000000
12803.000000
12835.000000
12842.000000
12864.000000
12869.000000
12943.000000
12912.000000
12873.000000
12865.000000
12866.000000
12859.000000
12879.000000
12951.000000
12842.000000
12873.000000
12926.000000
12995.000000
13023.000000
13042.000000
13003.000000
13009.000000
13013.000000
12983.000000
12997.000000
13001.000000
12948.000000
12972.000000
12966.000000
12931.000000
12955.000000
12962.000000
12964.000000
13006.000000
13015.000000
13004.000000
12901.000000
12878.000000
12874.000000
12855.000000
13017.000000
13045.000000
13093.000000
13092.000000
13075.000000
13079.000000
13117.000000
13102.000000
13067.000000
13092.000000
13105.000000
13097.000000
13082.000000
13089.000000
13084.000000
13133.000000
13168.000000
13159.000000
13154.000000
13149.000000
13111.000000
13145.000000
13208.000000
13237.000000
13237.000000
13193.000000
13205.000000
13172.000000
13163.000000
13230.000000
13196.000000
13179.000000
13180.000000
13192.000000
13205.000000
13212.000000
13205.000000
13200.000000
13177.000000
13142.000000
13118.000000
13207.000000
13252.000000
13280.000000
13268.000000
13232.000000
13253.000000
13227.000000
13228.000000
13174.000000
13165.000000
13203.000000
13195.000000
13178.000000
13169.000000
13158.000000
13137.000000
13150.000000
13135.000000
13157.000000
13168.000000
13173.000000
13254.000000
13252.000000
13271.000000
13291.000000
13321.000000
13344.000000
13348.000000
13373.000000
13350.000000
13335.000000
13334.000000
13341.000000
13334.000000
13337.000000
13321.000000
13313.000000
13304.000000
13293.000000
13289.000000
13309.000000
13294.000000
13307.000000
13327.000000
13326.000000
13303.000000
13293.000000
13307.000000
13287.000000
13284.000000
13323.000000
13350.000000
13375.000000
13378.000000
13369.000000
13394.000000
13395.000000
13381.000000
13441.000000
13413.000000
13447.000000
13459.000000
13456.000000
13463.000000
13441.000000
13345.000000
13370.000000
13396.000000
13396.000000
13395.000000
13381.000000
13370.000000
13414.000000
13418.000000
13419.000000
13436.000000
13430.000000
13436.000000
13422.000000
13403.000000
13419.000000
13381.000000
13366.000000
13364.000000
13366.000000
13339.000000
13329.000000
13324.000000
13307.000000
13322.000000
13376.000000
13301.000000
13166.000000
13161.000000
13193.000000
13193.000000
13199.000000
13202.000000
13216.000000
13199.000000
13193.000000
13214.000000
13209.000000
13191.000000
13141.000000
13144.000000
13106.000000
13152.000000
13158.000000
13167.000000
13166.000000
13164.000000
13167.000000
13146.000000
13142.000000
13151.000000
13156.000000
13161.000000
13190.000000
13210.000000
13233.000000
13230.000000
13264.000000
13326.000000
13367.000000
13415.000000
13422.000000
13476.000000
13564.000000
13547.000000
13488.000000
13493.000000
13474.000000
13516.000000
13522.000000
13510.000000
13458.000000
13470.000000
13461.000000
13474.000000
13477.000000
13491.000000
13482.000000
13481.000000
13553.000000
13613.000000
13620.000000
13632.000000
13605.000000
13607.000000
13586.000000
13566.000000
13564.000000
13544.000000
13552.000000
13592.000000
13589.000000
13567.000000
13610.000000
13602.000000
13593.000000
13580.000000
13581.000000
13562.000000
13575.000000
13567.000000
13566.000000
13600.000000
13594.000000
13608.000000
13603.000000
13629.000000
13652.000000
13703.000000
13721.000000
13713.000000
13714.000000
13651.000000
13701.000000
13650.000000
13675.000000
13694.000000
13688.000000
13686.000000
13688.000000
13692.000000
13664.000000
13663.000000
13697.000000
13642.000000
13629.000000
13647.000000
13652.000000
13652.000000
13656.000000
13712.000000
13711.000000
13698.000000
13684.000000
13654.000000
13645.000000
13623.000000
13624.000000
13616.000000
13619.000000
13618.000000
13631.000000
13629.000000
13648.000000
13693.000000
13687.000000
13704.000000
13710.000000
13701.000000
14161.000000
14102.000000
14174.000000
14192.000000
14176.000000
14157.000000
14158.000000
14202.000000
14202.000000
14217.000000
14221.000000
14235.000000
14223.000000
14249.000000
14300.000000
14316.000000
14293.000000
14282.000000
14277.000000
14253.000000
14264.000000
14248.000000
14229.000000
14259.000000
14285.000000
14281.000000
14312.000000
14328.000000
14351.000000
14350.000000
14319.000000
14304.000000
14316.000000
14303.000000
14310.000000
14306.000000
14306.000000
14300.000000
14313.000000
14354.000000
14311.000000
14304.000000
14307.000000
14323.000000
14340.000000
14377.000000
14453.000000
14359.000000
14341.000000
14363.000000
14359.000000
14352.000000
14269.000000
14282.000000
14300.000000
14332.000000
14336.000000
14329.000000
14342.000000
14356.000000
14415.000000
14397.000000
14334.000000
14332.000000
14327.000000
14357.000000
14462.000000
14426.000000
14405.000000
14446.000000
14427.000000
14409.000000
14331.000000
14330.000000
14293.000000
14258.000000
14232.000000
14266.000000
14271.000000
14255.000000
14364.000000
14369.000000
14388.000000
14403.000000
14343.000000
14341.000000
14291.000000
14271.000000
14305.000000
14297.000000
14252.000000
14269.000000
14292.000000
14287.000000
14275.000000
14276.000000
14259.000000
14286.000000
14282.000000
14258.000000
14255.000000
14266.000000
14279.000000
14345.000000
14352.000000
14401.000000
14331.000000
14297.000000
14267.000000
14262.000000
14214.000000
14238.000000
14290.000000
14341.000000
14345.000000
14346.000000
14341.000000
14349.000000
14357.000000
14362.000000
14360.000000
14367.000000
14356.000000
14347.000000
14345.000000
14349.000000
14394.000000
14446.000000
14463.000000
14464.000000
14478.000000
14462.000000
14460.000000
14426.000000
14456.000000
14437.000000
14437.000000
14439.000000
14472.000000
14450.000000
14442.000000
14419.000000
14396.000000
14395.000000
14396.000000
14404.000000
14426.000000
14410.000000
14424.000000
14398.000000
14397.000000
14376.000000
14379.000000
14393.000000
14438.000000
14443.000000
14416.000000
14419.000000
14448.000000
14439.000000
14435.000000
14429.000000
14474.000000
14472.000000
14447.000000
14446.000000
14438.000000
14429.000000
14416.000000
14401.000000
14417.000000
14506.000000
14489.000000
14445.000000
14421.000000
14419.000000
14449.000000
14468.000000
14461.000000
14455.000000
14475.000000
14479.000000
14497.000000
14495.000000
14500.000000
14500.000000
14499.000000
14497.000000
14492.000000
14500.000000
14499.000000
14485.000000
14481.000000
14456.000000
14450.000000
14419.000000
14441.000000
14435.000000
14455.000000
14457.000000
14463.000000
14430.000000
14435.000000
14466.000000
14456.000000
14445.000000
14486.000000
14480.000000
14480.000000
14477.000000
14479.000000
14480.000000
14470.000000
14482.000000
14557.000000
14566.000000
14580.000000
14581.000000
14589.000000
14555.000000
14539.000000
14554.000000
14570.000000
14567.000000
14561.000000
14566.000000
14575.000000
14570.000000
14565.000000
14563.000000
14554.000000
14545.000000
14552.000000
14556.000000
14565.000000
14598.000000
14575.000000
14549.000000
14580.000000
14576.000000
14565.000000
14547.000000
14552.000000
14543.000000
14571.000000
14566.000000
14562.000000
14554.000000
14566.000000
14564.000000
14510.000000
14488.000000
14487.000000
14482.000000
14483.000000
14482.000000
14488.000000
14498.000000
14527.000000
14477.000000
14446.000000
14439.000000
14431.000000
14429.000000
14447.000000
14451.000000
14426.000000
14434.000000
14406.000000
14384.000000
14375.000000
14372.000000
14379.000000
14385.000000
14413.000000
14419.000000
14420.000000
14461.000000
14482.000000
14444.000000
14401.000000
14430.000000
14427.000000
14438.000000
14436.000000
14406.000000
14419.000000
14416.000000
14427.000000
14428.000000
14439.000000
14429.000000
14420.000000
14423.000000
14432.000000
14432.000000
14433.000000
14443.000000
14447.000000
14443.000000
14444.000000
14474.000000
14501.000000
14451.000000
14429.000000
14444.000000
14434.000000
14421.000000
14413.000000
14428.000000
14406.000000
14477.000000
14529.000000
14570.000000
14575.000000
14603.000000
14616.000000
14599.000000
14598.000000
14603.000000
14611.000000
14607.000000
14587.000000
14573.000000
14499.000000
14498.000000
14514.000000
14536.000000
14556.000000
14550.000000
14549.000000
14510.000000
14514.000000
14516.000000
14515.000000
14511.000000
14480.000000
14467.000000
14467.000000
14472.000000
14460.000000
14455.000000
14462.000000
14489.000000
14517.000000
14542.000000
14550.000000
14543.000000
14574.000000
14594.000000
14520.000000
14553.000000
14558.000000
14558.000000
14543.000000
14567.000000
14576.000000
14553.000000
14555.000000
14547.000000
14551.000000
14549.000000
14549.000000
14547.000000
14548.000000
14547.000000
14520.000000
14515.000000
14489.000000
14482.000000
14473.000000
14474.000000
14477.000000
14475.000000
14491.000000
14462.000000
14457.000000
14440.000000
14454.000000
14469.000000
14470.000000
14475.000000
14467.000000
14462.000000
14453.000000
14448.000000
14442.000000
14483.000000
14481.000000
14444.000000
14429.000000
14449.000000
14431.000000
14436.000000
14380.000000
14374.000000
14353.000000
14328.000000
14310.000000
14311.000000
14329.000000
14336.000000
14335.000000
14331.000000
14335.000000
14335.000000
14316.000000
14315.000000
14355.000000
14380.000000
14307.000000
14321.000000
14298.000000
14318.000000
14332.000000
14346.000000
14352.000000
14309.000000
14320.000000
14305.000000
14304.000000
14281.000000
14239.000000
14237.000000
14265.000000
14265.000000
14264.000000
14278.000000
14309.000000
14300.000000
14285.000000
14268.000000
14234.000000
14258.000000
14275.000000
14271.000000
14305.000000
14292.000000
14290.000000
14310.000000
14297.000000
14298.000000
14300.000000
14302.000000
14312.000000
14322.000000
14334.000000
14327.000000
14328.000000
14335.000000
14342.000000
14338.000000
14303.000000
14357.000000
14371.000000
14393.000000
14390.000000
14371.000000
14369.000000
14382.000000
14384.000000
14365.000000
14365.000000
14366.000000
14332.000000
14324.000000
14313.000000
14296.000000
14299.000000
14307.000000
14309.000000
14307.000000
14314.000000
14318.000000
14354.000000
14371.000000
14363.000000
14346.000000
14338.000000
14318.000000
14313.000000
14332.000000
14318.000000
14321.000000
14335.000000
14376.000000
14367.000000
14372.000000
14348.000000
14356.000000
14349.000000
14347.000000
14372.000000
14368.000000
14379.000000
14374.000000
14396.000000
14438.000000
14440.000000
14454.000000
14649.000000
14681.000000
14668.000000
14521.000000
14490.000000
14476.000000
14492.000000
14489.000000
14478.000000
14475.000000
14474.000000
14483.000000
14477.000000
14487.000000
14490.000000
14488.000000
14467.000000
14447.000000
14416.000000
14434.000000
14435.000000
14437.000000
14448.000000
14463.000000
14478.000000
14467.000000
14502.000000
14490.000000
14466.000000
14380.000000
14450.000000
14448.000000
14416.000000
14417.000000
14414.000000
14414.000000
14417.000000
14395.000000
14364.000000
14335.000000
14305.000000
14319.000000
14307.000000
14309.000000
14192.000000
14076.000000
14056.000000
14034.000000
13998.000000
14008.000000
14015.000000
14012.000000
14013.000000
14049.000000
14030.000000
14000.000000
14027.000000
14031.000000
14029.000000
14011.000000
13910.000000
13899.000000
13883.000000
14001.000000
14025.000000
14016.000000
14016.000000
14014.000000
14006.000000
14010.000000
14011.000000
14073.000000
14059.000000
14073.000000
14049.000000
14053.000000
14036.000000
14049.000000
14051.000000
14028.000000
14020.000000
14019.000000
13983.000000
13981.000000
13978.000000
14005.000000
14021.000000
14012.000000
13996.000000
13852.000000
13840.000000
13858.000000
13914.000000
13970.000000
13983.000000
13990.000000
13991.000000
14003.000000
13978.000000
13955.000000
13987.000000
13983.000000
13994.000000
14012.000000
14016.000000
14006.000000
13985.000000
14037.000000
14070.000000
14061.000000
14053.000000
14056.000000
14063.000000
14062.000000
14052.000000
14052.000000
14069.000000
14077.000000
14075.000000
14078.000000
14104.000000
14111.000000
14161.000000
14171.000000
14163.000000
14162.000000
14171.000000
14156.000000
14132.000000
14151.000000
14198.000000
14201.000000
14189.000000
14200.000000
14200.000000
14200.000000
14187.000000
14228.000000
14212.000000
14163.000000
14151.000000
14141.000000
14126.000000
14076.000000
13994.000000
13977.000000
13970.000000
13934.000000
13974.000000
14011.000000
14013.000000
14001.000000
14028.000000
14037.000000
14056.000000
14048.000000
14037.000000
14035.000000
14033.000000
14033.000000
14028.000000
14056.000000
14049.000000
14021.000000
14070.000000
13992.000000
14050.000000
14022.000000
14027.000000
14015.000000
14014.000000
14026.000000
14030.000000
14098.000000
14104.000000
14108.000000
14102.000000
14111.000000
14112.000000
14108.000000
14110.000000
14128.000000
14100.000000
14117.000000
14123.000000
14120.000000
14125.000000
14090.000000
14082.000000
14074.000000
14080.000000
14077.000000
14060.000000
14067.000000
14043.000000
14053.000000
14056.000000
14046.000000
14050.000000
14054.000000
14060.000000
14075.000000
14079.000000
14039.000000
14060.000000
14066.000000
14086.000000
14072.000000
14058.000000
14044.000000
13997.000000
14000.000000
14009.000000
13987.000000
13971.000000
13948.000000
13950.000000
13941.000000
13939.000000
13948.000000
13950.000000
13946.000000
13968.000000
13996.000000
14026.000000
14030.000000
14038.000000
14028.000000
14078.000000
14097.000000
14127.000000
14146.000000
14141.000000
14133.000000
14139.000000
14129.000000
14123.000000
14106.000000
14110.000000
14099.000000
14110.000000
14106.000000
14104.000000
14080.000000
14085.000000
14073.000000
14052.000000
14058.000000
14035.000000
14020.000000
13995.000000
14004.000000
13986.000000
13969.000000
13923.000000
13920.000000
13902.000000
13954.000000
13919.000000
13950.000000
13972.000000
13948.000000
13934.000000
13936.000000
13941.000000
13959.000000
14074.000000
14107.000000
14127.000000
14110.000000
14137.000000
14131.000000
14119.000000
14125.000000
14120.000000
14159.000000
14134.000000
14123.000000
14132.000000
14131.000000
14113.000000
14041.000000
14030.000000
14116.000000
14107.000000
14107.000000
14107.000000
14106.000000
14112.000000
14275.000000
14356.000000
14343.000000
14330.000000
14247.000000
14302.000000
14351.000000
14310.000000
14316.000000
14247.000000
14253.000000
14268.000000
14279.000000
14258.000000
14293.000000
14298.000000
14306.000000
14304.000000
14307.000000
14311.000000
14311.000000
14336.000000
14443.000000
14435.000000
14447.000000
14492.000000
14488.000000
14532.000000
14547.000000
14538.000000
14571.000000
14569.000000
14569.000000
14566.000000
14562.000000
14546.000000
14573.000000
14547.000000
14531.000000
14517.000000
14535.000000
14540.000000
14543.000000
14530.000000
14526.000000
14529.000000
14545.000000
14561.000000
14561.000000
14543.000000
14509.000000
14566.000000
14522.000000
14528.000000
14542.000000
14545.000000
14533.000000
14507.000000
14544.000000
14557.000000
14579.000000
14596.000000
14594.000000
14591.000000
14596.000000
14591.000000
14548.000000
14481.000000
14508.000000
14512.000000
14499.000000
14581.000000
14579.000000
14642.000000
14684.000000
14674.000000
14697.000000
14738.000000
14743.000000
14729.000000
14744.000000
14742.000000
14747.000000
14748.000000
14776.000000
14777.000000
14771.000000
14761.000000
14739.000000
14719.000000
14734.000000
14752.000000
14789.000000
14812.000000
14847.000000
14893.000000
14889.000000
14866.000000
14856.000000
14844.000000
14818.000000
14783.000000
14788.000000
14786.000000
14775.000000
14762.000000
14785.000000
14787.000000
14819.000000
14827.000000
14790.000000
14811.000000
14789.000000
14796.000000
14820.000000
14839.000000
14854.000000
14859.000000
14869.000000
14888.000000
14894.000000
14909.000000
14908.000000
14940.000000
14926.000000
14920.000000
14916.000000
14919.000000
14930.000000
14922.000000
14892.000000
14896.000000
14965.000000
14988.000000
15012.000000
14999.000000
15010.000000
15009.000000
15028.000000
15025.000000
15033.000000
15048.000000
15043.000000
15068.000000
15064.000000
15060.000000
15061.000000
15058.000000
15048.000000
15054.000000
15059.000000
15060.000000
15055.000000
15079.000000
15108.000000
15108.000000
15150.000000
15138.000000
15156.000000
15155.000000
15148.000000
15144.000000
15178.000000
15188.000000
15184.000000
15174.000000
15151.000000
15169.000000
15168.000000
15138.000000
15130.000000
15132.000000
15134.000000
15153.000000
15162.000000
15147.000000
15184.000000
15191.000000
15180.000000
15160.000000
15127.000000
15171.000000
15196.000000
15174.000000
15168.000000
15187.000000
15189.000000
15220.000000
15209.000000
15226.000000
15260.000000
15257.000000
15245.000000
15249.000000
15236.000000
15222.000000
15196.000000
15195.000000
15182.000000
15186.000000
15200.000000
15196.000000
15215.000000
15212.000000
15201.000000
15212.000000
15189.000000
15186.000000
15184.000000
15185.000000
15203.000000
15203.000000
15195.000000
15181.000000
15178.000000
15173.000000
15175.000000
15197.000000
15235.000000
15188.000000
15192.000000
15183.000000
15192.000000
15209.000000
15216.000000
15332.000000
15264.000000
15261.000000
15267.000000
15263.000000
15254.000000
15243.000000
15222.000000
15231.000000
15329.000000
15296.000000
15287.000000
15292.000000
15298.000000
15284.000000
15268.000000
15253.000000
15256.000000
15267.000000
15282.000000
15316.000000
15312.000000
15300.000000
15273.000000
15240.000000
15238.000000
15238.000000
15225.000000
15180.000000
15182.000000
15181.000000
15180.000000
15190.000000
15186.000000
15186.000000
15178.000000
15192.000000
15196.000000
15132.000000
15122.000000
15072.000000
15009.000000
15024.000000
15048.000000
15051.000000
15028.000000
15019.000000
15059.000000
15062.000000
15063.000000
15059.000000
15067.000000
15071.000000
15064.000000
15066.000000
15068.000000
15073.000000
15080.000000
15085.000000
15076.000000
15050.000000
15058.000000
15041.000000
15067.000000
15054.000000
15054.000000
15078.000000
15097.000000
15094.000000
15121.000000
15129.000000
15158.000000
15156.000000
15151.000000
15153.000000
15164.000000
15165.000000
15164.000000
15168.000000
15166.000000
15168.000000
15203.000000
15133.000000
15117.000000
15105.000000
15119.000000
15133.000000
15108.000000
15143.000000
15179.000000
15169.000000
15201.000000
15187.000000
15187.000000
15179.000000
15182.000000
15184.000000
15182.000000
15187.000000
15205.000000
15215.000000
15196.000000
15201.000000
15174.000000
15142.000000
15131.000000
15126.000000
15121.000000
15127.000000
15154.000000
15160.000000
15168.000000
15171.000000
15170.000000
15169.000000
15170.000000
15146.000000
15126.000000
15127.000000
15128.000000
15133.000000
15128.000000
15135.000000
15148.000000
15171.000000
15147.000000
15094.000000
15119.000000
15100.000000
15086.000000
15113.000000
15118.000000
15162.000000
15157.000000
15190.000000
15198.000000
15200.000000
15240.000000
15215.000000
15221.000000
15218.000000
15220.000000
15243.000000
15273.000000
15233.000000
15223.000000
15178.000000
15189.000000
15183.000000
15159.000000
15176.000000
15185.000000
15203.000000
15191.000000
15198.000000
15202.000000
15206.000000
15234.000000
15230.000000
15221.000000
15220.000000
15223.000000
15221.000000
15221.000000
15229.000000
15229.000000
15202.000000
15216.000000
15208.000000
15225.000000
15239.000000
15216.000000
15176.000000
15191.000000
15213.000000
15210.000000
15222.000000
15217.000000
15232.000000
15238.000000
15205.000000
15198.000000
15188.000000
15187.000000
15174.000000
15177.000000
15166.000000
15161.000000
15151.000000
15171.000000
15165.000000
15121.000000
15098.000000
15125.000000
15147.000000
15196.000000
15212.000000
15200.000000
15179.000000
15180.000000
15171.000000
15162.000000
15165.000000
15177.000000
15168.000000
15163.000000
15150.000000
15113.000000
15124.000000
15119.000000
15160.000000
15153.000000
15110.000000
15091.000000
15094.000000
15118.000000
15162.000000
15150.000000
15174.000000
15187.000000
15192.000000
15194.000000
15211.000000
15242.000000
15237.000000
15221.000000
15205.000000
15199.000000
15212.000000
15210.000000
15204.000000
15202.000000
15192.000000
15234.000000
15196.000000
15204.000000
15204.000000
15230.000000
15253.000000
15290.000000
15266.000000
15229.000000
15217.000000
15227.000000
15303.000000
15366.000000
15304.000000
15352.000000
15347.000000
15332.000000
15332.000000
15343.000000
15342.000000
15326.000000
15329.000000
15483.000000
15495.000000
15470.000000
15467.000000
15442.000000
15522.000000
15540.000000
15549.000000
15571.000000
15556.000000
15590.000000
15590.000000
15570.000000
15583.000000
15554.000000
15551.000000
15545.000000
15540.000000
15544.000000
15547.000000
15551.000000
15535.000000
15489.000000
15466.000000
15471.000000
15476.000000
15482.000000
15498.000000
15477.000000
15527.000000
15529.000000
15513.000000
15480.000000
15477.000000
15475.000000
15467.000000
15447.000000
15446.000000
15431.000000
15417.000000
15417.000000
15413.000000
15413.000000
15423.000000
15452.000000
15407.000000
15365.000000
15371.000000
15402.000000
15406.000000
15417.000000
15390.000000
15405.000000
15400.000000
15400.000000
15417.000000
15410.000000
15413.000000
15438.000000
15432.000000
15431.000000
15428.000000
15413.000000
15412.000000
15406.000000
15421.000000
15411.000000
15406.000000
15411.000000
15389.000000
15393.000000
15384.000000
15354.000000
15360.000000
15376.000000
15447.000000
15437.000000
15448.000000
15483.000000
15473.000000
15471.000000
15487.000000
15489.000000
15515.000000
15512.000000
15524.000000
15523.000000
15483.000000
15503.000000
15506.000000
15515.000000
15512.000000
15488.000000
15495.000000
15534.000000
15518.000000
15474.000000
15474.000000
15483.000000
15478.000000
15485.000000
15479.000000
15500.000000
15533.000000
15540.000000
15536.000000
15537.000000
15556.000000
15558.000000
15580.000000
15659.000000
15671.000000
15701.000000
15697.000000
15668.000000
15651.000000
15631.000000
15598.000000
15592.000000
15575.000000
15550.000000
15528.000000
15491.000000
15481.000000
15463.000000
15458.000000
15440.000000
15439.000000
15439.000000
15463.000000
15473.000000
15522.000000
15486.000000
15420.000000
15370.000000
15352.000000
15368.000000
15394.000000
15377.000000
15348.000000
15356.000000
15374.000000
15369.000000
15384.000000
15368.000000
15331.000000
15321.000000
15310.000000
15324.000000
15302.000000
15323.000000
15329.000000
15353.000000
15396.000000
15413.000000
15386.000000
15387.000000
15422.000000
15421.000000
15441.000000
15446.000000
15456.000000
15453.000000
15460.000000
15462.000000
15465.000000
15464.000000
15457.000000
15439.000000
15426.000000
15426.000000
15433.000000
15432.000000
15442.000000
15463.000000
15480.000000
15504.000000
15494.000000
15502.000000
15503.000000
15566.000000
15519.000000
15536.000000
15485.000000
15462.000000
15494.000000
15503.000000
15512.000000
15493.000000
15469.000000
15460.000000
15443.000000
15421.000000
15424.000000
15424.000000
15413.000000
15433.000000
15480.000000
15502.000000
15477.000000
15484.000000
15523.000000
15506.000000
15524.000000
15542.000000
15576.000000
15561.000000
15584.000000
15594.000000
15596.000000
15596.000000
15623.000000
15622.000000
15629.000000
15622.000000
15618.000000
15615.000000
15606.000000
15633.000000
15667.000000
15624.000000
15650.000000
15627.000000
15627.000000
15603.000000
15517.000000
15564.000000
15576.000000
15597.000000
15601.000000
15604.000000
15589.000000
15527.000000
15502.000000
15510.000000
15488.000000
15490.000000
15486.000000
15474.000000
15471.000000
15480.000000
15447.000000
15449.000000
15458.000000
15423.000000
15464.000000
15470.000000
15496.000000
15545.000000
15525.000000
15529.000000
15529.000000
15556.000000
15560.000000
15560.000000
15535.000000
15560.000000
15566.000000
15580.000000
15578.000000
15570.000000
15575.000000
15567.000000
15558.000000
15528.000000
15523.000000
15526.000000
15512.000000
15526.000000
15528.000000
15515.000000
15514.000000
15505.000000
15501.000000
15503.000000
15511.000000
15496.000000
15505.000000
15511.000000
15514.000000
15509.000000
15506.000000
15509.000000
15504.000000
15498.000000
15497.000000
15472.000000
15453.000000
15455.000000
15463.000000
15464.000000
15484.000000
15469.000000
15448.000000
15438.000000
15439.000000
15414.000000
15423.000000
15400.000000
15414.000000
15416.000000
15419.000000
15419.000000
15412.000000
15401.000000
15395.000000
15404.000000
15412.000000
15353.000000
15339.000000
15331.000000
15401.000000
15422.000000
15426.000000
15416.000000
15433.000000
15461.000000
15467.000000
15473.000000
15430.000000
15424.000000
15470.000000
15492.000000
15499.000000
15498.000000
15496.000000
15492.000000
15489.000000
15482.000000
15552.000000
15511.000000
15493.000000
15504.000000
15526.000000
15529.000000
15579.000000
15570.000000
15533.000000
15496.000000
15508.000000
15551.000000
15574.000000
15552.000000
15551.000000
15567.000000
15557.000000
15564.000000
15563.000000
15563.000000
15555.000000
15546.000000
15550.000000
15533.000000
15509.000000
15483.000000
15427.000000
15412.000000
15357.000000
15311.000000
15297.000000
15264.000000
15259.000000
15270.000000
15272.000000
15273.000000
15298.000000
15302.000000
15301.000000
15288.000000
15288.000000
15280.000000
15311.000000
15435.000000
15460.000000
15478.000000
15477.000000
15473.000000
15504.000000
15499.000000
15481.000000
15436.000000
15429.000000
15440.000000
15451.000000
15433.000000
15433.000000
15453.000000
15458.000000
15451.000000
15446.000000
15438.000000
15422.000000
15425.000000
15415.000000
15383.000000
15387.000000
15415.000000
15431.000000
15456.000000
15464.000000
15448.000000
15419.000000
15426.000000
15405.000000
15408.000000
15405.000000
15380.000000
15371.000000
15351.000000
15388.000000
15410.000000
15420.000000
15421.000000
15427.000000
15455.000000
15463.000000
15477.000000
15470.000000
15489.000000
15499.000000
15494.000000
15478.000000
15435.000000
15436.000000
15389.000000
15367.000000
15346.000000
15332.000000
15346.000000
15400.000000
15364.000000
15315.000000
15321.000000
15320.000000
15317.000000
15308.000000
15295.000000
15272.000000
15273.000000
15256.000000
15286.000000
15276.000000
15298.000000
15328.000000
15347.000000
15347.000000
15349.000000
15391.000000
15399.000000
15405.000000
15402.000000
15396.000000
15413.000000
15388.000000
15397.000000
15392.000000
15396.000000
15398.000000
15395.000000
15487.000000
15492.000000
15506.000000
15518.000000
15519.000000
15538.000000
15585.000000
15586.000000
15624.000000
15637.000000
15645.000000
15644.000000
15652.000000
15639.000000
15628.000000
15623.000000
15660.000000
15657.000000
15653.000000
15642.000000
15641.000000
15648.000000
15667.000000
15658.000000
15645.000000
15646.000000
15645.000000
15691.000000
15684.000000
15686.000000
15678.000000
15683.000000
15668.000000
15659.000000
15656.000000
15650.000000
15665.000000
15677.000000
15691.000000
15687.000000
15692.000000
15690.000000
15675.000000
15661.000000
15702.000000
15720.000000
15718.000000
15708.000000
15690.000000
15687.000000
15667.000000
15631.000000
15594.000000
15611.000000
15578.000000
15556.000000
15562.000000
15543.000000
15549.000000
15557.000000
15542.000000
15532.000000
15538.000000
15542.000000
15537.000000
15537.000000
15594.000000
15582.000000
15612.000000
15633.000000
15618.000000
15653.000000
15636.000000
15682.000000
15676.000000
15674.000000
15647.000000
15644.000000
15674.000000
15656.000000
15652.000000
15643.000000
15641.000000
15640.000000
15648.000000
15647.000000
15639.000000
15643.000000
15630.000000
15586.000000
15602.000000
15593.000000
15613.000000
15654.000000
15677.000000
15655.000000
15639.000000
15617.000000
15577.000000
15547.000000
15514.000000
15491.000000
15485.000000
15471.000000
15475.000000
15439.000000
15458.000000
15460.000000
15450.000000
15413.000000
15446.000000
15440.000000
15454.000000
15465.000000
15507.000000
15494.000000
15402.000000
15445.000000
15384.000000
15356.000000
15353.000000
15345.000000
15300.000000
15444.000000
15449.000000
15490.000000
15494.000000
15471.000000
15468.000000
15492.000000
15483.000000
15460.000000
15157.000000
15112.000000
15137.000000
15067.000000
15053.000000
15049.000000
15065.000000
15063.000000
15021.000000
15040.000000
15026.000000
14994.000000
14982.000000
15004.000000
15009.000000
15024.000000
15035.000000
15041.000000
15044.000000
15020.000000
15036.000000
15081.000000
15072.000000
15054.000000
15112.000000
15217.000000
15270.000000
15279.000000
15276.000000
15260.000000
15213.000000
15196.000000
15242.000000
15247.000000
15240.000000
15237.000000
15252.000000
15248.000000
15241.000000
15240.000000
15261.000000
15255.000000
15251.000000
15167.000000
15027.000000
14869.000000
14872.000000
14873.000000
14874.000000
14860.000000
14828.000000
14809.000000
14912.000000
14905.000000
14893.000000
14882.000000
14988.000000
14999.000000
14992.000000
14987.000000
15006.000000
15003.000000
14970.000000
14971.000000
14992.000000
14875.000000
14862.000000
14876.000000
14847.000000
14903.000000
14954.000000
15020.000000
15028.000000
15054.000000
15027.000000
15052.000000
15051.000000
15021.000000
15008.000000
15030.000000
15043.000000
15031.000000
15050.000000
15034.000000
15058.000000
15153.000000
15106.000000
15069.000000
15020.000000
15095.000000
15071.000000
14988.000000
14980.000000
14925.000000
14902.000000
14878.000000
14869.000000
14896.000000
14951.000000
15038.000000
15050.000000
15079.000000
15082.000000
15108.000000
15140.000000
15131.000000
15151.000000
15130.000000
15134.000000
15153.000000
15150.000000
15212.000000
15186.000000
15199.000000
15195.000000
15182.000000
15177.000000
15242.000000
15276.000000
15306.000000
15337.000000
15373.000000
15365.000000
15379.000000
15404.000000
15416.000000
15378.000000
15366.000000
15376.000000
15378.000000
15418.000000
15440.000000
15428.000000
15415.000000
15421.000000
15428.000000
15412.000000
15425.000000
15420.000000
15403.000000
15398.000000
15389.000000
15429.000000
15459.000000
15461.000000
15455.000000
15444.000000
15457.000000
15439.000000
15391.000000
15403.000000
15468.000000
15385.000000
15279.000000
15252.000000
15282.000000
15308.000000
15344.000000
15338.000000
15342.000000
15370.000000
15360.000000
15363.000000
15389.000000
15372.000000
15305.000000
15305.000000
15346.000000
15357.000000
15393.000000
15413.000000
15401.000000
15340.000000
15291.000000
15268.000000
15305.000000
15301.000000
15290.000000
15287.000000
15307.000000
15303.000000
15295.000000
15309.000000
15305.000000
15342.000000
15320.000000
15212.000000
15087.000000
15052.000000
15095.000000
15127.000000
15114.000000
15120.000000
15153.000000
15162.000000
15171.000000
15188.000000
15186.000000
15183.000000
15243.000000
15242.000000
15221.000000
15266.000000
15256.000000
15253.000000
15292.000000
15323.000000
15265.000000
15291.000000
15332.000000
15337.000000
15324.000000
15342.000000
15317.000000
15303.000000
15314.000000
15328.000000
15336.000000
15340.000000
15322.000000
15334.000000
15351.000000
15339.000000
15347.000000
15343.000000
15348.000000
15387.000000
15419.000000
15362.000000
15342.000000
15318.000000
15326.000000
15314.000000
15295.000000
15313.000000
15309.000000
15298.000000
15279.000000
15261.000000
15280.000000
15282.000000
15324.000000
15339.000000
15332.000000
15339.000000
15355.000000
15380.000000
15386.000000
15407.000000
15404.000000
15442.000000
15439.000000
15445.000000
15445.000000
15497.000000
15490.000000
15510.000000
15504.000000
15502.000000
15502.000000
15528.000000
15514.000000
15522.000000
15519.000000
15505.000000
15522.000000
15578.000000
15584.000000
15658.000000
15663.000000
15661.000000
15682.000000
15692.000000
15667.000000
15655.000000
15684.000000
15692.000000
15679.000000
15674.000000
15679.000000
15688.000000
15690.000000
