15372.700195
15283.240234
15236.309570
15216.120117
15162.480469
15351.629883
15387.929688
15429.280273
15427.480469
15432.839844
15432.660156
15428.709961
15385.389648
15381.429688
15289.429688
15312.059570
15359.330078
15380.370117
15397.860352
15414.830078
15362.110352
15364.259766
15365.139648
15395.719727
15403.820312
15413.650391
15452.919922
15451.740234
15364.410156
15375.150391
15348.820312
15254.110352
15150.669922
15211.150391
15167.030273
15229.700195
15229.639648
15221.740234
15240.820312
15279.889648
15313.169922
15409.990234
15444.559570
15460.440430
15475.410156
15468.150391
15466.219727
15522.740234
15522.349609
15553.440430
15590.469727
15606.910156
15604.940430
15587.780273
15589.709961
15625.330078
15642.379883
15647.250000
15647.419922
15632.820312
15675.940430
15679.719727
15667.719727
15660.410156
15652.730469
15614.280273
15544.070312
15555.700195
15524.849609
15535.110352
15553.919922
15594.200195
15574.490234
15588.259766
15594.780273
15578.219727
15631.870117
15585.519531
15545.740234
15535.129883
15564.780273
15539.519531
15559.929688
15589.519531
15621.740234
15626.519531
15316.379883
15332.549805
15367.169922
15368.910156
15419.719727
15377.379883
15322.290039
15331.839844
15375.780273
15121.700195
14913.980469
14984.129883
15023.860352
14912.429688
14887.440430
14915.509766
14975.660156
14959.469727
14951.709961
14973.190430
15004.599609
15034.730469
15039.209961
15176.660156
15206.139648
15199.540039
15214.809570
15151.080078
14974.379883
14702.910156
14776.870117
14756.019531
14758.620117
14753.049805
14800.089844
14710.419922
14854.080078
14763.610352
14795.259766
14771.940430
14753.089844
14664.169922
14730.830078
14880.580078
14947.570312
15065.219727
15050.309570
15002.900391
14918.089844
14783.030273
14768.950195
14702.000000
14694.259766
14757.950195
14458.389648
14666.570312
14747.889648
14832.719727
14822.549805
14838.530273
14887.900391
14938.299805
14898.980469
15055.929688
15121.330078
15169.849609
15167.400391
15178.370117
15198.120117
15179.679688
15169.160156
15181.990234
15166.950195
15207.299805
15235.509766
15265.200195
15266.809570
15249.790039
15272.019531
15226.219727
15213.540039
15165.190430
15121.400391
15078.719727
15108.940430
15127.620117
15157.330078
15185.419922
15210.290039
15202.410156
14972.629883
14911.780273
14852.330078
14809.820312
14811.919922
14888.129883
14881.669922
14887.669922
14915.440430
15020.070312
15033.639648
15085.530273
15124.780273
15133.740234
15135.419922
15148.349609
15111.269531
15108.099609
15185.660156
15163.190430
15132.379883
15121.219727
15129.790039
15106.330078
15103.759766
15113.139648
15126.900391
15187.040039
15186.750000
15235.889648
15246.269531
15264.000000
15268.330078
15285.059570
15279.620117
15281.709961
15424.690430
15469.519531
15480.870117
15477.059570
15507.309570
15474.639648
15466.219727
