15403.669922
15378.719727
15328.690430
15254.660156
15244.129883
15351.629883
15403.030273
15433.349609
15429.419922
15446.230469
15440.059570
15468.679688
15452.929688
15403.009766
15299.790039
15347.110352
15362.429688
15389.400391
15398.929688
15430.269531
15426.059570
15368.139648
15389.730469
15399.910156
15426.120117
15424.950195
15466.950195
15468.549805
15459.660156
15390.990234
15415.759766
15372.360352
15171.070312
15249.879883
15216.009766
15238.879883
15245.900391
15253.030273
15241.040039
15301.610352
15316.660156
15430.660156
15463.110352
15461.459961
15482.110352
15491.480469
15468.919922
15523.259766
15554.429688
15559.759766
15597.900391
15640.200195
15621.009766
15629.839844
15589.940430
15628.009766
15666.299805
15656.110352
15653.450195
15638.440430
15682.049805
15681.759766
15689.490234
15670.839844
15660.559570
15655.580078
15616.940430
15561.790039
15528.809570
15563.360352
15567.910156
15594.660156
15597.950195
15588.290039
15615.830078
15619.280273
15642.280273
15619.750000
15621.650391
15547.280273
15570.219727
15585.070312
15566.900391
15590.419922
15643.379883
15638.030273
15369.669922
15337.950195
15388.059570
15368.910156
15433.419922
15429.730469
15466.429688
15361.940430
15389.370117
15435.160156
15133.820312
15015.480469
15088.320312
15044.250000
14973.040039
15032.889648
15020.450195
15014.980469
15016.530273
15063.469727
15013.339844
15037.559570
15096.009766
15191.879883
15227.429688
15208.929688
15235.750000
15175.440430
15157.139648
14992.290039
14776.870117
14823.540039
14770.250000
14792.150391
14822.820312
14806.519531
14973.839844
14854.059570
14821.599609
14833.610352
14834.019531
14784.610352
14900.580078
14948.099609
14992.969727
15073.759766
15079.620117
15065.719727
15021.919922
14946.200195
14797.259766
14798.000000
14719.839844
14765.940430
14715.400391
14690.750000
14774.259766
14877.669922
14855.440430
14906.429688
14917.870117
14940.290039
14943.929688
15062.059570
15131.440430
15175.820312
15191.269531
15198.690430
15198.139648
15237.780273
15190.169922
15185.990234
15174.669922
15219.980469
15256.500000
15278.660156
15273.469727
15284.030273
15275.040039
15272.280273
15227.389648
15178.250000
15216.990234
15146.919922
15108.940430
15145.809570
15177.200195
15197.650391
15232.629883
15231.740234
15135.500000
15029.469727
14925.879883
14863.339844
14851.719727
14924.290039
14947.440430
14950.089844
14964.450195
15133.679688
15041.839844
15100.740234
15124.780273
15163.429688
15140.629883
15163.349609
15155.610352
15123.179688
15255.929688
15189.169922
15167.709961
15139.389648
15136.219727
15148.620117
15114.719727
15120.370117
15126.900391
15242.519531
15209.009766
15239.179688
15267.320312
15279.509766
15278.950195
15288.139648
15327.490234
15281.709961
15429.379883
15480.429688
15494.179688
15484.379883
15523.860352
15514.589844
15478.620117
