0.000000
0.000000
0.000000
0.000000
0.000000
0.000000
0.000000
0.000000
0.000000
0.000000
0.000000
0.000000
0.000000
0.000000
0.000000
0.000000
0.000000
0.000000
0.000000
0.000000
0.000000
0.000000
0.000000
0.000000
0.000000
0.000000
0.000000
0.000000
0.000000
0.000000
0.000000
0.000000
0.000000
0.000000
0.000000
0.000000
0.000000
0.000000
0.000000
0.000000
0.000000
0.000000
0.000000
0.000000
0.000000
0.000000
0.000000
0.000000
0.000000
0.000000
0.000000
0.000000
0.000000
0.000000
0.000000
0.000000
0.000000
0.000000
0.000000
0.000000
0.000000
0.000000
0.000000
0.000000
0.000000
0.000000
0.000000
0.000000
0.000000
0.000000
0.000000
0.000000
0.000000
0.000000
0.000000
0.000000
0.000000
0.000000
0.000000
0.000000
0.000000
0.000000
0.000000
0.000000
0.000000
0.000000
0.000000
0.000000
0.000000
0.000000
0.000000
0.000000
0.000000
0.000000
0.000000
0.000000
0.000000
0.000000
0.000000
0.000000
0.000000
0.000000
0.000000
0.000000
0.000000
0.000000
0.000000
0.000000
0.000000
0.000000
0.000000
0.000000
0.000000
0.000000
0.000000
0.000000
0.000000
0.000000
0.000000
0.000000
0.000000
0.000000
0.000000
0.000000
0.000000
0.000000
0.000000
0.000000
0.000000
0.000000
0.000000
0.000000
0.000000
0.000000
0.000000
0.000000
0.000000
0.000000
0.000000
0.000000
0.000000
0.000000
0.000000
0.000000
0.000000
0.000000
0.000000
0.000000
0.000000
0.000000
0.000000
0.000000
0.000000
0.000000
0.000000
0.000000
0.000000
0.000000
0.000000
0.000000
0.000000
0.000000
0.000000
0.000000
0.000000
0.000000
0.000000
0.000000
0.000000
0.000000
0.000000
0.000000
0.000000
0.000000
0.000000
0.000000
0.000000
0.000000
0.000000
0.000000
0.000000
0.000000
0.000000
0.000000
0.000000
0.000000
0.000000
0.000000
0.000000
0.000000
0.000000
0.000000
0.000000
-50.000000
-29.000000
46.000000
194.000000
184.000000
289.000000
348.000000
342.000000
379.000000
395.000000
386.000000
385.000000
421.000000
472.000000
384.000000
483.000000
395.000000
395.000000
395.000000
395.000000
395.000000
395.000000
395.000000
395.000000
395.000000
395.000000
395.000000
395.000000
395.000000
395.000000
395.000000
395.000000
395.000000
395.000000
395.000000
395.000000
395.000000
395.000000
395.000000
395.000000
395.000000
395.000000
395.000000
395.000000
395.000000
395.000000
395.000000
395.000000
395.000000
395.000000
395.000000
395.000000
395.000000
395.000000
395.000000
395.000000
395.000000
395.000000
395.000000
395.000000
395.000000
395.000000
395.000000
395.000000
395.000000
395.000000
395.000000
395.000000
395.000000
395.000000
395.000000
395.000000
395.000000
395.000000
395.000000
395.000000
395.000000
395.000000
395.000000
395.000000
395.000000
395.000000
395.000000
395.000000
395.000000
395.000000
395.000000
395.000000
395.000000
395.000000
395.000000
395.000000
395.000000
395.000000
395.000000
395.000000
395.000000
395.000000
395.000000
395.000000
395.000000
395.000000
395.000000
395.000000
395.000000
395.000000
395.000000
395.000000
395.000000
395.000000
395.000000
395.000000
395.000000
395.000000
395.000000
395.000000
395.000000
395.000000
395.000000
395.000000
395.000000
395.000000
395.000000
395.000000
395.000000
395.000000
395.000000
395.000000
395.000000
395.000000
395.000000
395.000000
395.000000
395.000000
395.000000
395.000000
395.000000
395.000000
395.000000
395.000000
395.000000
395.000000
395.000000
395.000000
395.000000
395.000000
395.000000
395.000000
395.000000
395.000000
395.000000
395.000000
395.000000
395.000000
395.000000
395.000000
395.000000
395.000000
395.000000
395.000000
395.000000
395.000000
395.000000
395.000000
395.000000
395.000000
395.000000
395.000000
395.000000
395.000000
395.000000
395.000000
395.000000
395.000000
395.000000
395.000000
395.000000
395.000000
395.000000
395.000000
395.000000
395.000000
395.000000
395.000000
395.000000
395.000000
395.000000
395.000000
395.000000
395.000000
395.000000
395.000000
395.000000
395.000000
395.000000
395.000000
395.000000
395.000000
395.000000
395.000000
395.000000
395.000000
395.000000
395.000000
395.000000
395.000000
395.000000
395.000000
395.000000
395.000000
395.000000
395.000000
395.000000
395.000000
395.000000
395.000000
395.000000
395.000000
395.000000
395.000000
395.000000
395.000000
395.000000
395.000000
395.000000
395.000000
395.000000
395.000000
395.000000
395.000000
395.000000
395.000000
395.000000
395.000000
395.000000
395.000000
395.000000
395.000000
395.000000
395.000000
395.000000
395.000000
395.000000
395.000000
395.000000
395.000000
395.000000
395.000000
395.000000
395.000000
395.000000
395.000000
395.000000
395.000000
395.000000
395.000000
395.000000
395.000000
395.000000
395.000000
395.000000
395.000000
395.000000
395.000000
395.000000
395.000000
395.000000
395.000000
395.000000
395.000000
395.000000
395.000000
395.000000
395.000000
395.000000
395.000000
395.000000
395.000000
395.000000
395.000000
395.000000
395.000000
395.000000
395.000000
395.000000
395.000000
395.000000
395.000000
395.000000
395.000000
395.000000
395.000000
395.000000
395.000000
395.000000
395.000000
395.000000
395.000000
395.000000
395.000000
395.000000
446.000000
647.000000
608.000000
693.000000
693.000000
643.000000
643.000000
643.000000
643.000000
643.000000
643.000000
643.000000
643.000000
643.000000
643.000000
643.000000
643.000000
643.000000
643.000000
643.000000
643.000000
643.000000
643.000000
643.000000
643.000000
643.000000
643.000000
643.000000
643.000000
643.000000
643.000000
643.000000
643.000000
643.000000
643.000000
643.000000
643.000000
643.000000
643.000000
643.000000
643.000000
643.000000
643.000000
643.000000
643.000000
643.000000
643.000000
643.000000
643.000000
643.000000
643.000000
643.000000
643.000000
643.000000
643.000000
643.000000
643.000000
643.000000
643.000000
643.000000
643.000000
643.000000
643.000000
643.000000
643.000000
643.000000
643.000000
643.000000
643.000000
643.000000
643.000000
643.000000
643.000000
643.000000
643.000000
643.000000
643.000000
643.000000
643.000000
643.000000
643.000000
643.000000
643.000000
643.000000
643.000000
643.000000
643.000000
643.000000
643.000000
643.000000
643.000000
643.000000
643.000000
643.000000
643.000000
643.000000
643.000000
643.000000
643.000000
643.000000
643.000000
643.000000
643.000000
643.000000
643.000000
643.000000
643.000000
643.000000
643.000000
643.000000
643.000000
643.000000
643.000000
643.000000
643.000000
643.000000
643.000000
643.000000
643.000000
643.000000
643.000000
643.000000
643.000000
643.000000
643.000000
643.000000
643.000000
643.000000
643.000000
643.000000
643.000000
643.000000
643.000000
643.000000
643.000000
643.000000
643.000000
643.000000
643.000000
643.000000
643.000000
643.000000
643.000000
643.000000
643.000000
643.000000
643.000000
643.000000
643.000000
643.000000
643.000000
643.000000
643.000000
643.000000
643.000000
611.000000
602.000000
577.000000
566.000000
554.000000
587.000000
575.000000
615.000000
681.000000
626.000000
563.000000
557.000000
567.000000
563.000000
593.000000
689.000000
659.000000
659.000000
659.000000
659.000000
659.000000
659.000000
659.000000
659.000000
659.000000
659.000000
659.000000
659.000000
659.000000
659.000000
659.000000
659.000000
659.000000
659.000000
659.000000
659.000000
659.000000
659.000000
659.000000
659.000000
659.000000
659.000000
659.000000
659.000000
659.000000
659.000000
659.000000
659.000000
659.000000
659.000000
659.000000
659.000000
659.000000
659.000000
659.000000
659.000000
659.000000
659.000000
659.000000
659.000000
659.000000
659.000000
659.000000
659.000000
659.000000
659.000000
659.000000
659.000000
659.000000
659.000000
659.000000
659.000000
659.000000
659.000000
659.000000
659.000000
659.000000
659.000000
659.000000
659.000000
659.000000
659.000000
659.000000
659.000000
659.000000
659.000000
659.000000
659.000000
659.000000
659.000000
659.000000
659.000000
659.000000
659.000000
659.000000
659.000000
659.000000
659.000000
659.000000
659.000000
659.000000
659.000000
659.000000
659.000000
659.000000
659.000000
659.000000
659.000000
659.000000
659.000000
659.000000
659.000000
659.000000
659.000000
659.000000
659.000000
659.000000
659.000000
659.000000
659.000000
659.000000
659.000000
659.000000
659.000000
659.000000
659.000000
659.000000
659.000000
659.000000
659.000000
659.000000
659.000000
659.000000
659.000000
659.000000
659.000000
659.000000
659.000000
659.000000
659.000000
659.000000
659.000000
659.000000
659.000000
659.000000
659.000000
659.000000
659.000000
659.000000
659.000000
659.000000
659.000000
659.000000
659.000000
659.000000
661.000000
678.000000
722.000000
719.000000
669.000000
653.000000
673.000000
714.000000
738.000000
776.000000
814.000000
870.000000
867.000000
867.000000
867.000000
867.000000
867.000000
867.000000
867.000000
867.000000
867.000000
867.000000
867.000000
867.000000
867.000000
867.000000
867.000000
867.000000
867.000000
867.000000
867.000000
867.000000
867.000000
867.000000
867.000000
867.000000
867.000000
867.000000
867.000000
867.000000
867.000000
867.000000
867.000000
867.000000
867.000000
867.000000
867.000000
867.000000
867.000000
829.000000
824.000000
739.000000
817.000000
776.000000
801.000000
844.000000
821.000000
830.000000
839.000000
850.000000
949.000000
937.000000
937.000000
937.000000
937.000000
937.000000
937.000000
937.000000
937.000000
937.000000
937.000000
937.000000
937.000000
937.000000
937.000000
937.000000
937.000000
937.000000
937.000000
937.000000
937.000000
937.000000
937.000000
937.000000
937.000000
937.000000
937.000000
937.000000
937.000000
937.000000
937.000000
937.000000
937.000000
937.000000
937.000000
937.000000
937.000000
937.000000
937.000000
937.000000
937.000000
937.000000
937.000000
937.000000
937.000000
937.000000
937.000000
937.000000
937.000000
937.000000
937.000000
937.000000
937.000000
937.000000
937.000000
937.000000
937.000000
937.000000
937.000000
937.000000
937.000000
937.000000
937.000000
937.000000
937.000000
937.000000
937.000000
937.000000
937.000000
937.000000
937.000000
937.000000
937.000000
937.000000
937.000000
937.000000
937.000000
937.000000
937.000000
937.000000
937.000000
937.000000
937.000000
937.000000
937.000000
937.000000
937.000000
937.000000
937.000000
937.000000
937.000000
937.000000
937.000000
937.000000
937.000000
937.000000
937.000000
937.000000
937.000000
937.000000
937.000000
937.000000
937.000000
937.000000
937.000000
937.000000
937.000000
937.000000
937.000000
937.000000
937.000000
937.000000
937.000000
937.000000
937.000000
937.000000
937.000000
937.000000
937.000000
937.000000
937.000000
937.000000
937.000000
937.000000
937.000000
937.000000
937.000000
937.000000
937.000000
937.000000
937.000000
937.000000
937.000000
937.000000
937.000000
937.000000
937.000000
937.000000
937.000000
937.000000
937.000000
937.000000
937.000000
937.000000
937.000000
937.000000
937.000000
937.000000
937.000000
937.000000
937.000000
937.000000
937.000000
937.000000
937.000000
937.000000
937.000000
937.000000
937.000000
937.000000
937.000000
937.000000
937.000000
937.000000
937.000000
937.000000
937.000000
937.000000
937.000000
937.000000
937.000000
937.000000
937.000000
937.000000
937.000000
937.000000
937.000000
937.000000
937.000000
937.000000
937.000000
937.000000
937.000000
937.000000
937.000000
937.000000
937.000000
937.000000
937.000000
937.000000
937.000000
937.000000
937.000000
937.000000
937.000000
937.000000
937.000000
937.000000
937.000000
937.000000
937.000000
937.000000
937.000000
937.000000
937.000000
937.000000
937.000000
937.000000
937.000000
937.000000
937.000000
937.000000
937.000000
937.000000
937.000000
937.000000
937.000000
937.000000
937.000000
937.000000
859.000000
968.000000
1005.000000
1046.000000
1073.000000
879.000000
869.000000
952.000000
935.000000
906.000000
877.000000
821.000000
838.000000
865.000000
1007.000000
1000.000000
965.000000
905.000000
890.000000
947.000000
973.000000
968.000000
1004.000000
861.000000
862.000000
909.000000
943.000000
990.000000
1025.000000
1028.000000
1097.000000
1099.000000
1099.000000
1099.000000
1099.000000
1099.000000
1099.000000
1099.000000
1099.000000
1099.000000
1099.000000
1099.000000
1099.000000
1099.000000
1099.000000
1099.000000
1099.000000
1099.000000
1099.000000
1099.000000
1099.000000
1099.000000
1099.000000
1099.000000
1099.000000
1099.000000
1099.000000
1099.000000
1099.000000
1099.000000
1099.000000
1099.000000
1099.000000
1099.000000
1099.000000
1099.000000
1099.000000
1099.000000
1099.000000
1099.000000
1099.000000
1099.000000
1099.000000
1099.000000
1099.000000
1099.000000
1099.000000
1099.000000
1099.000000
1099.000000
1099.000000
1099.000000
1099.000000
1099.000000
1099.000000
1099.000000
1099.000000
1099.000000
1099.000000
1099.000000
1099.000000
1099.000000
1099.000000
1099.000000
1099.000000
1099.000000
1099.000000
1099.000000
1099.000000
1099.000000
1099.000000
1099.000000
1189.000000
1319.000000
1444.000000
1396.000000
1396.000000
1396.000000
1396.000000
1396.000000
1396.000000
1396.000000
1396.000000
1396.000000
1396.000000
1396.000000
1396.000000
1396.000000
1396.000000
1396.000000
1396.000000
1396.000000
1396.000000
1396.000000
1396.000000
1396.000000
1396.000000
1396.000000
1396.000000
1396.000000
1396.000000
1396.000000
1396.000000
1396.000000
1396.000000
1396.000000
1396.000000
1396.000000
1396.000000
1396.000000
1396.000000
1396.000000
1396.000000
1396.000000
1396.000000
1396.000000
1396.000000
1396.000000
1396.000000
1396.000000
1396.000000
1396.000000
1396.000000
1396.000000
1396.000000
1396.000000
1396.000000
1396.000000
1396.000000
1396.000000
1396.000000
1396.000000
1396.000000
1396.000000
1396.000000
1396.000000
1396.000000
1396.000000
1396.000000
1396.000000
1396.000000
1396.000000
1396.000000
1396.000000
1396.000000
1396.000000
1396.000000
1396.000000
1396.000000
1396.000000
1396.000000
1396.000000
1396.000000
1396.000000
1396.000000
1396.000000
1396.000000
1396.000000
1396.000000
1396.000000
1396.000000
1396.000000
1396.000000
1396.000000
1533.000000
1497.000000
1465.000000
1469.000000
1462.000000
1448.000000
1399.000000
1366.000000
1363.000000
1369.000000
1351.000000
1339.000000
1336.000000
1338.000000
1350.000000
1325.000000
1343.000000
1353.000000
1215.000000
1214.000000
1181.000000
1182.000000
1183.000000
1191.000000
1421.000000
1383.000000
1353.000000
1325.000000
1361.000000
1402.000000
1365.000000
1389.000000
1445.000000
1448.000000
1459.000000
1517.000000
1707.000000
1702.000000
1791.000000
1869.000000
1985.000000
1941.000000
1941.000000
1941.000000
1941.000000
1941.000000
1941.000000
1941.000000
1941.000000
1941.000000
1941.000000
1941.000000
1941.000000
1941.000000
1941.000000
1941.000000
1941.000000
1941.000000
1941.000000
1941.000000
1941.000000
1941.000000
1941.000000
1941.000000
1941.000000
1941.000000
1941.000000
1941.000000
1941.000000
1941.000000
1941.000000
1941.000000
1941.000000
1941.000000
1941.000000
1941.000000
1941.000000
1941.000000
1941.000000
1941.000000
1941.000000
1941.000000
1941.000000
1941.000000
1941.000000
1941.000000
1941.000000
1941.000000
1941.000000
1941.000000
1941.000000
1941.000000
1935.000000
1929.000000
1955.000000
1949.000000
1918.000000
1915.000000
1929.000000
1865.000000
1894.000000
1886.000000
1857.000000
1806.000000
1788.000000
1704.000000
1734.000000
1787.000000
1790.000000
1832.000000
1850.000000
1800.000000
1769.000000
1611.000000
1681.000000
1680.000000
1656.000000
1784.000000
1877.000000
1872.000000
1905.000000
1928.000000
1887.000000
2007.000000
1990.000000
1990.000000
1990.000000
1990.000000
1990.000000
1990.000000
1990.000000
1990.000000
1990.000000
1990.000000
1990.000000
1990.000000
1990.000000
1990.000000
1990.000000
1990.000000
1990.000000
1990.000000
1990.000000
1990.000000
1990.000000
1990.000000
1990.000000
1990.000000
1990.000000
1990.000000
1990.000000
1990.000000
1990.000000
1990.000000
1990.000000
1990.000000
1990.000000
1990.000000
1990.000000
1990.000000
1990.000000
1990.000000
1990.000000
1990.000000
1990.000000
1990.000000
1990.000000
1990.000000
1990.000000
1990.000000
1990.000000
1990.000000
1990.000000
1990.000000
1990.000000
1990.000000
1990.000000
1990.000000
1990.000000
1990.000000
1990.000000
1990.000000
1990.000000
1990.000000
1990.000000
1990.000000
1990.000000
1990.000000
1990.000000
1990.000000
1990.000000
1990.000000
1990.000000
1990.000000
1990.000000
1990.000000
1990.000000
1990.000000
1990.000000
1990.000000
1990.000000
2013.000000
2021.000000
1981.000000
1976.000000
1997.000000
1955.000000
2030.000000
2013.000000
2004.000000
2011.000000
2024.000000
1985.000000
1998.000000
1981.000000
1997.000000
2079.000000
2064.000000
2064.000000
2064.000000
2064.000000
2064.000000
2064.000000
2064.000000
2064.000000
2064.000000
2064.000000
2064.000000
2064.000000
2064.000000
2064.000000
2064.000000
2064.000000
2064.000000
2064.000000
2064.000000
2064.000000
2064.000000
2064.000000
2064.000000
2064.000000
2064.000000
2064.000000
2064.000000
2064.000000
2064.000000
2064.000000
2064.000000
2064.000000
2064.000000
2064.000000
2064.000000
2064.000000
2064.000000
2064.000000
2064.000000
2064.000000
2064.000000
2064.000000
2064.000000
2064.000000
2064.000000
2064.000000
2064.000000
2064.000000
2064.000000
2066.000000
2083.000000
2106.000000
2092.000000
2107.000000
2117.000000
2168.000000
2158.000000
2158.000000
2158.000000
2158.000000
2158.000000
2158.000000
2158.000000
2158.000000
2158.000000
2158.000000
2158.000000
2158.000000
2158.000000
2158.000000
2158.000000
2158.000000
2158.000000
2158.000000
2158.000000
2158.000000
2158.000000
2158.000000
2158.000000
2158.000000
2158.000000
2158.000000
2158.000000
2158.000000
2158.000000
2158.000000
2158.000000
2158.000000
2158.000000
2158.000000
2158.000000
2158.000000
2158.000000
2158.000000
2158.000000
2158.000000
2158.000000
2158.000000
2158.000000
2158.000000
2158.000000
2158.000000
2158.000000
2158.000000
2158.000000
2158.000000
2158.000000
2158.000000
2158.000000
2158.000000
2158.000000
2158.000000
2158.000000
2158.000000
2158.000000
2158.000000
2158.000000
2158.000000
2158.000000
2158.000000
2158.000000
2158.000000
2158.000000
2158.000000
2158.000000
2158.000000
2158.000000
2158.000000
2158.000000
2158.000000
2158.000000
2158.000000
2158.000000
2158.000000
2158.000000
2158.000000
2158.000000
2158.000000
2158.000000
2158.000000
2158.000000
2158.000000
2158.000000
2158.000000
2158.000000
2158.000000
2158.000000
2158.000000
2158.000000
2158.000000
2158.000000
2158.000000
2158.000000
2158.000000
2158.000000
2158.000000
2158.000000
2158.000000
2158.000000
2158.000000
2158.000000
2158.000000
2158.000000
2158.000000
2158.000000
2158.000000
2158.000000
2158.000000
2158.000000
2158.000000
2158.000000
2158.000000
2158.000000
2158.000000
2158.000000
2158.000000
2158.000000
2158.000000
2158.000000
2158.000000
2158.000000
2158.000000
2158.000000
2158.000000
2158.000000
2158.000000
2158.000000
2158.000000
2158.000000
2158.000000
2158.000000
2158.000000
2158.000000
2158.000000
2158.000000
2158.000000
2158.000000
2158.000000
2158.000000
2158.000000
2158.000000
2158.000000
2158.000000
2158.000000
2158.000000
2156.000000
2103.000000
2112.000000
2046.000000
2050.000000
2043.000000
2023.000000
2057.000000
2050.000000
2033.000000
2031.000000
2039.000000
2079.000000
2080.000000
2063.000000
2077.000000
2097.000000
2097.000000
2077.000000
2083.000000
2080.000000
1997.000000
2054.000000
1937.000000
1903.000000
1874.000000
1875.000000
1844.000000
1835.000000
1790.000000
1794.000000
1732.000000
1696.000000
1721.000000
1797.000000
1789.000000
1798.000000
1792.000000
1784.000000
1758.000000
1755.000000
1726.000000
1739.000000
1680.000000
1619.000000
1600.000000
1585.000000
1582.000000
1575.000000
1574.000000
1596.000000
1565.000000
1496.000000
1496.000000
1496.000000
1496.000000
1496.000000
1496.000000
1496.000000
1496.000000
1496.000000
1496.000000
1496.000000
1496.000000
1496.000000
1496.000000
1496.000000
1496.000000
1496.000000
1496.000000
1496.000000
1496.000000
1496.000000
1496.000000
1496.000000
1496.000000
1496.000000
1496.000000
1496.000000
1496.000000
1496.000000
1496.000000
1496.000000
1496.000000
1496.000000
1496.000000
1496.000000
1496.000000
1496.000000
1496.000000
1496.000000
1496.000000
1496.000000
1496.000000
1496.000000
1496.000000
1496.000000
1496.000000
1496.000000
1496.000000
1496.000000
1496.000000
1496.000000
1496.000000
1496.000000
1496.000000
1496.000000
1496.000000
1496.000000
1496.000000
1496.000000
1496.000000
1496.000000
1496.000000
1496.000000
1496.000000
1496.000000
1496.000000
1496.000000
1496.000000
1496.000000
1496.000000
1496.000000
1496.000000
1496.000000
1496.000000
1496.000000
1496.000000
1496.000000
1496.000000
1496.000000
1496.000000
1496.000000
1496.000000
1496.000000
1496.000000
1496.000000
1496.000000
1496.000000
1496.000000
1496.000000
1496.000000
1496.000000
1496.000000
1496.000000
1496.000000
1496.000000
1496.000000
1496.000000
1496.000000
1496.000000
1496.000000
1496.000000
1496.000000
1496.000000
1496.000000
1496.000000
1496.000000
1496.000000
1496.000000
1496.000000
1496.000000
1496.000000
1496.000000
1496.000000
1496.000000
1496.000000
1496.000000
1496.000000
1496.000000
1496.000000
1496.000000
1496.000000
1496.000000
1496.000000
1496.000000
1496.000000
1496.000000
1496.000000
1496.000000
1496.000000
1496.000000
1496.000000
1496.000000
1496.000000
1496.000000
1496.000000
1496.000000
1496.000000
1496.000000
1496.000000
1496.000000
1496.000000
1496.000000
1496.000000
1496.000000
1496.000000
1496.000000
1496.000000
1496.000000
1496.000000
1496.000000
1496.000000
1496.000000
1496.000000
1496.000000
1496.000000
1496.000000
1496.000000
1496.000000
1496.000000
1496.000000
1496.000000
1496.000000
1496.000000
1496.000000
1496.000000
1496.000000
1496.000000
1496.000000
1496.000000
1496.000000
1496.000000
1496.000000
1496.000000
1496.000000
1496.000000
1496.000000
1496.000000
1496.000000
1496.000000
1496.000000
1496.000000
1496.000000
1496.000000
1496.000000
1508.000000
1525.000000
1565.000000
1563.000000
1587.000000
1681.000000
1751.000000
1772.000000
1836.000000
1854.000000
1854.000000
1854.000000
1854.000000
1854.000000
1854.000000
1854.000000
1854.000000
1854.000000
1854.000000
1854.000000
1854.000000
1854.000000
1854.000000
1854.000000
1854.000000
1854.000000
1854.000000
1854.000000
1854.000000
1854.000000
1854.000000
1854.000000
1854.000000
1854.000000
1854.000000
1854.000000
1854.000000
1854.000000
1854.000000
1854.000000
1854.000000
1854.000000
1854.000000
1854.000000
1854.000000
1854.000000
1854.000000
1854.000000
1854.000000
1854.000000
1854.000000
1854.000000
1854.000000
1854.000000
1854.000000
1854.000000
1854.000000
1854.000000
1854.000000
1854.000000
1854.000000
1854.000000
1854.000000
1854.000000
1854.000000
1854.000000
1854.000000
1854.000000
1854.000000
1854.000000
1854.000000
1854.000000
1854.000000
1854.000000
1854.000000
1854.000000
1854.000000
1854.000000
1854.000000
1854.000000
1854.000000
1854.000000
1854.000000
1854.000000
1854.000000
1854.000000
1854.000000
1854.000000
1854.000000
1854.000000
1854.000000
1854.000000
1854.000000
1854.000000
1854.000000
1854.000000
1854.000000
1854.000000
1854.000000
1854.000000
1854.000000
1854.000000
1854.000000
1854.000000
1854.000000
1854.000000
1854.000000
1854.000000
1854.000000
1854.000000
1854.000000
1854.000000
1854.000000
1854.000000
1854.000000
1854.000000
1854.000000
1854.000000
1854.000000
1854.000000
1854.000000
1854.000000
1854.000000
1854.000000
1854.000000
1854.000000
1854.000000
1854.000000
1854.000000
1854.000000
1854.000000
1854.000000
1854.000000
1854.000000
1854.000000
1854.000000
1854.000000
1854.000000
1854.000000
1854.000000
1854.000000
1854.000000
1854.000000
1854.000000
1854.000000
1854.000000
1854.000000
1854.000000
1854.000000
1854.000000
1854.000000
1854.000000
1854.000000
1854.000000
1854.000000
1854.000000
1854.000000
1854.000000
1854.000000
1854.000000
1846.000000
1864.000000
1875.000000
1879.000000
1914.000000
1974.000000
1976.000000
1972.000000
1967.000000
1941.000000
1937.000000
1947.000000
1919.000000
1916.000000
1895.000000
1904.000000
1913.000000
1988.000000
1965.000000
1951.000000
1967.000000
1945.000000
1893.000000
1898.000000
1902.000000
2197.000000
2147.000000
2167.000000
2102.000000
2102.000000
2102.000000
2102.000000
2102.000000
2102.000000
2102.000000
2102.000000
2102.000000
2102.000000
2102.000000
2102.000000
2102.000000
2102.000000
2102.000000
2102.000000
2102.000000
2102.000000
2102.000000
2102.000000
2102.000000
2102.000000
2102.000000
2102.000000
2102.000000
2102.000000
2102.000000
2102.000000
2102.000000
2102.000000
2102.000000
2102.000000
2102.000000
2102.000000
2102.000000
2102.000000
2102.000000
2102.000000
2102.000000
2102.000000
2102.000000
2102.000000
2102.000000
2102.000000
2102.000000
2102.000000
2102.000000
2102.000000
2102.000000
2102.000000
2102.000000
2102.000000
2102.000000
2102.000000
2102.000000
2102.000000
2102.000000
2102.000000
2102.000000
2102.000000
2102.000000
2102.000000
2102.000000
2102.000000
2102.000000
2102.000000
2102.000000
2102.000000
2102.000000
2102.000000
2102.000000
2102.000000
2102.000000
2102.000000
2102.000000
2102.000000
2102.000000
2102.000000
2102.000000
2102.000000
2102.000000
2102.000000
2102.000000
2102.000000
2102.000000
2102.000000
2102.000000
2102.000000
2102.000000
2102.000000
2102.000000
2102.000000
2102.000000
2102.000000
2102.000000
2102.000000
2102.000000
2102.000000
2102.000000
2102.000000
2102.000000
2102.000000
2102.000000
2102.000000
2102.000000
2102.000000
2102.000000
2102.000000
2102.000000
2102.000000
2102.000000
2102.000000
2102.000000
2102.000000
2102.000000
2102.000000
2102.000000
2102.000000
2102.000000
2102.000000
2102.000000
2102.000000
2102.000000
2102.000000
2102.000000
2102.000000
2102.000000
2102.000000
2102.000000
2102.000000
2102.000000
2102.000000
