0.000000
0.000000
0.000000
0.000000
0.000000
0.000000
0.000000
0.000000
0.000000
0.000000
0.000000
0.000000
0.000000
0.000000
36.420452
39.866913
44.945614
59.731453
50.759453
47.891434
49.391541
48.427834
53.548611
61.676647
55.328548
56.439217
61.109749
61.109745
61.109749
61.109745
61.109749
60.993023
66.856773
62.553913
58.826763
45.301842
45.922401
45.424244
44.636711
43.792156
36.178856
38.875271
37.291077
35.450386
45.792034
45.110790
43.161289
45.112514
43.866375
45.750084
38.438423
42.129028
40.888382
60.008823
59.476036
62.854843
65.280533
61.938473
59.833286
56.482578
53.399689
56.355831
59.794189
56.554962
55.749687
49.788593
44.094814
47.194633
52.471226
55.139347
57.541981
43.418980
45.733624
43.286304
42.703308
39.776249
38.271156
43.947823
40.057991
37.171822
44.435429
47.731033
46.004986
44.081264
44.689941
47.372646
45.125412
47.003429
49.447311
44.840111
46.519470
49.966705
48.021301
49.326500
51.688145
53.090973
61.744011
56.186428
44.879795
44.608124
50.414799
53.851879
50.496639
52.862915
47.603142
47.077049
44.036682
59.708740
57.423992
59.072933
57.675148
59.455814
57.604919
55.698528
57.585373
61.207790
65.057068
63.927528
70.614090
65.619186
66.525940
68.176613
63.013851
55.709755
59.585796
61.842915
61.267479
61.898540
62.280155
59.707912
69.693916
69.435020
70.188606
73.035263
71.269928
67.501923
70.857803
64.591782
56.028866
56.477699
53.043705
48.080845
48.329540
32.002190
30.900963
30.425041
30.728401
30.793045
29.569366
32.796585
32.258736
31.038094
49.094742
40.826935
47.489906
46.230320
47.103897
48.991421
51.216057
51.404144
54.055859
50.529423
53.410877
56.152130
54.666378
51.268688
51.651623
47.461510
47.727402
43.224518
50.421989
50.869282
52.589184
50.682274
54.459419
51.992752
54.138077
50.678040
55.943600
62.844368
62.977242
62.809166
64.191154
64.582352
65.539505
65.807159
63.617111
65.872559
69.242149
59.333309
57.242638
53.960564
45.956650
43.816265
48.338463
48.630539
52.680618
53.351112
53.480408
53.032856
57.146564
58.707222
56.416893
49.937134
53.315239
49.694855
29.948685
32.288353
38.146687
38.041412
40.266178
39.192001
34.174355
32.938499
29.279457
22.467819
20.804482
24.227959
22.744110
20.273308
18.789322
16.392090
32.014397
35.379951
48.096268
48.766296
50.533310
45.140411
42.429768
44.066086
48.076630
46.913311
47.458611
64.320404
64.934418
64.322693
65.114418
68.016068
71.413277
72.222275
74.024963
76.854416
77.157814
74.057297
69.965004
67.371323
69.988205
70.542252
67.189949
68.371872
70.528618
61.677025
66.186661
68.564713
67.103455
66.500122
67.589767
68.287964
71.849686
73.431854
58.402817
58.703651
56.461853
55.817425
57.062107
59.789349
63.434761
59.004974
52.284206
39.865074
47.621464
45.933456
49.583832
53.614788
56.210251
56.339603
52.468521
52.581326
60.056114
65.621284
66.594200
66.635513
67.970100
69.894455
69.904915
69.791985
72.274544
75.771011
76.712112
75.051826
74.853584
74.107635
75.854050
74.686615
77.291039
72.486130
77.286301
79.866577
82.668213
82.871979
83.112671
77.343781
67.019867
64.255142
67.661522
73.311661
69.352608
63.361427
65.990784
65.514290
67.549744
67.638123
69.615837
69.975960
49.513783
48.248245
53.463459
54.821571
56.466137
54.974525
51.272606
47.929657
45.915806
69.145691
71.105057
71.356094
73.403061
70.197510
68.737091
69.689781
70.296089
69.728729
78.178734
78.607498
80.408264
77.394165
77.407516
78.764130
80.206863
82.100449
83.855309
80.113525
75.043152
69.827705
71.407120
75.657166
62.725262
66.763672
66.352753
63.774498
74.548355
71.337860
70.728119
65.832748
67.044983
70.169220
72.319962
72.421486
74.629501
64.238472
67.491241
65.852516
66.773010
69.332466
69.040329
64.255653
61.830135
63.527287
53.903793
43.798492
45.962025
45.810349
48.863342
48.481812
48.687405
53.823635
49.290684
55.452679
48.921162
45.038837
44.996601
49.353416
51.981121
46.207424
44.703758
44.074627
28.459335
29.598068
36.647427
34.776085
32.691269
32.222176
32.644539
27.902626
25.634483
25.974876
37.174103
40.478558
36.383854
35.970718
36.983856
37.747295
32.237808
31.976097
22.256638
33.488945
36.214134
34.426384
37.503227
37.497932
37.424156
42.407852
42.733311
56.315689
58.570259
59.598495
62.056602
62.451077
65.763496
64.302078
54.211056
58.685066
61.447353
61.827549
56.227470
61.015095
58.643162
60.146294
57.596973
59.733101
57.330528
57.500359
59.189377
54.459576
52.774727
46.140377
47.470181
46.528255
50.772491
49.878796
56.349693
55.833382
58.561749
58.253941
59.788822
59.116905
53.871876
52.308266
49.928322
48.385471
53.274025
50.269161
45.251488
45.252563
44.076923
41.673878
39.141659
45.099934
66.471992
62.998096
64.247719
67.659973
67.863190
66.667854
60.468418
55.659534
58.752087
45.741241
42.763226
39.042454
40.354385
44.204041
45.935848
40.638546
37.429340
33.031258
31.519356
43.015682
40.678150
40.637455
37.378311
37.832397
40.202213
46.964676
45.054203
51.391071
51.467037
53.385254
55.631016
52.149807
48.770401
47.594135
38.433270
38.303867
41.356949
44.149818
46.017620
43.618404
47.902195
44.572716
44.081055
55.383629
52.374840
54.341732
49.606022
54.687843
54.961018
56.131290
50.800785
51.644444
56.375275
57.632175
63.510815
63.510815
63.510815
40.359474
41.925560
53.086777
52.233368
52.839710
50.296764
63.536335
64.370514
62.171329
61.484650
61.986618
66.492889
69.446701
62.707573
64.676224
65.965958
65.225052
59.863136
61.166813
55.689240
56.567673
56.665550
53.639336
54.917389
69.433929
64.025291
64.995811
65.160988
64.165878
64.834404
63.836124
63.123360
63.510937
53.033634
46.764717
45.915443
48.564915
48.289497
47.212654
48.726013
50.923584
52.464012
50.322994
51.452698
43.386547
47.441570
48.270939
45.166161
48.591145
46.439980
39.720348
55.190525
56.201267
56.490486
54.872421
58.886490
59.870125
56.014492
41.381561
39.508854
40.180553
42.129093
44.505196
47.107765
46.559784
50.125271
48.866924
56.361389
56.526680
67.985443
63.439041
65.296783
66.538910
66.396347
62.146431
58.266953
61.267075
64.931404
42.493427
45.262737
46.006332
47.519505
49.193493
43.756641
48.959141
51.036407
54.308811
61.229424
61.944530
62.822933
69.383438
68.542297
68.843857
64.527786
69.677925
64.185165
54.239960
54.895111
55.614403
56.245846
56.295586
57.204281
60.196712
59.642307
56.971691
57.383976
60.033497
61.498531
61.029099
60.870052
59.810226
61.320110
62.210575
60.217831
50.947910
64.241386
64.305824
58.936016
62.749825
64.886292
60.647079
63.712612
66.877968
78.998489
80.517792
79.217903
78.561462
77.383766
72.926697
70.639328
64.218674
60.906967
52.885262
53.688305
55.633728
53.253082
54.119976
53.475548
53.759621
51.546776
51.099564
62.399559
59.180904
58.739803
59.980198
58.267632
48.110641
52.664349
45.486961
47.793411
26.868019
32.224983
35.882454
36.230537
35.933060
34.577492
32.514977
35.978752
33.369141
36.025761
35.552597
39.585903
38.804676
39.602108
35.392517
38.028496
42.313786
38.438484
43.243977
46.789234
39.187630
37.783577
35.627495
38.338352
36.960720
42.646591
44.504536
45.579521
40.528900
43.430885
43.633263
46.318520
44.093384
43.209766
45.097378
45.024399
26.661003
21.377495
21.187920
18.288300
28.986504
23.945663
20.555588
21.988342
28.701622
37.227829
38.574131
34.551956
36.772526
41.973660
41.140514
41.133038
33.555153
31.900719
44.760632
43.999577
47.134865
52.738815
55.600578
55.126381
55.299328
57.785793
58.295326
50.535397
54.063999
52.942242
52.744102
51.535500
49.112656
52.014874
54.586979
53.221817
64.617004
61.892075
62.792809
60.441990
58.374092
54.446449
56.293053
53.801159
53.730583
60.596745
52.327095
52.986530
42.106533
41.744293
52.642479
50.182045
47.788212
46.552349
49.264648
46.211109
44.301407
49.025043
48.294788
51.003498
54.919266
55.008698
55.948071
55.866009
51.718662
56.321693
60.762245
56.453430
57.104607
56.436447
50.219337
54.291115
73.486214
75.426971
76.746933
74.336823
69.536263
71.055397
62.704941
60.673279
62.978287
61.598915
60.393116
60.318783
62.257713
61.875904
65.314644
66.313240
72.369194
68.522766
66.117081
65.351128
64.483444
63.021221
63.171471
58.509094
56.902775
57.351749
57.504536
41.500984
34.618752
39.455166
40.480000
43.422115
42.654026
46.215172
46.140007
48.019421
53.194141
51.021656
49.322281
53.354019
51.936508
52.954659
51.689144
51.506340
50.113895
43.592010
51.932091
60.776615
66.628845
59.761635
57.575874
47.213009
41.704777
43.489456
46.665081
47.217537
50.446503
49.381786
48.955078
51.494213
51.695805
56.127197
57.895821
37.317402
36.627384
38.831150
44.750866
39.049343
38.547401
39.079483
40.960819
41.681046
51.431957
48.123585
50.203144
42.427010
35.860947
29.573540
40.252045
41.147377
42.024841
60.825836
65.602783
64.802994
65.615807
67.261368
64.184036
58.197884
60.212761
61.958633
66.957153
66.793861
67.370148
68.435059
65.271378
66.731918
61.311821
56.130409
53.244396
56.182243
59.871349
57.898449
59.661644
55.000282
57.692974
57.703011
58.326172
63.868179
63.876427
59.942135
55.739544
56.727989
57.548466
58.379070
58.684128
54.123207
47.266945
36.956570
45.025703
48.572754
44.417786
48.665428
46.244610
43.557587
41.221001
43.036682
54.652599
56.517342
53.450020
48.704033
48.310589
43.885811
39.457073
45.815311
37.086216
48.710876
43.673428
45.661564
49.489395
45.374500
41.437111
36.537628
44.110428
45.711796
58.557381
64.061066
65.421883
62.832565
61.832607
59.156986
59.275604
59.989677
60.432510
70.345802
70.946747
65.352425
66.522369
62.030224
62.620186
56.249432
46.646824
39.321415
42.214588
41.110332
44.299633
40.890621
35.676247
43.097916
39.243362
34.447227
33.269379
43.208160
43.840981
44.617111
45.813248
47.803658
49.033382
49.718090
51.562992
52.018585
50.704849
45.538471
42.281441
40.919971
39.175671
35.294563
42.193935
44.222477
44.325474
53.785812
54.496975
56.457470
54.163258
57.365166
57.878956
64.914993
65.853149
66.450394
66.117462
64.171600
68.652466
60.484112
62.608662
61.365475
63.496601
52.012943
55.561134
52.162708
49.500969
51.113663
53.402050
54.721966
53.347740
46.877064
53.199654
54.206947
59.267601
55.052612
51.976109
52.757408
52.108273
54.096809
51.878761
48.870953
51.262844
47.130169
51.812927
56.653633
56.233173
55.985497
59.133381
54.433147
52.994633
52.485764
53.007893
55.986874
59.920044
52.746147
50.912132
52.334488
47.609531
48.445518
57.089851
38.591133
43.392361
46.119865
44.226418
44.040230
41.292023
47.936970
53.072090
52.171234
52.103703
53.762974
54.168690
57.125565
56.482262
54.744736
47.395790
41.239998
37.232567
19.050026
16.730690
15.867210
15.186920
20.931648
20.182831
18.708702
15.857780
15.123329
29.663185
28.823013
31.224258
31.358505
29.583260
31.877335
31.274857
30.186066
28.505798
48.807232
51.914299
51.611694
50.201542
47.953293
46.284172
43.170071
40.983971
37.173283
35.634796
33.029167
38.680073
44.087799
41.732189
39.136570
40.018353
36.984596
39.850052
36.093864
35.970154
30.260017
23.951797
31.704834
31.946602
32.191040
35.374336
38.283207
62.390564
60.196373
62.121552
63.551567
65.045578
65.883301
63.238567
64.477150
66.337151
56.554150
57.440994
57.498245
59.530571
59.939991
61.910324
58.451565
55.517754
58.416241
49.450024
50.686481
50.318840
50.753681
50.142078
55.934040
60.783356
59.627750
49.167397
50.498863
45.237347
52.035969
49.796410
52.473099
47.329746
46.239128
45.833996
46.274734
36.931087
38.523415
34.408401
35.560966
32.184418
34.439064
41.169609
42.546120
49.750423
54.340462
57.415234
58.257076
59.281628
59.590710
59.715290
59.423775
63.348156
64.380547
63.513885
58.476982
61.502487
63.592659
69.193077
73.482399
67.775566
66.662247
66.075836
67.040428
62.875076
57.569405
59.295349
53.360130
54.889080
56.079281
60.539135
64.481941
71.679863
68.118874
69.471275
70.521439
70.553299
72.966354
76.408897
73.907120
68.123993
68.271286
64.402313
65.431694
61.255093
67.985573
68.523796
62.719055
57.246357
60.926476
62.863178
62.961143
64.780159
68.460106
70.342972
70.404388
62.429733
65.961594
67.910156
55.159435
60.112793
54.910545
54.246742
49.883408
43.192162
41.246456
40.724335
45.648994
51.236298
51.055927
47.765110
42.291061
42.163277
47.562199
52.331928
48.934628
48.400059
23.003624
19.194649
23.356728
24.866707
25.670471
23.082222
34.668915
32.887291
35.228333
43.309055
43.582249
43.138531
47.506428
48.416187
50.939854
53.105602
58.246365
55.850445
60.470913
58.047009
57.283882
55.738235
51.692913
48.584621
48.720226
50.540665
47.100307
42.639267
45.105747
42.119293
44.313896
41.575878
38.200294
44.657684
42.399937
36.788204
30.359306
24.693863
36.424778
37.258759
34.480698
35.887222
40.871742
36.255432
33.017738
27.594795
30.042213
32.115562
39.286476
40.967052
36.680107
38.673973
36.789673
41.622303
51.858635
49.167728
50.305485
54.684338
55.166241
55.929325
52.356068
49.238056
50.382362
31.218468
30.805580
31.076714
28.628593
27.186546
29.864822
26.210007
24.340546
23.996696
23.455933
20.398857
31.133347
30.726471
28.729675
29.872009
26.380714
28.842323
27.774757
16.985558
16.501419
16.018280
15.660187
13.769669
18.487206
16.405197
21.763092
21.122414
25.191780
30.274757
29.166527
24.202911
29.886757
31.810440
35.587700
34.662468
35.339447
32.562210
36.487450
37.171661
36.491062
35.821327
35.490417
29.399025
38.848522
39.718788
46.650841
54.234428
58.086884
57.959789
54.721081
57.224442
59.787868
55.091587
56.694500
67.976440
69.752007
66.884682
67.356087
66.921394
67.735962
68.537018
71.172066
71.970444
61.527073
69.678040
64.953873
66.364700
70.156090
71.051498
69.263107
73.632584
74.109467
78.515572
78.704178
80.320190
81.261742
79.936707
77.243362
78.705994
79.761536
78.497505
66.944061
56.948353
61.633148
61.005215
57.744598
63.555092
63.831905
59.516510
60.186588
71.478058
71.201340
72.200783
82.633057
83.284752
84.209846
80.340256
76.181946
74.682739
69.592529
71.465332
68.814026
70.631866
70.999786
72.442345
74.642029
68.650169
69.039902
71.077454
71.411186
71.518265
70.864212
71.311455
70.481499
69.106087
70.406296
68.423317
52.186821
57.980831
56.488853
52.691525
46.826439
48.394657
49.183857
48.914017
48.477673
46.765125
54.849300
57.077740
52.392937
49.107670
51.583946
54.378609
50.333244
49.886154
54.049461
59.433823
56.271008
65.108490
59.886238
61.586140
56.136631
55.521877
51.165298
47.918304
50.155476
49.194160
47.162727
45.906498
46.210777
41.603115
51.219753
52.117439
51.453590
54.243244
55.397007
56.113583
57.689903
57.423416
56.547588
58.019588
60.836422
42.029545
41.341011
39.539619
43.445286
48.109421
48.345654
51.414963
47.530045
44.286564
49.009449
51.463127
56.001461
53.303188
51.908524
48.270638
50.308601
48.548267
52.059387
68.809189
64.126022
61.927372
58.138073
58.093208
52.684578
52.427021
56.222782
45.085056
56.780041
58.588440
58.969997
58.803310
60.350628
60.523312
61.358292
62.977913
63.487217
63.716137
58.191551
53.368153
56.010452
56.641773
57.859886
55.203407
58.220783
60.287003
58.410168
59.724697
58.306263
58.538200
60.020573
60.918755
63.636742
60.581886
55.822086
64.055298
61.035347
62.712498
62.547943
59.346142
60.157429
65.131256
66.144806
62.007324
64.100815
68.399277
72.390182
64.338135
69.997894
74.220413
68.781441
59.727825
42.672287
59.044704
56.057465
59.804253
58.316143
55.725025
56.641762
55.114532
53.528252
52.244865
44.083885
45.580791
47.614353
46.929764
40.902538
39.447666
40.869930
44.806416
44.295261
39.422306
33.712090
36.924908
39.936474
37.469601
40.016621
38.569614
41.665894
40.414032
38.854584
48.353115
43.337597
39.766384
42.785297
43.989899
48.507690
46.685085
53.191120
37.952282
44.384258
44.555885
49.592934
46.284977
46.781086
49.489223
49.546898
50.843555
50.186131
47.182106
46.657673
40.106339
44.951706
48.241455
51.228874
54.316158
53.724785
71.026505
68.142395
69.432648
63.297092
64.208412
64.360062
62.140106
56.756004
53.356945
53.345741
54.680923
56.370461
55.705162
49.403080
35.455322
44.362488
47.907230
46.756264
32.062759
32.979378
27.296021
25.575912
32.620972
37.484314
39.188492
38.131950
37.024910
50.480110
51.862083
54.079487
56.496223
56.297771
53.632065
50.378510
52.757759
48.648743
58.089897
59.631390
58.180195
57.317310
58.392494
61.705032
59.465366
60.566906
62.616516
76.735886
77.588730
78.012299
75.741394
73.149651
70.245636
66.889847
68.765594
70.493210
77.530914
74.965958
75.322449
74.532280
74.499023
73.374268
75.444252
74.531494
70.325027
73.253311
72.525459
72.460121
68.362900
69.169655
70.890747
64.724281
59.813911
54.201794
26.114151
22.708374
17.945816
29.047363
30.478035
29.753807
29.262650
32.801338
33.874306
49.668186
45.841801
46.337944
47.541779
47.502178
47.972607
45.924652
49.858994
51.180294
57.995411
57.819263
60.556458
57.234650
57.751087
60.838566
63.545158
62.281773
64.101334
76.239281
73.365044
74.075409
74.220779
74.152130
74.183472
74.582504
72.707748
72.749428
77.284935
74.283875
73.822899
71.170685
68.652695
68.878830
60.421017
59.384186
57.784298
55.726944
56.448235
58.979473
58.880363
55.479366
48.139473
59.048531
68.737045
68.893684
68.370537
68.460960
68.854965
58.715675
40.681618
44.213295
42.107143
41.817722
40.028332
37.750816
35.255547
29.970703
42.439648
38.939102
42.835335
43.738770
53.918896
55.844261
56.416016
56.416016
55.719406
62.413628
66.226562
66.669418
70.903633
71.887001
67.764656
67.924866
68.541054
66.831039
70.949478
71.843323
65.740311
74.996735
71.044647
70.812996
69.861389
68.914413
67.288849
68.105499
64.413483
65.195267
48.693253
49.523296
53.522324
50.747452
46.737865
39.768993
45.410503
48.938625
48.711872
52.251080
50.067383
49.262852
47.947124
46.343910
43.940781
46.124874
50.490303
47.608654
46.701286
49.018742
45.006378
45.641182
40.484463
50.038166
54.029575
56.359241
50.861935
59.417786
61.620144
52.565292
52.160545
53.746082
54.326523
56.262600
54.939415
55.649616
44.392052
46.976406
43.429482
39.578796
34.749184
34.478142
32.965012
26.740555
33.046112
31.694107
31.576607
35.518105
36.385437
37.035294
42.851032
42.670589
44.996696
47.848522
51.988533
56.585800
51.060421
55.704674
53.375694
52.749649
44.425629
45.746346
41.391537
54.840530
54.926826
56.618351
52.897800
52.171425
58.587326
59.355339
57.592281
58.037529
62.992386
64.721680
66.858551
68.621407
59.835449
53.975639
48.267914
53.418064
49.000156
38.425983
33.472298
35.614151
35.287956
40.481041
45.006588
51.818562
49.239586
49.742573
52.398224
47.667114
46.422157
39.181076
27.527664
29.794807
29.188477
28.115265
27.972107
48.649460
52.911671
52.825760
58.835205
60.177883
58.953186
57.438599
58.252846
54.479622
46.269161
49.195614
42.668102
33.729713
31.161713
30.406143
27.175163
40.488995
38.620213
26.702599
30.201950
36.939270
41.498329
40.552856
46.938187
46.497555
49.494061
50.707439
42.012650
42.206387
42.260567
44.982014
42.538521
42.193722
41.991901
45.418087
36.996559
49.853081
48.839096
49.688351
51.874542
52.734921
51.850288
49.496731
49.813435
52.680584
63.737568
65.670303
65.595955
61.024456
61.286587
60.056293
63.161205
65.182358
65.893234
71.203506
69.902252
71.198097
72.477875
65.637306
65.745773
62.651585
68.196503
64.800499
69.539345
64.496330
66.690231
61.899155
63.221336
64.000336
65.894913
69.229553
69.616768
69.935219
71.983398
69.332230
70.883842
71.315804
67.655899
61.694729
62.886734
61.592247
63.651737
66.319000
62.337349
65.252884
67.256775
68.069275
68.100235
63.435127
53.119621
48.261127
40.684357
41.806026
45.738541
45.058277
48.525429
46.084473
49.179443
47.468178
48.563412
47.370274
45.888489
47.540051
46.690941
49.203995
50.780483
38.538937
34.254448
45.839890
47.945850
49.236908
50.403683
51.231194
52.821430
50.455231
55.773457
56.640732
38.760540
41.859364
45.447422
46.052475
45.013691
48.430038
51.334106
55.866882
59.157288
67.109322
62.331627
63.254307
64.812195
61.162083
63.492432
63.335621
65.049088
62.604038
62.587013
63.364891
58.470821
61.801086
56.548271
56.828209
52.209583
51.203831
47.929058
39.608395
30.632500
30.123230
37.095638
38.632080
34.746681
34.546631
28.497971
27.007866
40.027725
35.929070
31.061363
39.576653
40.615456
36.844925
40.272400
35.386856
36.823181
46.538048
47.012280
51.819859
47.651653
53.761333
57.908951
54.948902
54.220360
52.982071
34.704300
43.827591
45.021851
46.395294
43.183121
47.102894
49.345108
49.171139
50.247368
39.919346
32.126907
32.677101
36.769615
40.911392
40.351948
36.373589
45.719910
48.081692
56.334797
56.980244
58.916908
56.082500
57.538300
50.044491
49.931767
57.087173
56.888088
56.359753
56.930862
58.122608
50.789165
51.883873
56.214054
52.890141
49.163368
43.244495
40.761097
40.506088
37.790699
33.784401
33.078468
40.651161
39.052746
37.288074
36.814785
58.613293
56.675884
56.815178
50.007027
53.716187
53.786388
56.179699
62.438663
62.706974
59.290619
62.640701
65.107681
67.597137
67.029327
67.659790
68.028168
61.476192
58.611526
70.331406
70.339081
70.673309
70.685150
64.251862
52.582966
47.080185
50.434032
54.520760
48.572300
47.857040
45.466591
46.737686
49.572250
53.758816
50.496346
52.150787
52.439365
39.159676
39.038086
40.151180
43.885860
45.534313
50.951054
48.871967
43.413467
38.846756
54.014191
53.140350
58.403988
59.793228
59.332607
62.665901
70.062363
76.521439
76.601028
74.661079
77.438110
77.404633
77.492279
75.422852
76.774567
77.109833
75.236008
74.746651
77.034943
78.053963
76.147491
75.378143
76.676018
79.140152
79.884094
78.117355
78.253983
75.859329
73.982300
75.498688
71.214027
75.906570
73.350365
73.893341
72.966682
73.341507
52.822651
52.716999
54.011410
48.681126
53.304485
50.353245
55.494957
54.116745
55.147091
61.495911
60.426044
57.316715
55.255745
53.167591
57.125134
51.580833
41.628204
44.828072
55.008884
57.551815
58.666687
59.070999
58.751621
63.142429
61.225029
61.495068
57.620598
58.284428
59.215618
59.421242
56.876652
56.614033
60.077480
54.500275
60.637142
63.207039
75.368599
78.623947
81.377853
67.795654
70.007416
65.903336
67.251625
72.485245
69.124802
61.050262
60.970139
58.367001
53.661964
55.432499
41.534538
48.510372
48.683819
45.757690
47.157036
47.957600
49.923027
51.874729
49.927097
51.352474
49.538834
49.850777
50.890648
40.882805
39.878246
46.549969
50.078434
52.277905
57.396244
56.520237
57.019100
51.638783
39.829277
42.741596
41.119743
39.429047
40.609299
38.620056
41.994301
45.012348
47.937527
43.182148
44.500351
44.617390
28.916779
28.521225
35.444801
40.392792
52.620987
54.883675
65.246475
65.032600
64.674080
65.273926
65.385056
67.295822
65.249741
64.899216
65.487900
68.652626
64.608276
68.841293
70.351906
70.649467
63.594902
68.186409
66.104706
66.105850
74.636711
74.301331
74.437271
74.973969
73.686401
74.594040
78.318779
81.359390
81.456146
80.370796
79.074715
78.904060
80.189705
76.296989
71.194817
70.986877
73.711624
73.739273
81.739204
80.631439
76.607574
68.109962
71.093895
73.191986
70.896034
72.620705
73.405457
83.842590
83.584564
81.235275
82.764229
83.209343
74.467476
73.989258
73.830856
66.265198
67.256927
65.060188
62.828262
61.427959
58.336727
52.995487
56.348957
60.011959
54.389942
59.674549
54.600697
52.635490
46.950970
52.661999
53.898735
53.709343
53.469418
57.483955
53.424370
56.269794
59.284515
58.361908
60.619629
57.223679
56.664875
59.464977
61.385925
56.742771
60.777996
62.902538
62.161625
63.368660
63.257671
62.972141
58.855888
49.887531
60.178150
60.647713
64.406281
52.152370
50.025154
57.234234
56.405403
56.155193
50.493908
46.703148
51.189709
51.551067
48.330109
48.516682
41.807541
53.337448
47.425514
45.760094
55.255547
55.547417
52.119183
55.147495
51.541256
53.462551
52.919476
56.870758
53.725449
66.665588
69.325775
73.573929
67.506424
71.905983
72.460251
71.331421
74.122154
74.950546
75.233643
73.836594
65.330933
65.103149
66.979767
66.813263
62.851032
52.832561
49.513031
45.080345
40.107952
31.208572
34.826843
30.984032
30.746460
30.653923
23.371735
22.687386
34.253670
32.478951
29.568672
38.920216
34.917580
30.492653
42.746582
45.168785
45.454067
50.486721
53.309574
56.457775
52.749416
53.993683
53.320789
54.909828
58.525177
59.474346
55.313286
52.145908
51.461044
51.057770
45.900597
36.045906
45.213627
50.195026
53.527405
56.937916
52.206696
49.864563
47.886551
52.717327
53.173359
54.902599
55.168732
54.881416
50.600094
50.077045
42.112999
46.957470
45.567410
47.313107
48.415077
48.514107
48.378174
55.751591
57.548019
56.995049
59.486675
55.588299
58.962662
62.436115
57.557858
52.241798
51.834274
46.545624
41.679096
41.284004
38.945267
40.707458
31.586952
26.482864
35.038040
48.621044
46.276901
45.602146
39.884647
45.204868
47.410778
50.659805
45.212353
38.733971
54.080540
48.741676
43.094154
50.567078
53.088558
50.903221
51.344879
49.850124
51.555450
45.571854
43.100971
43.779568
49.974770
37.997330
33.599602
29.790802
27.146248
26.625381
44.601181
45.558937
45.501171
45.377182
46.080738
49.533794
52.191780
51.906757
55.959057
60.604721
57.215855
52.758835
52.985676
52.912033
52.271004
48.315903
50.243065
56.872013
65.729675
68.230263
69.371063
70.767448
70.665741
64.857788
66.758560
67.361984
68.413620
65.512177
62.667740
61.842941
62.616646
63.922649
62.651356
63.942379
63.455017
65.867203
33.913132
29.722931
30.292267
28.655846
28.225479
27.653015
43.011654
36.466400
43.000538
47.647930
44.301662
45.760365
45.610817
47.972988
47.235912
49.551376
49.829723
46.531231
27.869049
28.456329
32.954041
36.404709
42.829720
48.958862
55.186127
58.093510
56.094177
57.590527
59.696228
61.755531
62.696278
62.716511
64.024673
67.119354
67.779160
69.920311
68.426804
69.572601
64.241714
61.099628
61.590275
63.960300
65.285172
64.590416
62.767616
69.515793
64.234390
64.021004
64.131180
58.954693
58.651707
52.624271
55.870689
54.277473
35.259682
30.732597
35.429939
37.292183
31.203979
28.577927
27.925774
34.686234
37.092102
46.210751
42.216652
41.456192
47.484329
50.767418
53.325283
56.986412
57.875732
61.979000
63.887959
63.406422
64.174576
60.548244
64.995270
64.205093
67.008598
65.539612
63.058796
71.053528
71.777161
71.894485
70.422638
67.078743
65.051651
61.113308
61.393375
55.791485
59.122238
55.927414
50.619797
50.882633
47.150959
54.009285
49.597912
52.827381
52.118362
43.944088
43.996162
45.851063
46.184853
48.796345
54.102413
56.516857
53.078808
46.314747
54.934391
57.800999
56.628414
58.498306
58.102512
62.431541
63.841534
61.161667
58.977867
51.778057
51.422565
48.512486
51.997356
50.713551
51.487854
49.281277
45.848564
40.747471
64.935181
68.191544
68.446037
69.748833
72.210098
69.211342
60.432289
55.478687
53.436222
54.508629
54.598934
57.826881
56.049095
51.704521
54.395241
54.123158
55.525612
57.351955
51.665100
53.946209
52.368469
42.090851
38.517914
48.195797
54.451126
60.008232
59.022057
61.836140
56.643200
57.030483
57.348598
58.293137
59.688225
57.947937
65.046570
64.540375
58.874542
62.602688
61.870193
65.293793
64.127518
63.982262
64.551964
60.510075
54.881531
52.272175
55.270546
59.317516
53.235252
58.002380
58.742317
50.740025
49.647251
44.877689
44.141479
42.899223
35.046349
32.134056
31.864357
31.729012
30.722733
39.264671
40.396778
34.357796
40.309799
44.736885
44.415989
40.337418
49.271919
53.020573
43.062424
44.487133
44.096401
47.746197
49.408207
60.165771
56.316490
60.501846
62.080162
60.708530
62.922199
70.110840
64.069427
64.395782
61.929943
58.382977
59.490784
58.384651
60.808056
51.086479
64.996674
64.379234
61.142395
61.617680
62.004288
59.184662
55.355152
54.378799
54.255531
47.035610
48.864151
46.341949
52.085182
48.812252
48.484695
54.310265
53.326778
50.408115
45.283588
44.246616
45.173973
46.208591
46.909210
53.503853
55.847374
56.637913
55.734901
44.987614
44.498367
42.738609
33.264336
27.415802
21.893005
20.004417
18.737671
17.452690
21.928894
28.104065
37.840485
41.289902
40.522415
42.997692
41.629368
50.949162
51.730820
43.043514
41.890560
46.237820
52.682911
56.434891
51.234020
49.976929
55.808598
56.662067
46.451000
46.157303
44.810635
42.322529
44.708553
50.641659
46.438755
40.539886
34.288521
42.284695
50.971153
50.334770
49.143288
49.946632
50.649441
52.075371
53.012356
53.580456
49.741013
47.963993
51.203808
49.434574
50.370571
51.086128
48.187519
54.665817
57.428032
56.532883
52.657841
53.715656
51.838364
60.630165
61.455463
55.369774
47.048603
43.958542
59.723358
57.479454
64.028061
64.630455
63.009270
68.196571
68.333344
61.312584
58.280807
51.959740
35.885063
34.605301
39.467960
46.936272
43.053333
47.290913
44.104271
42.360161
57.462799
56.183006
51.509216
42.920151
49.227886
46.256645
48.133041
50.803345
50.533932
57.336037
51.955318
54.240849
55.011230
54.491367
55.629673
50.918472
51.944851
52.802464
42.770416
47.678169
49.281540
51.602150
52.605053
54.489067
54.502716
55.168472
54.201321
43.488811
46.880322
48.036663
47.955200
47.734676
52.804115
48.635571
35.303162
39.357685
51.854408
52.048710
52.647644
54.090870
54.368752
54.807949
57.658928
52.779228
57.890854
40.448685
39.287590
37.537701
34.296227
30.481499
29.637291
32.672272
29.690392
40.455414
48.484879
52.168064
49.208054
51.740685
54.349869
53.568619
57.090744
60.998230
62.670849
57.345993
60.870419
58.188282
57.089603
60.977112
62.463089
66.204117
66.675201
67.315506
65.567215
65.798508
64.141434
65.436966
66.241661
61.899017
64.221771
59.167419
62.101284
56.192734
56.760445
57.427032
56.573475
58.454960
61.539680
59.249905
60.952484
59.418221
40.392136
45.551666
43.927521
37.910988
38.797482
36.530636
39.349327
37.749245
39.322628
46.645569
49.768211
46.426460
40.539043
37.718285
40.528904
35.452866
31.762283
34.211472
21.398079
18.510124
20.159805
18.752876
16.530930
15.737808
15.100113
15.038597
19.741180
35.474899
33.956909
29.645836
29.500259
35.655190
32.275513
39.409142
46.515026
42.118664
48.638977
51.963360
52.990814
53.332150
46.668972
53.109077
57.107517
57.321384
57.412041
65.149841
65.408569
64.901726
65.825592
65.789597
61.025238
57.907524
59.269020
59.427563
66.374115
66.413040
68.673843
70.439560
70.588478
70.367676
67.160011
68.158203
69.151611
55.714542
53.106163
55.904789
55.996471
58.975418
57.300743
60.492165
54.563927
57.099823
40.276192
42.217148
46.385365
49.825096
49.540440
48.887539
46.433987
47.949566
45.548294
48.869816
50.384121
51.565395
49.148296
49.644608
50.459995
50.258286
52.782276
53.915504
58.006237
58.401295
63.503635
67.558624
63.846081
61.693020
60.968979
60.783897
62.841129
35.065590
40.415936
36.093327
44.205589
43.280190
48.170681
53.662952
49.931328
47.480915
55.403946
54.801838
50.366516
44.900745
49.157803
51.062225
53.057823
51.999378
50.024986
51.114483
52.848122
52.291023
54.852016
55.083889
46.605183
40.249485
47.806847
47.990307
58.995777
60.648449
63.233742
63.311977
58.478271
53.258057
59.240891
61.972839
61.784397
64.687462
65.271072
63.655811
59.587364
60.260311
62.354954
65.078018
64.958344
65.928604
67.542709
68.861076
70.643303
66.825531
65.602371
69.141769
66.385674
64.631981
61.141174
60.159698
58.186516
53.198914
52.415974
57.644287
57.332245
51.555737
56.094994
54.101364
61.641109
57.354305
55.079742
58.701332
59.549717
61.162399
62.051163
61.097366
55.782883
51.162083
57.246105
58.788136
58.261337
49.916027
59.911110
68.498268
61.028015
61.652420
63.188084
65.553177
70.518387
70.892853
71.053650
74.559517
78.110100
78.622108
72.875694
77.442688
79.778061
81.203323
74.175301
73.272736
69.047287
67.278000
63.068447
65.015945
52.397045
46.765789
44.951836
50.102333
49.285080
48.670551
45.319519
42.094017
53.590248
43.151352
45.724998
48.115032
48.789101
50.152332
51.517399
48.736385
53.188725
54.043182
47.932594
47.049202
48.290546
51.198067
53.847744
55.243763
60.166134
62.134834
63.041473
29.304962
25.215141
27.996513
26.961266
25.668793
24.075386
39.948330
44.843227
44.086124
36.732391
40.646923
39.221962
38.830517
39.171886
43.213226
50.271824
52.354912
53.886086
57.064224
55.701221
57.164143
58.266705
57.583042
55.733257
54.060226
57.263142
58.133698
62.515450
64.924438
61.002026
63.246372
63.424152
54.155582
60.017387
61.476795
60.056110
62.085960
57.426056
54.414803
53.519527
53.606422
56.642113
51.453320
48.080708
48.888184
38.884556
34.651886
33.077408
35.886635
38.061871
38.878410
43.747471
39.997135
42.778065
45.211445
43.593483
41.266705
42.848618
40.976513
40.226765
50.589222
56.149403
58.337151
60.988163
65.586304
65.744011
61.268799
60.212990
57.239296
57.444927
60.739567
61.958996
73.849335
75.257355
73.969658
50.773808
46.888962
43.010765
37.238293
36.695282
47.053478
62.250153
58.445698
51.667877
50.810291
51.794041
45.882420
42.486465
45.200668
45.596771
51.058388
49.657433
46.464226
45.954830
45.838123
49.075230
45.364365
46.375900
48.950630
50.683746
51.610157
50.984058
52.172897
50.391987
47.416180
30.798592
42.403076
42.717449
55.235069
55.971626
54.358681
55.160019
56.728184
58.017159
61.986683
63.134090
60.899460
56.459095
55.143589
51.380207
53.322746
55.498489
53.297882
45.748833
45.323822
44.227749
24.501457
22.833702
35.560211
40.311569
40.942913
35.995262
38.818180
32.937134
32.455215
29.234970
28.548531
31.228508
31.037621
38.582775
40.424362
42.265919
46.963089
41.626629
43.948837
51.099720
47.331749
50.891960
49.630302
49.400082
44.426285
40.541790
41.464077
54.339920
54.580418
55.353928
60.510654
60.457645
59.610252
53.197739
52.482662
49.669819
52.204475
53.083191
50.865322
52.322727
45.987930
54.399582
52.430363
48.169468
51.995823
49.805706
51.332596
51.466320
47.045742
49.278252
51.016388
45.923752
38.779579
36.858124
52.801163
50.417377
49.833385
49.510132
48.696213
55.231228
48.903255
46.192432
43.601280
56.454449
54.510883
43.697937
41.941528
37.406071
47.458981
41.005596
34.589005
35.735504
22.695267
22.469398
22.045883
21.394485
19.671967
19.545952
27.517761
26.390564
29.061493
45.568806
45.493053
47.491940
47.831440
47.776775
47.553146
49.633217
43.657688
48.450989
51.523338
56.030151
55.295563
55.230843
55.718201
58.412071
59.642353
60.388374
61.756355
72.288170
72.288170
72.677589
66.661247
66.413269
64.989029
68.089096
67.552391
66.303246
49.618740
54.225292
47.922817
50.700035
49.589485
49.907516
52.558983
50.218422
50.474670
63.946701
63.021370
58.389744
53.663742
54.147446
50.492805
54.058289
53.355492
51.192745
40.408325
40.396908
35.014801
33.811554
37.509941
34.263588
32.330666
28.097061
26.242126
44.040916
44.265915
45.324215
44.781979
43.786976
42.213593
39.270237
44.021790
42.734787
48.753666
46.393829
41.337299
39.348240
39.928429
38.534187
36.894165
34.441383
33.989304
25.176567
24.773193
26.690117
28.843468
41.671726
38.775703
34.074371
33.665688
35.885597
32.331970
33.260735
38.731522
39.849709
36.441532
41.219898
43.624264
32.652435
31.824387
30.562584
40.100719
43.201530
41.223507
43.911186
43.793537
41.824959
52.644341
54.454472
32.930206
31.531952
29.495811
30.004028
37.328712
39.895123
41.423676
46.685829
43.367142
56.874725
56.036251
56.682011
57.858971
58.735439
57.871353
60.627392
63.424675
63.666893
58.974598
58.813755
59.184235
60.740555
61.117378
61.714546
59.419281
57.342514
55.838974
48.325321
51.696609
52.862679
44.839451
44.474491
47.197590
52.767681
52.859844
55.044849
40.936077
44.694996
49.349915
50.776459
47.454117
48.099022
46.435333
45.312412
49.028316
55.544239
62.704052
62.303276
62.437450
63.355980
58.042332
62.004585
57.355499
58.313507
67.050323
69.267868
71.319138
71.460114
72.253098
75.257637
75.656204
76.828194
77.714050
78.573372
79.902161
81.444702
76.347725
78.109444
81.053482
82.493477
78.885742
79.841461
64.251907
62.830421
61.469185
58.675056
58.233219
49.469872
52.561226
54.526127
54.840405
54.107376
54.677048
56.016369
59.389767
59.101097
58.605751
59.933315
62.695587
62.314880
62.115086
67.910583
62.984402
64.256149
55.875469
46.166573
46.380470
56.040939
57.440346
53.494717
50.625202
55.859524
53.290894
54.034039
53.878643
50.041161
49.895214
43.326206
58.030998
62.658081
63.274765
67.089569
69.043213
62.523540
64.742744
60.099232
51.559994
54.777939
55.976711
58.063084
57.151718
59.776676
60.769382
58.686146
60.479855
60.949276
77.547653
79.508041
74.914948
75.674919
73.593132
75.180321
74.728485
75.454559
72.751556
64.356735
54.785698
57.635368
55.616966
55.824200
57.609669
60.074230
57.042194
56.702099
53.082703
50.517311
53.842899
52.109108
45.461056
41.767532
45.596340
48.298885
54.608307
38.225510
33.735687
32.960045
32.606674
38.274017
41.724854
48.153076
51.111305
57.565399
71.964211
71.479515
69.361488
67.061615
64.018669
62.284859
63.968975
66.047760
64.232773
70.432068
71.354637
72.266731
72.844444
74.645607
78.064629
70.688004
71.628868
73.310524
70.321877
70.927666
71.114403
72.905716
66.657761
65.526512
67.384933
66.502960
68.086540
73.045494
75.601044
77.898010
73.811401
74.051369
75.479965
73.860031
71.688629
68.381615
64.966171
70.357300
70.944176
66.606766
70.792099
70.882172
70.539925
59.463223
62.234383
61.729603
56.708626
55.992035
51.783745
53.563126
57.701508
61.319489
60.534424
56.956921
61.153183
65.185188
63.419373
65.455475
62.312862
62.756298
47.566822
52.627342
49.127460
44.269657
49.519550
45.160095
43.093220
46.889397
47.899155
55.265442
56.090427
57.037468
52.149654
61.013065
58.843670
58.696598
56.798134
60.891117
54.755211
54.900501
56.388908
60.130341
59.103367
62.942776
63.246742
58.381920
58.470421
52.860180
53.962727
55.286331
56.795483
62.673779
63.465302
59.421265
63.958195
63.556099
58.961857
59.699543
66.811554
69.192734
75.346054
74.863731
79.846397
75.806282
76.503716
79.837418
72.689514
74.283264
78.000664
73.656799
73.251312
73.334862
72.762589
72.502426
70.626343
72.023827
64.284668
70.583969
56.948654
59.584282
60.457081
58.222023
55.141418
51.431908
47.238373
48.604904
59.829807
44.427528
50.907101
40.278526
36.257854
36.849575
47.863518
41.010456
43.491238
46.118958
44.391056
46.877151
42.793911
41.062553
37.995926
44.126621
47.321053
40.752441
25.116409
28.638916
32.614738
36.929920
39.383617
37.935272
42.411861
33.585007
35.554581
36.975998
31.876923
28.334198
32.394409
30.669418
27.861671
33.029091
40.759563
41.563446
48.378254
46.970482
44.929768
45.114971
43.734051
42.217560
46.823872
47.243790
47.350178
21.728378
21.032417
21.167831
21.126900
20.429359
20.138863
19.012924
17.804619
15.025307
21.427155
21.222939
29.254944
28.633667
30.819977
32.369835
31.952431
26.212563
27.560463
20.111992
19.866844
19.379723
21.030136
26.056793
37.664268
37.552841
33.439255
30.828865
46.347019
51.141750
49.884960
52.028770
54.574627
55.739830
53.807861
57.414452
60.022480
47.716911
49.508587
47.264965
44.183029
41.874966
39.876541
47.604408
47.222813
45.523525
50.555428
47.632519
44.125736
49.852180
49.989887
50.016052
41.391647
37.870098
40.602959
50.497864
44.035442
43.766209
48.437767
48.445515
51.961128
54.076000
59.591469
57.719879
71.071121
71.905579
72.803284
72.424927
72.130356
71.673851
74.310417
76.230438
76.330490
75.537201
71.321526
62.477489
67.051964
62.630428
61.661324
60.089977
58.084229
57.456665
57.503761
56.825085
53.238022
52.075268
51.434387
49.614685
51.368263
51.732300
51.454735
44.845036
44.382755
46.951138
56.386158
51.397903
55.954521
51.384029
50.006973
48.774231
63.340816
65.702026
62.795650
64.942413
62.555428
58.560909
48.759636
45.284813
43.861557
48.515167
43.230827
43.441525
44.190876
44.625725
36.091801
36.070255
29.939636
29.589951
38.837990
37.961853
37.947639
37.284435
38.396297
39.917233
35.361046
38.702606
37.288223
65.806236
63.540924
65.173691
66.830246
62.225803
57.410465
52.670818
55.005573
51.239967
45.127087
42.639057
40.918892
41.018501
36.370258
41.037003
38.260094
46.711006
45.770027
24.706551
26.547653
34.463936
37.613346
35.308228
35.268555
37.700256
36.391930
37.076344
46.373745
43.646187
48.229301
51.266956
51.411491
52.970444
51.916096
52.453041
54.213444
55.237793
54.359188
57.203674
57.018501
54.371181
53.869713
58.551888
62.141472
66.567513
71.197662
70.069260
71.458252
72.598000
71.726311
72.041344
75.286842
75.978935
76.152573
78.005493
78.035324
76.679001
75.699501
77.538391
78.999496
75.734604
78.437553
76.651482
83.355988
83.485130
81.944443
79.829132
81.529213
75.822510
77.262253
76.374535
77.102501
71.676170
69.140083
64.623047
62.402813
56.206207
53.291550
48.998569
50.222298
51.038815
52.474781
54.520260
48.332283
53.679508
54.736782
57.087692
73.251671
70.392517
73.054962
72.671768
75.110733
71.810852
63.976303
66.561264
63.954323
67.790771
69.995239
73.852440
75.417656
77.053444
78.456383
78.759605
65.533066
67.586197
70.488243
74.441879
75.367264
76.397369
76.759308
76.966705
67.851501
70.389801
71.490234
46.087440
45.556831
48.947201
44.330860
43.927864
46.100639
38.496498
42.165936
42.489967
34.030090
39.087746
42.637783
39.104370
39.784958
35.453377
39.850224
34.220284
40.813801
36.450287
39.665710
40.296150
40.156185
34.203362
37.800850
33.012733
29.702950
32.172394
48.635807
51.555779
50.460060
50.036392
49.951794
48.022480
48.125843
47.423855
50.308346
54.652035
60.145660
56.133446
51.801949
54.403984
55.796558
59.414413
54.625896
54.781963
51.245270
53.057079
54.419136
53.774067
56.600883
61.489529
56.606968
48.468967
54.576000
41.680866
45.244751
44.190914
44.180298
37.587929
38.176186
48.731754
44.068466
43.040005
48.562508
49.303486
48.883606
50.244595
51.022636
48.822914
50.230503
49.618694
48.056309
31.938049
28.376076
33.920006
36.681469
37.617336
39.734543
38.973961
42.193745
38.544052
36.823429
44.079197
45.580845
48.856277
49.372383
54.169624
55.316608
44.986572
44.914322
43.026627
43.456657
45.500839
49.218285
48.754131
50.578541
55.299179
59.372284
60.791309
35.365570
34.598938
35.584534
30.982101
27.174561
26.393501
24.401207
29.727516
36.425713
26.758263
26.415504
22.425339
21.876808
20.495972
17.229950
14.845940
14.800743
13.685257
22.313263
30.728928
27.857460
28.834724
29.437576
28.403786
25.669533
34.941742
36.522572
55.199543
58.396072
58.840668
61.124409
59.733261
61.455982
61.368942
54.025574
56.357208
46.554531
51.742329
48.118805
51.752441
53.342709
58.821735
60.849953
58.118809
57.822826
45.631226
43.328884
40.346352
40.112736
36.031036
42.057011
41.290291
46.392143
48.567387
60.870228
57.564434
52.437244
50.485004
52.111519
50.570507
55.419353
56.335842
55.497349
64.842812
58.456581
60.099937
61.432629
62.500305
62.155422
61.018551
58.465271
59.007301
61.017784
65.488235
60.802555
60.903671
60.202976
57.543175
55.658127
56.643379
53.423717
49.947350
44.591274
46.089249
49.023510
49.383583
39.036324
36.548512
38.070778
33.963768
28.015221
27.111229
24.879257
21.606781
29.241478
25.742836
27.857056
26.963303
28.398415
35.866158
32.890427
31.761841
35.639725
38.276154
40.380238
45.533768
48.512955
44.954033
52.861855
52.017960
46.872925
44.076595
43.507732
44.282154
44.489101
46.926544
50.215775
66.090248
67.368935
68.210945
66.898132
67.544022
68.505692
68.605911
69.180130
65.592003
68.767372
66.204834
67.205444
68.365105
71.013565
56.462448
60.585209
61.678070
56.566368
41.843582
43.381317
50.358131
50.645550
51.199722
53.852631
51.885471
51.141464
49.509964
20.923782
21.724419
28.068451
27.373329
39.468220
39.116428
38.307972
37.826061
42.072987
52.129841
55.010399
55.631748
58.175243
58.561642
56.195633
56.707661
59.085247
59.587208
63.194359
60.011410
58.894753
57.045300
56.001514
53.453987
50.394650
52.105980
52.932537
52.639690
52.440216
55.919506
53.460861
55.141171
41.429497
37.049503
39.620983
43.210621
46.806408
44.117039
41.424183
40.949913
42.496574
32.631638
32.446098
27.722366
27.072884
36.955395
32.540810
29.470413
27.781029
22.560860
19.542473
19.508621
24.926445
22.564987
18.837265
16.740654
34.817108
34.270294
34.840012
34.485664
40.073608
35.643784
36.294338
47.118462
47.130871
46.791996
42.723503
47.828491
48.418724
41.612278
36.303219
36.367302
20.754883
19.945732
18.191032
18.530746
17.323601
17.171661
26.319412
28.322983
29.870743
31.517570
36.952068
44.499889
43.894207
52.608578
56.152725
52.582333
55.727013
58.964848
42.843967
42.937622
44.371727
43.119934
48.023384
44.341068
49.477112
53.799858
55.161716
47.651173
42.959148
42.586746
38.487370
39.143246
44.822529
43.746361
38.063766
35.191017
30.824600
40.271889
40.141205
42.587505
41.278896
39.628090
43.169701
44.125195
45.269310
41.963005
40.892654
38.907669
39.723301
41.752415
48.239830
43.243298
35.973923
34.612701
25.277603
22.362106
22.731361
24.304970
26.689056
25.528397
25.449501
23.168945
22.021889
14.032982
18.101883
18.196503
26.836624
30.545555
38.195835
38.190144
33.864464
33.414818
40.336483
41.755932
39.042946
41.148426
40.349041
40.294952
37.874424
39.466682
36.684643
59.153301
62.228275
62.904186
60.636696
63.414116
61.713085
65.430527
70.044952
71.584854
58.275772
58.671783
56.665424
52.724384
49.789764
52.662212
58.764633
52.753563
51.634418
54.820412
56.962322
54.099277
63.880390
61.287476
63.606396
57.087910
56.532784
53.003933
61.231171
64.678741
62.862785
57.422989
59.009457
59.121765
61.811020
58.393730
57.513531
45.616501
47.153355
50.348400
51.133858
54.092751
54.501232
56.386681
53.409477
56.320885
66.734222
64.274063
67.914200
68.659760
63.535660
63.654724
68.434151
65.129990
66.041275
65.370117
64.222511
63.480194
59.817814
57.339096
59.060501
55.496910
56.720108
60.719776
56.906181
54.019737
50.817375
45.747059
51.469986
54.362026
56.973618
57.855789
60.053730
59.299583
59.544617
59.886536
60.089619
59.134724
54.825970
56.053490
54.948002
51.247471
59.115780
62.537346
59.154804
56.573673
57.484436
59.676411
60.916710
59.413395
59.863911
62.953918
53.746510
52.718140
45.946880
40.508236
38.491764
40.981747
41.387074
41.293011
45.581753
39.946510
36.723427
43.327827
42.221497
38.969994
40.992184
47.813332
45.898186
49.477589
52.954712
55.286602
60.069069
57.580486
52.592915
57.209557
45.660622
47.693062
61.115242
63.630371
63.821697
65.262756
68.536804
59.413567
58.167839
56.118080
49.857529
60.831779
61.308243
66.109474
66.559647
70.809540
73.586464
69.218918
64.934326
66.793159
54.937195
52.351814
53.473820
51.860481
51.112648
50.344513
49.824055
48.805542
50.636570
54.405403
49.798218
48.596252
46.849079
45.732426
47.334526
39.811260
39.974270
34.788300
37.518246
38.579014
43.344761
41.445385
43.127781
41.124611
42.932442
43.879246
40.816338
35.919746
34.370178
47.268829
45.337677
45.055092
43.680977
51.312572
53.432758
53.601875
59.969788
55.720966
46.792225
45.040817
47.498024
40.964931
45.200790
41.748333
44.310577
31.978210
31.753716
31.220924
29.314781
25.428734
24.682999
21.985466
27.498260
34.524307
35.235939
41.616524
43.378624
43.079712
43.757729
40.103939
41.250568
34.549278
31.838440
53.680347
49.838230
51.635288
50.889935
51.010082
47.387733
44.444286
52.522926
52.654980
47.907921
43.848537
47.049183
50.102371
45.021851
43.885914
49.208389
46.945511
46.385242
31.889290
38.262215
38.396328
40.458904
42.347748
49.429649
49.523754
44.117069
47.080078
41.951775
44.944927
38.452797
42.031288
40.626602
38.968632
43.583946
44.781586
48.343037
51.021950
50.543697
47.855194
50.890247
53.470314
54.978458
54.294205
55.959938
56.133026
48.606636
42.851791
40.627567
44.885590
46.376133
47.017086
54.273220
57.486729
55.822014
59.992615
61.256542
68.720055
69.523254
69.898453
70.649048
68.223091
70.139038
71.115524
79.250183
79.423264
79.999756
82.768372
81.556618
81.410172
74.733917
69.168129
67.000763
47.368877
44.096615
38.423096
38.382416
41.436146
45.866257
39.430061
37.100967
34.808891
25.664726
23.234413
25.283157
25.063110
32.512459
38.957787
34.625732
33.525566
33.292793
45.319931
47.798443
48.593678
46.725784
46.198235
45.232056
40.084324
32.305130
28.233955
29.446297
30.899124
35.561890
36.037079
33.173111
32.419708
36.134384
32.392502
38.557617
55.102776
58.679569
54.664658
52.363724
53.416931
52.794624
46.798523
46.305897
52.240002
61.424744
62.817165
59.258831
53.519024
56.238873
58.239437
61.468719
54.486534
54.855309
38.760136
45.838234
48.802586
49.665276
46.003681
47.959171
48.782013
46.913063
46.551277
52.556805
51.625481
51.410267
46.647831
48.665295
48.514214
47.137989
49.007771
54.225918
53.533337
51.756481
51.418266
53.243988
52.918636
52.188782
55.071152
49.986229
46.361774
66.824791
60.179832
59.844994
61.197247
62.002781
57.790951
50.312908
42.825863
39.079475
33.489540
32.099258
33.636490
31.845505
30.499199
30.321953
25.669243
37.139576
34.968277
31.008598
29.995087
29.376587
24.765388
30.347977
31.516785
33.899269
31.372421
27.895554
41.413330
43.738262
42.604809
43.318871
43.112423
52.050980
53.385887
45.544258
42.681419
45.984711
51.013161
52.067917
55.098812
55.582626
42.864403
55.230537
56.506035
58.926075
47.179909
43.621254
42.762005
45.514511
43.204712
44.468685
48.897671
56.219479
55.607800
60.277645
62.616783
62.204597
63.756020
64.467926
63.708675
63.617916
65.406113
67.848671
60.059860
64.949875
58.091167
57.450535
56.038643
56.513546
53.300983
54.643032
58.267864
66.574753
67.670441
69.837738
69.281982
68.165710
67.220222
64.934097
63.377029
66.697098
64.199570
65.291824
67.694412
63.914013
59.312653
53.593426
49.050301
51.403107
44.936916
30.687424
29.015686
28.262039
33.053123
37.517742
35.299309
36.679226
44.860825
46.262512
58.614353
60.869408
63.074615
62.421890
62.286942
59.501347
57.808399
46.709740
48.444542
59.476379
53.192600
51.709503
55.569794
54.433769
53.333374
54.093201
55.423012
59.561680
48.983330
47.387753
50.830959
50.760170
49.732861
50.862907
47.593693
41.622665
40.296532
46.187672
43.343922
44.460163
41.604122
40.496605
44.256245
49.195984
53.747566
50.576180
57.220383
54.256229
56.430828
53.830341
58.408005
59.070499
63.278328
64.697540
65.939186
68.665482
71.291138
72.289284
72.766754
68.200127
71.637444
74.139328
72.429520
75.227821
79.760178
77.088135
78.207710
75.444519
76.060593
70.244980
70.722969
72.597122
72.844574
59.388149
63.121841
56.458164
57.379173
54.434383
47.992973
46.455566
49.257038
47.649181
52.854004
50.516953
51.932266
50.350586
52.661072
55.023602
55.911343
47.656120
41.420925
50.794083
52.453373
53.044163
54.643406
55.175903
53.792183
49.705616
51.284580
57.195171
60.597649
63.160290
63.316540
59.965973
53.868484
54.103729
52.274437
50.900253
49.508533
64.385361
67.475784
63.798046
64.842781
65.666824
69.027267
70.803696
72.975037
64.075912
50.373726
48.990082
46.956738
43.729088
44.062317
41.633186
41.548424
53.142147
53.087967
48.115227
49.531399
46.009457
44.574242
42.238533
38.703892
40.334339
36.970997
41.872574
31.691666
38.507404
35.333046
36.277348
33.517838
26.560150
34.182457
31.637001
30.016014
20.886986
20.109688
23.879807
23.686394
28.528374
23.455467
21.574852
19.764771
19.059563
14.480835
12.561348
13.530273
15.906784
15.340263
17.116737
16.994812
15.426529
19.651627
28.055786
24.999725
22.929016
21.996269
21.907631
32.942848
35.304359
30.415535
28.577126
37.363380
43.128330
42.600098
41.404827
45.074387
46.404213
48.794693
48.418507
44.707813
30.912834
28.452309
27.325966
25.725037
26.761124
29.323143
27.421463
25.723289
27.518768
35.909866
40.559933
44.249554
41.695217
43.005707
39.359409
41.733150
37.422115
40.725258
44.704021
45.873474
44.368687
44.458790
47.587555
46.765095
49.606930
51.120819
54.717602
65.298767
66.419022
62.161274
62.513439
55.186371
52.077156
54.371517
53.474697
51.267597
31.570839
30.982101
32.103409
34.117943
35.288910
36.055664
41.815426
50.310707
47.044750
35.020798
37.060062
41.082806
47.737858
46.979881
40.663193
39.401276
40.064102
36.698425
40.457569
44.163216
44.349678
47.593307
48.153828
45.391129
50.389534
55.541801
54.492798
68.247284
61.390327
58.841564
58.477230
55.568207
55.668587
50.998745
54.553734
53.772461
58.784988
61.418873
57.959621
61.206120
60.686108
58.015766
61.654121
56.417091
51.747906
38.354092
41.510330
37.055557
37.070934
41.336159
42.007828
41.728409
39.770485
39.422298
26.226952
26.734268
26.192429
24.143555
23.630165
25.396423
24.177452
35.471146
39.828728
38.803841
43.705959
46.539536
41.125561
39.422981
43.354248
50.401981
44.053867
46.441555
46.481216
47.532238
51.353615
51.079613
50.460751
48.689129
44.993031
42.809677
42.518753
47.144356
34.513229
34.637352
35.673592
31.003029
25.199333
28.676308
27.859276
25.296394
45.934383
41.323685
42.818043
44.518730
42.791241
43.181393
47.864353
47.644764
45.749649
58.508694
59.260944
58.652046
59.702995
60.165611
61.053036
62.843964
61.113243
61.842991
60.828053
56.246490
61.302589
67.189621
67.655807
63.501244
61.210659
67.844498
68.846596
51.306332
55.100594
56.496677
55.809952
53.838490
53.392155
49.975018
48.665051
48.555756
38.683891
43.167034
40.497810
39.434269
42.483158
43.603134
49.136078
56.203812
58.808117
45.051098
50.738041
49.688305
48.227463
47.567219
42.555775
41.795929
45.364208
46.812054
44.326775
38.860622
42.591084
37.786282
36.461681
32.297073
29.287613
28.612083
34.707726
48.369797
53.873600
50.890827
52.605652
50.327198
53.404358
54.157505
60.171860
62.296059
69.661774
71.699661
67.875031
68.129395
69.415611
61.002686
60.902843
59.248558
59.923832
49.252773
53.259830
55.718048
58.729107
58.949810
62.511238
66.509575
74.730064
75.401894
73.573013
74.850166
75.462349
66.716927
63.730358
62.149624
61.069344
66.488373
65.101807
58.141407
56.508228
58.751541
58.644409
55.624844
58.622768
57.104542
58.394173
59.319729
56.697315
59.690758
60.491089
62.836285
63.785355
64.921272
59.599812
60.838367
54.596756
46.286564
52.745762
58.881756
59.450729
58.050896
58.421593
54.192223
43.230335
46.872124
41.512283
43.091652
42.998024
36.023869
39.455315
40.345577
38.669498
43.402405
39.687359
44.417068
42.068134
44.367172
47.222176
47.755127
51.742783
49.486965
48.404076
49.917759
50.123344
42.644352
48.881058
50.185135
50.981846
49.590134
57.480614
61.288605
65.102234
72.205688
73.205627
75.845940
77.098938
74.446548
74.925705
77.071976
77.167038
77.902184
80.161705
80.355972
80.759827
81.292587
82.874565
66.138107
67.846268
71.038292
59.285385
49.410660
47.701225
45.686764
43.225609
49.429440
52.005573
54.468723
57.027882
55.063457
49.753025
54.533920
57.875656
56.320953
58.356873
61.060291
61.245678
64.788712
68.860710
77.015259
73.692963
75.364365
77.516266
71.343407
71.357422
67.108139
60.728909
61.373234
63.310623
56.696316
58.055580
58.210052
60.637127
48.467308
50.633537
51.997849
46.495361
56.263821
51.045914
53.447411
57.683475
57.881088
61.280987
61.938473
59.249176
56.209526
50.393616
48.960434
43.830372
42.060181
37.244686
41.058731
40.289131
40.151104
39.263374
42.113453
46.070698
45.333675
43.517937
45.233032
60.828411
58.103180
60.862419
62.936192
62.055176
60.994827
61.083324
61.074532
65.402939
66.908600
60.551071
60.382618
57.373531
69.257111
62.434753
67.586662
57.085575
59.447739
61.629578
60.254314
60.008469
62.300438
58.248882
60.799931
62.274872
61.790211
53.753529
50.420246
59.882492
56.780903
59.515236
65.930969
70.121826
65.589203
65.255447
62.220844
55.438896
55.825211
61.303585
62.914940
59.719090
53.319714
50.027386
45.229904
41.021305
35.733902
36.201706
31.081253
30.488548
39.099258
38.785751
46.618305
44.885368
45.398708
42.497536
39.436672
41.123436
44.083305
37.548626
33.377701
36.639599
33.009689
40.898808
40.143318
36.402878
34.743393
33.800735
21.532150
20.592094
21.065514
21.234558
20.002808
18.566216
17.969742
16.441521
22.631744
29.849472
28.533691
31.555222
28.642136
29.794685
27.870049
32.350662
29.597595
29.208824
23.892235
35.497948
32.711731
35.989601
41.386402
39.458878
40.685070
41.870823
43.285374
54.641434
53.251556
44.386646
48.654400
49.599884
45.913467
50.756401
53.796459
49.845837
54.207535
49.164574
46.101322
44.977379
50.114902
51.940041
44.254829
31.352173
29.826653
24.642914
22.629387
26.025757
25.517509
29.917236
31.754547
34.651573
34.252876
36.440300
48.795120
53.089420
57.061501
56.052166
55.779274
50.546822
46.359241
42.682106
42.483356
39.801762
39.448307
33.868202
41.955082
43.516087
46.513912
45.139400
40.567524
37.328297
29.499008
27.048759
32.326241
31.086777
36.113033
35.136948
34.723625
31.506462
32.596359
44.927845
50.417309
49.525948
48.369507
48.881393
56.301521
59.574387
64.148026
65.821915
39.738136
43.438690
45.096027
43.685364
43.085266
46.641445
47.921597
48.660599
47.130226
51.457611
51.556446
55.458023
55.757751
54.708187
56.656166
51.546829
56.380470
53.326206
46.946194
52.510307
48.978363
48.895187
49.295662
46.859947
52.959316
55.003159
57.178905
57.630177
57.886581
55.504475
52.972206
45.519058
38.870491
45.478226
55.703148
54.604702
62.161488
66.876381
61.992046
63.929760
62.907299
64.232025
61.040024
62.589592
61.421509
70.199257
72.573959
70.018311
70.622879
71.299301
72.192139
76.831123
71.151779
71.869339
73.010513
73.138397
73.573151
76.367126
77.335030
53.632015
52.446766
47.114311
45.530598
43.195389
44.532742
42.541233
41.212231
34.719238
36.916264
38.089146
37.413254
36.292881
43.752178
41.555035
40.995106
37.991280
37.726357
35.699471
38.943718
34.188393
34.292213
22.322594
21.730705
26.571320
30.730759
29.540421
27.401840
27.140968
32.893044
31.809135
27.027275
26.984222
25.826790
28.991417
29.794075
35.465607
42.547417
51.826054
48.235947
49.793556
43.532417
40.778843
40.965157
40.339176
39.616028
37.009438
38.483833
37.767963
32.785316
37.762924
42.523247
41.700508
41.216263
43.834839
44.208408
52.115566
55.228466
46.852135
52.209034
46.748951
46.911846
42.717716
48.615341
36.800247
36.104828
33.816635
31.253250
27.078979
25.141083
19.479645
19.191826
26.588799
25.791321
31.398689
30.252289
30.768547
35.349998
29.453537
34.081985
36.453686
39.047787
42.165775
40.296600
34.578842
48.137703
40.976585
40.324642
45.894951
45.939034
43.851490
40.492779
44.046478
36.023830
29.848892
29.192818
25.843559
38.760685
35.560013
42.724060
44.942089
47.373959
48.986916
39.624535
39.207947
44.462280
43.625938
42.157635
40.740852
38.019791
39.330341
41.456444
51.213078
50.731892
48.457523
44.778584
43.830845
48.104137
50.017921
49.630993
52.359715
42.481289
42.594017
46.435776
49.053471
52.605122
55.081913
55.256989
60.046581
60.164349
72.143509
74.150169
76.072250
76.195801
76.569214
73.849648
75.371506
76.169746
78.048164
71.095566
66.886856
64.458694
66.386070
64.098740
59.462547
60.269585
54.560986
57.792683
63.354477
57.981853
52.781872
51.068562
52.405914
54.284283
53.046402
50.854893
50.666050
45.651058
50.191395
52.637218
49.759914
50.649509
41.385979
35.463562
38.351994
35.322990
33.423912
34.139038
44.596252
43.792442
47.177502
51.634544
43.173782
43.020618
40.361305
35.247124
32.153221
31.001411
36.197590
39.489571
40.767178
35.304604
39.448040
44.763020
38.967918
46.687363
51.234631
48.793274
46.610825
43.192680
45.829803
44.485584
43.404205
46.391190
49.523327
52.303513
53.700951
58.669292
37.976414
43.491405
49.825176
57.212349
62.853237
59.624676
59.765362
63.577774
58.830727
64.716324
63.237553
57.077003
54.558949
57.585876
56.567215
58.297501
59.992130
62.096775
63.251652
66.261353
63.557217
63.749851
71.776566
69.949814
67.660614
67.879288
70.437248
73.326340
69.488098
65.960739
58.694359
59.327744
56.015968
60.179340
57.663963
56.544872
54.754105
52.541565
55.377869
53.996971
46.167049
44.463173
45.790226
49.269562
50.521748
50.091671
55.564407
58.135952
57.232601
41.483517
39.307278
40.568523
42.364368
42.581417
41.878906
56.697727
51.222393
55.001083
60.276028
58.785915
62.618233
65.674149
68.660507
70.719025
68.280563
62.661480
62.893005
65.167770
55.346531
52.974091
51.544422
51.795914
51.037521
63.093124
64.744614
67.271103
69.701805
71.630112
67.157822
68.451569
63.431984
61.935802
63.524620
67.737030
70.028458
64.646545
64.908218
60.299870
57.165813
56.038227
62.998787
61.842091
65.934975
65.336792
50.571674
53.550968
56.064522
55.605835
56.229240
57.414776
61.546860
64.068939
64.251450
63.503288
65.019531
66.031509
66.305908
65.854614
63.566936
66.257385
62.752113
60.743980
73.027786
73.084297
75.214226
75.003548
74.861443
74.012642
54.069614
56.203903
57.823372
59.343304
56.528683
53.404930
55.753098
53.860855
49.533287
49.358208
48.450523
44.047672
33.317635
33.773643
29.856209
26.869202
23.232735
27.173653
40.352329
37.721432
41.881325
53.937271
58.471577
62.200001
63.684189
65.670029
68.408707
71.762337
60.665894
63.858086
67.839935
68.633324
71.085648
68.342903
67.991745
65.402603
60.314064
62.197437
62.273373
63.128082
64.829918
64.874649
65.911537
66.404915
68.056465
69.332123
72.937660
74.735779
62.157097
57.261593
59.568264
60.621544
61.732616
60.502579
59.016228
62.967934
65.150650
60.066471
61.276123
64.600311
62.088463
63.854813
82.776436
84.433189
85.441109
86.060509
88.346771
82.319252
82.471893
82.626518
79.082626
79.317429
80.476387
80.583481
78.308212
80.989090
76.367569
76.559410
77.285446
78.589066
79.023056
81.030884
78.193405
73.266602
72.960838
68.965508
67.214653
69.483002
70.819557
76.458694
70.019043
70.046333
71.027550
59.841446
53.262100
53.568775
51.254150
49.660786
52.544384
44.614307
45.799145
49.101433
58.075909
52.002686
47.505405
47.896988
43.903080
40.073212
46.072712
50.161766
53.929489
63.501671
63.579952
68.424751
63.985470
63.507992
65.473892
61.381023
57.693222
62.549118
53.286160
54.081345
52.258572
50.291286
53.411430
54.041241
59.297718
54.794369
54.756863
56.807640
63.440521
56.119141
52.053547
53.251026
54.553345
56.753765
58.913902
55.870457
53.481781
56.663197
51.580265
51.751328
54.488850
50.905472
55.618290
54.787472
55.103851
66.695038
66.607849
69.506287
69.163483
64.689346
61.007927
59.895409
62.423107
62.778591
58.475960
56.402386
62.918468
60.305946
57.479321
56.494526
57.319927
55.785789
59.023617
44.126331
36.208370
39.970886
38.948563
40.205597
39.226990
39.632381
38.478771
36.451847
36.069691
31.280334
41.643517
46.120235
47.633945
41.508400
40.710503
45.129356
39.111279
51.415272
49.086452
47.706360
48.795883
50.924877
45.027943
47.216431
44.639561
47.516232
59.319244
56.802708
57.183758
61.861366
64.193581
61.986500
62.918396
57.384956
56.579914
58.486507
62.202911
62.583248
62.756454
66.851151
49.197502
54.592476
55.833950
57.060276
53.152599
47.301369
44.169556
46.557999
44.793781
42.313343
44.023300
48.476791
45.627224
49.132637
43.423225
40.287834
40.395962
43.367809
42.829819
35.269135
31.935051
33.074600
32.899750
27.381241
27.342979
26.555351
24.965004
32.582802
29.926651
43.503994
34.852829
36.008446
34.197952
31.181992
30.505417
35.542191
35.974449
39.588287
44.142227
42.064625
45.099182
47.100128
55.746006
53.983421
60.475281
52.531239
54.170269
55.931252
58.142067
45.355637
53.055099
54.322395
51.936340
48.217667
46.736393
47.251232
47.096512
47.531944
50.584110
55.674587
64.326691
64.991104
66.712791
77.979828
81.174614
56.667030
58.644817
53.111942
50.534966
49.386856
52.290302
48.956532
52.753525
53.417450
54.956604
55.109634
43.157608
39.567158
40.216022
41.743496
41.027225
32.810608
25.018929
29.213394
26.549080
23.009354
24.422913
22.075432
26.317856
33.510040
31.485138
33.667610
31.925575
33.114899
38.669144
38.843102
40.255100
39.873619
40.478794
39.492424
39.399899
37.778988
39.364300
35.272308
35.366295
36.749649
35.206398
36.773640
34.575302
34.252861
39.700520
37.506516
52.358753
53.648876
51.309406
55.457832
55.835613
58.402954
56.775814
64.611595
65.622650
69.204674
62.146370
60.059204
57.764297
53.934772
48.018269
39.089603
36.718388
38.412971
41.894619
45.703354
46.754871
43.421486
45.265297
40.688015
37.866398
47.509338
45.886936
54.493679
56.366520
58.812988
58.993835
56.912441
51.899609
47.839935
50.738934
50.652718
45.294727
48.017155
51.134327
52.135914
52.846573
48.135395
46.605820
40.616081
40.245899
40.824425
46.531178
47.642597
45.253830
48.096344
56.283745
59.278088
63.357162
65.259354
45.370121
50.739796
47.672409
46.093914
42.840149
42.100845
57.644234
53.579414
54.968925
58.745457
57.532639
56.744354
57.138241
56.848694
59.191811
71.600731
75.650246
74.260132
60.122944
61.179443
64.991219
61.670532
64.697998
57.066425
68.254562
68.007957
68.114067
70.909584
69.805450
73.155212
72.620621
73.033440
74.109154
68.985710
69.433258
70.620827
70.758087
69.358772
62.670517
62.438705
64.133553
61.677143
58.238228
58.183704
60.780018
59.609112
60.023125
69.351631
59.209576
69.225441
71.445045
73.223343
73.018715
74.961685
75.496399
78.049202
77.433800
80.629562
82.192337
77.612427
65.208572
65.831345
64.432404
64.959381
65.683601
68.018776
68.266190
70.827980
68.256454
73.122482
77.097496
78.178841
79.013474
79.198746
79.609787
79.659714
74.323898
76.680214
80.994743
82.357468
78.434189
80.130890
80.607391
81.544266
66.552216
71.363655
69.364830
70.575233
73.355972
71.665070
67.990242
61.569225
62.884205
66.832123
67.649490
63.313042
64.231262
64.977737
67.585358
68.442726
65.226944
68.340652
64.712051
65.804199
64.236084
58.015694
58.106461
58.524639
60.642090
60.876953
61.238705
65.891632
68.941994
70.934570
70.959396
65.920570
69.236023
70.885818
72.787445
73.458611
74.383705
66.060760
58.069485
34.760468
34.644279
29.690140
25.338615
24.459366
30.670547
32.349281
29.994057
27.599930
40.866688
39.337357
42.305492
38.994099
43.841583
40.743839
43.909382
46.563343
50.735935
52.709427
55.007553
50.900826
49.604252
52.292076
53.152756
51.553547
57.555809
60.576618
62.256184
56.574715
49.921951
52.831268
51.345127
46.469822
46.121258
56.211952
56.565006
55.620575
41.981331
46.953438
48.438820
46.390438
45.746353
48.528580
49.838181
55.563053
59.448845
56.634735
61.549297
51.543068
55.295101
56.212234
53.328110
56.809322
59.122711
61.120804
60.195309
63.544071
60.678936
51.672489
47.568192
55.113308
53.634460
57.185555
48.604923
44.550888
42.575592
41.508270
47.255135
50.196316
56.120964
54.747353
54.332645
43.373577
42.696613
38.301949
44.172802
47.566742
52.391678
49.434433
55.030987
55.713768
55.291927
56.655548
52.647346
57.867313
61.676834
60.896755
65.254135
53.367886
57.432396
74.017479
72.885300
72.083969
69.458054
67.449493
72.769089
67.797806
71.660904
72.280350
58.638939
60.311428
60.330093
60.152168
61.746098
55.672325
57.086353
61.107681
63.404598
51.366657
45.950066
45.952000
47.288090
51.123070
47.926537
50.439560
49.968742
50.706097
48.217319
51.199131
48.685757
47.918800
50.007748
44.547527
46.092175
44.508602
48.958694
59.272243
63.069813
63.773258
58.668953
59.603851
60.245975
63.538464
54.395077
54.120129
68.349625
70.866486
72.527573
67.168755
65.486099
63.265102
58.264038
58.379810
55.355907
45.331337
39.532436
37.940788
33.603134
32.457573
40.943798
40.703629
38.180546
40.151306
45.952763
44.893326
45.443150
45.725979
49.455753
48.538532
51.879314
51.930515
51.170429
56.179504
56.361362
58.755226
58.214466
59.539387
51.750832
59.551788
48.993294
45.928738
52.578259
54.195084
52.437675
54.317860
56.971951
54.035164
55.821659
57.728180
60.970650
66.979843
68.578346
68.550125
69.640717
64.872070
51.576031
46.065037
53.478031
56.198845
38.758270
43.501873
42.653877
40.364418
46.338013
48.453987
49.922184
52.571964
52.876060
54.319500
50.473175
52.891262
51.783436
52.553558
53.919300
53.240582
51.739140
51.366520
32.641449
46.540073
43.718506
47.201294
47.876896
47.933929
46.419865
46.577454
44.442749
34.452278
37.102234
35.512833
36.308430
47.051544
49.417713
45.507412
49.064880
50.424671
57.680050
55.745449
57.011425
58.505348
59.045734
58.724636
64.478790
57.666321
54.774361
56.279976
53.244572
51.966812
44.297615
41.724117
36.652584
30.828804
29.900703
27.557861
50.921944
53.458202
53.090500
54.540306
53.939674
56.622932
54.450455
49.107140
46.855194
43.441784
45.355438
48.572617
49.776039
53.501389
52.928825
45.820633
48.411285
45.676960
53.147812
53.044720
57.675327
57.887814
56.429977
47.216675
49.209702
45.148369
38.321072
33.823387
31.410599
34.767769
35.858337
36.929565
35.827919
44.908447
46.993664
48.484276
62.484554
62.236233
64.001373
64.723633
61.323277
65.998047
68.316711
68.819809
70.247375
74.426788
71.138161
71.717300
64.886337
68.049362
70.878189
69.091255
68.713348
68.676865
71.169052
71.101128
71.762756
67.589432
65.234055
64.263268
56.717247
46.750290
46.401814
47.083298
47.954891
52.811485
53.387611
51.383484
56.400375
56.943024
60.582294
58.390175
56.017029
41.900368
46.366150
48.979710
46.171677
50.349354
58.403393
57.518887
56.579948
26.772865
33.186935
32.012093
39.709827
39.419559
43.601971
36.151169
38.966217
42.978954
27.808861
24.122696
30.196571
28.713524
26.316147
31.402840
30.924271
30.752472
28.567909
37.531967
35.253540
37.235138
41.886112
48.620052
50.887833
49.629166
51.478390
51.272457
45.798294
36.700558
28.616623
32.292122
30.499229
32.183502
34.436340
33.771057
30.880531
40.072964
38.556484
39.483856
39.507885
36.909771
45.920609
49.112648
51.998894
50.228573
57.078415
56.049995
53.015472
47.676640
39.576115
39.307148
36.044033
39.496029
39.653168
35.590538
42.461060
49.370197
48.017166
51.266117
51.982792
53.503784
53.642246
52.832478
64.556686
66.570267
67.242340
67.585068
67.527740
69.453308
64.474869
64.113007
64.654015
66.224365
68.478241
69.823349
69.085510
69.779915
68.453667
67.981689
60.850842
59.222946
59.320431
49.580795
45.250286
49.936993
53.427547
55.550140
59.164085
59.108311
55.895088
37.454166
31.126434
28.010887
27.497017
35.865768
38.097996
38.823372
40.207790
39.667435
48.843678
54.089462
56.069996
59.189877
56.567364
58.451633
57.452961
53.786980
54.229004
59.959469
57.337231
53.830727
53.407101
54.788563
50.440739
51.151535
52.008869
53.958504
61.439453
64.317093
66.846764
67.876595
67.734779
68.597794
71.809021
63.554932
67.893875
77.253891
77.879471
76.262260
78.231369
76.629059
70.300751
71.644096
73.416908
73.040512
72.219948
73.851089
76.385651
76.998116
76.642372
78.261749
78.936203
81.163940
74.505058
76.226021
74.212936
71.943100
72.187683
67.037674
64.452316
64.339348
55.446560
58.138237
63.428379
68.530205
73.040710
74.232018
72.015488
70.752182
63.649399
54.781143
49.904083
46.008224
41.492172
41.541912
46.577744
43.422256
39.465759
43.414951
38.364750
42.706642
48.425346
49.421745
49.955750
50.065872
52.264675
50.203259
49.113464
52.353924
55.020973
